,protein,gene_name,uniprot,AA,Position,score
0,ENSG00000134444,KIAA1468,Q9P260,S,54,0.227691358605686
1,ENSG00000163625,WDFY3,Q8IZQ1,S,3335,0.473709828831889
2,ENSG00000063046,EIF4B,P23588,S,442,0.520717957857245
4,ENSG00000175707,KDF1,Q8NAX2,S,158,0.311919420563762
6,ENSG00000176994,SMCR8,Q8TEV9,S,402,0.208798670759295
8,ENSG00000144426,NBEAL1,Q6ZS30,S,733,0.196315446851113
14,ENSG00000090020,SLC9A1,P19634,T,779,0.438485297085619
17,ENSG00000173137,ADCK5,Q3MIX3,S,42,0.184265082894936
19,ENSG00000163697,APBB2,Q92870,T,339,0.448333769239506
22,ENSG00000077454,LRCH4,O75427,S,313,0.501382088605989
28,ENSG00000118482,PHF3,Q92576,S,1722,0.252918688489763
29,ENSG00000164830,OXR1,Q8N573,S,458,0.222275166363215
30,ENSG00000128815,WDFY4,Q6ZS81,S,1847,0.103434619687252
31,ENSG00000187244,BCAM,P50895,S,596,0.30625170487948
33,ENSG00000051009,FAM160A2,Q8N612,S,510,0.326633670714759
34,ENSG00000167291,TBC1D16,Q8TBP0,S,383,0.367389561864907
35,ENSG00000164144,ARFIP1,P53367,S,17,0.175195574919886
36,ENSG00000173230,GOLGB1,Q14789,S,967,0.245352343019293
38,ENSG00000088367,EPB41L1,Q9H4G0,S,685,0.249959474396785
39,ENSG00000204356,NELFE,P18615,S,138,0.121312759262369
40,ENSG00000123472,ATPAF1,Q5TC12,S,40,0.284870917672465
41,ENSG00000153071,DAB2,P98082,S,676,0.192834951498861
43,ENSG00000171560,FGA,P02671,T,595,0.146818985522094
44,ENSG00000182872,RBM10,P98175,S,733,0.404260335114485
45,ENSG00000198780,FAM169A,Q9Y6X4,S,398,0.157702680335551
46,ENSG00000136643,RPS6KC1,Q96S38,S,427,0.379524206810663
47,ENSG00000101811,CSTF2,P33240,S,120,0.424883293249837
48,ENSG00000015676,NUDCD3,Q8IVD9,S,146,0.379172986440108
54,ENSG00000134569,LRP4,O75096,S,1900,0.135943492222759
58,ENSG00000046604,DSG2,Q14126,Y,783,0.470304032128955
60,ENSG00000120694,HSPH1,Q92598,T,486,0.230993343778533
61,ENSG00000159658,EFCAB14,O75071,S,17,0.183096782921177
63,ENSG00000187535,IFT140,Q96RY7,S,360,0.317487522849215
65,ENSG00000141738,GRB7,Q14451,Y,107,0.338032427518028
68,ENSG00000148175,STOM,P27105,S,244,0.474058805523169
69,ENSG00000166889,PATL1,Q86TB9,S,184,0.526547269791925
70,ENSG00000115825,PRKD3,O94806,S,31,0.469389123172519
71,ENSG00000062650,WAPL,Q7Z5K2,S,156,0.235505449963928
72,ENSG00000196628,TCF4,P15884,S,481,0.105239985232601
76,ENSG00000130396,AFDN,P55196,S,1107,0.307294402443192
79,ENSG00000145734,BDP1,A6H8Y1,S,1403,0.104201263925011
80,ENSG00000124942,AHNAK,Q09666,T,1885,0.0506693935998337
81,ENSG00000044115,CTNNA1,P35221,T,645,0.334033183072269
83,ENSG00000100239,PPP6R2,O75170,S,289,0.285457265073451
84,ENSG00000115524,SF3B1,O75533,T,354,0.652177119013961
85,ENSG00000131016,AKAP12,Q02952,T,1264,0.288856835033987
87,ENSG00000165832,TRUB1,Q8WWH5,S,19,0.457785389706642
90,ENSG00000070882,OSBPL3,Q9H4L5,S,30,0.32360765268677
91,ENSG00000066455,GOLGA5,Q8TBA6,S,130,0.276837001213946
92,ENSG00000155792,DEPTOR,Q8TB45,S,293,0.608288810164109
93,ENSG00000180209,MYLPF,Q96A32,T,10,0.427359284499085
96,ENSG00000198625,MDM4,O15151,S,367,0.958577694327434
97,ENSG00000085552,IGSF9,Q9P2J2,S,797,0.407972511854114
99,ENSG00000196208,GREB1,Q4ZG55,S,317,0.17572708738759
100,ENSG00000072736,NFATC3,Q12968,S,98,0.373604886715081
101,ENSG00000101557,USP14,P54578,S,232,0.282955615942028
102,ENSG00000140464,PML,P29590,S,504,0.628740121238873
105,ENSG00000066422,ZBTB11,O95625,S,449,0.217739634589308
106,ENSG00000163092,XIRP2,A4UGR9,S,2969,0.204962561844938
108,ENSG00000180357,ZNF609,O15014,S,620,0.244404549896691
113,ENSG00000145781,COMMD10,Q9Y6G5,S,155,0.4573161934634
114,ENSG00000136628,EPRS,P07814,S,999,0.207080144181516
115,ENSG00000145725,PPIP5K2,O43314,T,491,0.286925351117273
119,ENSG00000170004,CHD3,Q12873,S,1549,0.393458119362905
120,ENSG00000079616,KIF22,Q14807,S,423,0.387168313294105
123,ENSG00000155324,GRAMD2B,Q96HH9,S,29,0.249021438676806
126,ENSG00000187840,EIF4EBP1,Q13541,S,85,0.27225143435752
127,ENSG00000031003,FAM13B,Q9NYF5,S,6,0.173735571797654
131,ENSG00000163535,SGO2,Q562F6,S,1144,0.384632001798049
132,ENSG00000099991,CABIN1,Q9Y6J0,T,2156,0.19775193783396
133,ENSG00000141644,MBD1,Q9UIS9,S,311,0.387213658829469
134,ENSG00000090565,RAB11FIP3,O75154,S,538,0.183014773355666
136,ENSG00000164327,RICTOR,Q6R327,S,1346,0.231106086013669
137,ENSG00000000457,SCYL3,Q8IZE3,S,569,0.179364134610297
138,ENSG00000115183,TANC1,Q9C0D5,S,1686,0.0606145963033866
143,ENSG00000171345,KRT19,P08727,Y,65,0.698253945209294
144,ENSG00000143970,ASXL2,Q76L83,T,573,0.184907735048996
145,ENSG00000135451,TROAP,Q12815,S,98,0.216808399559407
146,ENSG00000108306,FBXL20,Q96IG2,S,421,0.445518690212637
150,ENSG00000167978,SRRM2,Q9UQ35,S,1348,0.141489451181358
152,ENSG00000161800,RACGAP1,Q9H0H5,S,170,0.384090645718843
155,ENSG00000183840,GPR39,O43194,S,384,0.133972992202882
157,ENSG00000064933,PMS1,P54277,S,673,0.138073331743412
162,ENSG00000163249,CCNYL1,Q8N7R7,S,121,0.200743653088586
163,ENSG00000087274,ADD1,P35611,S,532,0.299744058432205
166,ENSG00000185950,IRS2,Q9Y4H2,Y,675,0.666236882327365
167,ENSG00000196220,SRGAP3,O43295,S,837,0.359366452169913
168,ENSG00000134369,NAV1,Q8NEY1,S,476,0.193457096401666
169,ENSG00000104067,TJP1,Q07157,S,1139,0.154805902456345
170,ENSG00000129003,VPS13C,Q709C8,S,463,0.093827573468907
173,ENSG00000151414,NEK7,Q8TDX7,T,190,0.833923703960216
174,ENSG00000106617,PRKAG2,Q9UGJ0,S,87,0.603853994511525
176,ENSG00000165055,METTL2B,Q6P1Q9,T,154,0.432866736419319
177,ENSG00000106415,GLCCI1,Q86VQ1,S,396,0.354859694673947
179,ENSG00000163013,FBXO41,Q8TF61,T,479,0.308967701243323
184,ENSG00000131584,ACAP3,Q96P50,S,391,0.305194919018714
186,ENSG00000143702,CEP170,Q5SW79,T,1376,0.204250093700408
187,ENSG00000109787,KLF3,P57682,S,222,0.109005496596921
189,ENSG00000172869,DMXL1,Q9Y485,S,1907,0.212215488469051
190,ENSG00000047849,MAP4,P27816,S,713,0.198821841493162
191,ENSG00000076053,RBM7,Q9Y580,S,108,0.453165120552042
192,ENSG00000180357,ZNF609,O15014,S,470,0.223607885704916
193,ENSG00000132382,MYBBP1A,Q9BQG0,T,1196,0.293165229748201
194,ENSG00000133069,TMCC2,O75069,S,75,0.114983960368205
196,ENSG00000152939,MARVELD2,Q8N4S9,S,389,0.131793661633147
201,ENSG00000102241,HTATSF1,O43719,S,557,0.255829335009368
204,ENSG00000198728,LDB1,Q86U70,T,314,0.115920711524557
205,ENSG00000156508,EEF1A1,P68104,T,226,0.10281291963773
206,ENSG00000155393,HEATR3,Q7Z4Q2,S,15,0.406193714861205
208,ENSG00000104881,PPP1R13L,Q8WUF5,S,110,0.564668109779576
209,ENSG00000099992,TBC1D10A,Q9BXI6,S,64,0.266628768931524
211,ENSG00000163006,CCDC138,Q96M89,S,49,0.378969037258873
212,ENSG00000124575,HIST1H1D,P16402,T,18,0.563292120936465
218,ENSG00000049759,NEDD4L,Q96PU5,T,318,0.372732031939233
221,ENSG00000072195,SPEG,Q15772,S,2323,0.0552540193032085
224,ENSG00000117569,PTBP2,Q9UKA9,S,434,0.632119570501804
226,ENSG00000232434,AJM1,C9J069,S,109,0.380110923733588
228,ENSG00000206560,ANKRD28,O15084,S,987,0.117989433757008
229,ENSG00000173065,FAM222B,Q8WU58,S,296,0.296268139390223
233,ENSG00000131725,WDR44,Q5JSH3,S,199,0.236795648118365
235,ENSG00000171853,TRAPPC12,Q8WVT3,S,276,0.30816000117834
238,ENSG00000167978,SRRM2,Q9UQ35,S,890,0.265001110020883
240,ENSG00000140323,DISP2,A7MBM2,S,1173,0.400893458361057
242,ENSG00000028116,VRK2,Q86Y07,T,336,0.412077183207378
244,ENSG00000106125,MINDY4,Q4G0A6,S,392,0.28455828853458
247,ENSG00000039319,ZFYVE16,Q7Z3T8,S,903,0.263927201498382
248,ENSG00000140836,ZFHX3,Q15911,T,1588,0.0819913676751975
250,ENSG00000100266,PACSIN2,Q9UNF0,S,313,0.536171803266761
251,ENSG00000111731,C2CD5,Q86YS7,T,818,0.3346514341324
253,ENSG00000110435,PDHX,O00330,S,162,0.391056855225287
254,ENSG00000029725,RABEP1,Q15276,S,416,0.203928684676103
255,ENSG00000197555,SIPA1L1,O43166,S,1700,0.0552440829101978
258,ENSG00000170390,DCLK2,Q8N568,S,55,0.149812697539335
261,ENSG00000263001,GTF2I,P78347,S,831,0.334663331942446
264,ENSG00000117394,SLC2A1,P11166,T,234,0.473520430143942
266,ENSG00000171100,MTM1,Q13496,S,588,0.491672694998589
267,ENSG00000148773,MKI67,P46013,S,2638,0.176528466459526
268,ENSG00000107140,TESK1,Q15569,S,440,0.126680145807773
269,ENSG00000117114,ADGRL2,O95490,S,1374,0.24246700217826
272,ENSG00000047648,ARHGAP6,O43182,S,939,0.304859960998446
275,ENSG00000124126,PREX1,Q8TCU6,S,1049,0.0855629869875073
276,ENSG00000117020,AKT3,Q9Y243,S,474,0.470823431143059
277,ENSG00000182504,CEP97,Q8IW35,S,416,0.410846479275816
278,ENSG00000091039,OSBPL8,Q9BZF1,S,68,0.571470067591612
279,ENSG00000166004,CEP295,Q9C0D2,S,1388,0.0921585728538069
280,ENSG00000101811,CSTF2,P33240,T,507,0.0763708919186213
281,ENSG00000140332,TLE3,Q04726,T,321,0.588957653718964
282,ENSG00000163629,PTPN13,Q12923,S,301,0.128068388915867
283,ENSG00000149547,EI24,O14681,S,320,0.450628262464208
284,ENSG00000151474,FRMD4A,Q9P2Q2,S,653,0.216740239153232
286,ENSG00000033030,ZCCHC8,Q6NZY4,S,500,0.402639768985354
288,ENSG00000164830,OXR1,Q8N573,S,388,0.217229960337069
289,ENSG00000196208,GREB1,Q4ZG55,S,320,0.368029429588633
290,ENSG00000099308,MAST3,O60307,S,898,0.154598701752139
291,ENSG00000026025,VIM,P08670,S,42,0.789648887050301
292,ENSG00000139132,FGD4,Q96M96,S,702,0.227706243564261
294,ENSG00000131711,MAP1B,P46821,S,1322,0.35847471707348
295,ENSG00000088833,NSFL1C,Q9UNZ2,S,271,0.258648495889833
296,ENSG00000156011,PSD3,Q9NYI0,S,562,0.120918300080354
297,ENSG00000066933,MYO9A,B2RTY4,S,1307,0.227342568751369
301,ENSG00000167978,SRRM2,Q9UQ35,S,1336,0.225925262403655
304,ENSG00000228300,C19orf24,Q9BVV8,S,120,0.832473252690586
306,ENSG00000115966,ATF2,P15336,S,136,0.304686779174784
307,ENSG00000054611,TBC1D22A,Q8WUA7,S,171,0.299870384712186
309,ENSG00000109756,RAPGEF2,Q9Y4G8,S,585,0.558361889678103
310,ENSG00000127947,PTPN12,Q05209,T,573,0.303251908889929
311,ENSG00000162409,PRKAA2,P54646,S,481,0.366579342747526
315,ENSG00000124942,AHNAK,Q09666,S,212,0.275150371233477
318,ENSG00000184867,ARMCX2,Q7L311,S,238,0.456319273118031
319,ENSG00000204219,TCEA3,O75764,S,164,0.429130773430916
320,ENSG00000198053,SIRPA,P78324,Y,429,0.959701385418183
322,ENSG00000138434,SSFA2,P28290,T,1158,0.248406246716431
323,ENSG00000134780,DAGLA,Q9Y4D2,S,954,0.21353591114142
324,ENSG00000072501,SMC1A,Q14683,S,962,0.279533198935616
326,ENSG00000214944,ARHGEF28,Q8N1W1,S,736,0.0567899693563072
328,ENSG00000105523,FAM83E,Q2M2I3,S,319,0.451361652562606
330,ENSG00000121297,TSHZ3,Q63HK5,S,336,0.127159554823168
331,ENSG00000023516,AKAP11,Q9UKA4,S,1619,0.175535001570708
333,ENSG00000100485,SOS2,Q07890,S,1299,0.137934050108702
334,ENSG00000139436,GIT2,Q14161,S,634,0.226900042919656
335,ENSG00000099331,MYO9B,Q13459,S,1935,0.394978334866944
336,ENSG00000141027,NCOR1,O75376,S,1952,0.292799624540482
338,ENSG00000130723,PRRC2B,Q5JSZ5,S,2153,0.163136049742337
339,ENSG00000154229,PRKCA,P17252,S,120,0.116575929186496
340,ENSG00000164465,DCBLD1,Q8N8Z6,T,614,0.40893073671017
342,ENSG00000125450,NUP85,Q9BW27,S,652,0.196416784671616
345,ENSG00000171723,GPHN,Q9NQX3,S,270,0.641144260620595
347,ENSG00000012048,BRCA1,P38398,S,632,0.107204057316205
349,ENSG00000122122,SASH3,O75995,S,26,0.512909146031454
350,ENSG00000163104,SMARCAD1,Q9H4L7,S,95,0.275574217497856
354,ENSG00000152128,TMEM163,Q8TC26,S,61,0.34527793644224
362,ENSG00000161681,SHANK1,Q9Y566,S,2000,0.271317922092172
363,ENSG00000103966,EHD4,Q9H223,T,409,0.230261935872584
364,ENSG00000116539,ASH1L,Q9NR48,S,179,0.171830711813896
366,ENSG00000119397,CNTRL,Q7Z7A1,S,1103,0.057058983137295
373,ENSG00000078061,ARAF,P10398,S,186,0.476137103753447
375,ENSG00000163875,MEAF6,Q9HAF1,T,124,0.429627138431244
376,ENSG00000074590,NUAK1,O60285,S,444,0.229427858445084
378,ENSG00000135917,SLC19A3,Q9BZV2,S,472,0.222437220966373
380,ENSG00000149182,ARFGAP2,Q8N6H7,S,237,0.356945918984942
381,ENSG00000102144,PGK1,P00558,S,415,0.330036087421334
386,ENSG00000012048,BRCA1,P38398,S,434,0.194763416720921
392,ENSG00000129315,CCNT1,O60563,S,577,0.394465069833634
393,ENSG00000162105,SHANK2,Q9UPX8,S,720,0.521990232742434
396,ENSG00000140265,ZSCAN29,Q8IWY8,S,137,0.290695216801739
398,ENSG00000228672,PROB1,E7EW31,S,862,0.194933392143451
399,ENSG00000125482,TTF1,Q15361,T,12,0.352898378979403
401,ENSG00000184363,PKP3,Q9Y446,S,220,0.373855310388143
403,ENSG00000143970,ASXL2,Q76L83,S,439,0.108145408472332
404,ENSG00000136628,EPRS,P07814,S,880,0.498011091158586
406,ENSG00000135837,CEP350,Q5VT06,T,878,0.377870678439683
408,ENSG00000011405,PIK3C2A,O00443,T,614,0.284521540419499
410,ENSG00000159055,MIS18A,Q9NYP9,S,40,0.331633044544583
418,ENSG00000265972,TXNIP,Q9H3M7,S,361,0.396402247885445
419,ENSG00000258890,CEP95,Q96GE4,S,419,0.381833472382399
420,ENSG00000164327,RICTOR,Q6R327,S,1035,0.368925467449242
422,ENSG00000171617,ENC1,O14682,S,406,0.278850282323815
423,ENSG00000136861,CDK5RAP2,Q96SN8,S,1893,0.244367215129261
424,ENSG00000169621,APLF,Q8IW19,S,116,0.212891390466926
426,ENSG00000120314,WDR55,Q9H6Y2,S,382,0.581693111795434
427,ENSG00000020577,SAMD4A,Q9UPU9,S,183,0.374885891591201
428,ENSG00000156599,ZDHHC5,Q9C0B5,T,454,0.456534922774214
432,ENSG00000074054,CLASP1,Q7Z460,S,731,0.424139281449546
435,ENSG00000111725,PRKAB1,Q9Y478,S,181,0.431867666446465
436,ENSG00000078687,TNRC6C,Q9HCJ0,T,777,0.16476117774323
440,ENSG00000178695,KCTD12,Q96CX2,Y,119,0.441875183725585
442,ENSG00000138162,TACC2,O95359,T,2458,0.259199695830408
443,ENSG00000101040,ZMYND8,Q9ULU4,S,1153,0.0895309956513659
447,ENSG00000170471,RALGAPB,Q86X10,S,377,0.205557807700779
448,ENSG00000178950,GAK,O14976,S,817,0.204796379942686
449,ENSG00000158985,CDC42SE2,Q9NRR3,S,43,0.300405240519099
450,ENSG00000139116,KIF21A,Q7Z4S6,S,855,0.255220209302149
451,ENSG00000184828,ZBTB7C,A1YPR0,S,215,0.264285764037292
452,ENSG00000047648,ARHGAP6,O43182,S,384,0.145857722059023
454,ENSG00000156675,RAB11FIP1,Q6WKZ4,S,300,0.312093972218744
455,ENSG00000217128,FNIP1,Q8TF40,S,763,0.424742859706111
456,ENSG00000196924,FLNA,P21333,S,2163,0.18656749894797
461,ENSG00000115977,AAK1,Q2M2I8,T,674,0.495208805700103
462,ENSG00000079308,TNS1,Q9HBL0,S,855,0.1591124898404
465,ENSG00000169251,NMD3,Q96D46,T,470,0.528001177200284
467,ENSG00000123268,ATF1,P18846,S,186,0.324825696737125
469,ENSG00000125850,OVOL2,Q9BRP0,S,267,0.312255655783118
470,ENSG00000143674,MAP3K21,Q5TCX8,S,114,0.300392425377515
476,ENSG00000048991,R3HDM1,Q15032,S,299,0.368904551287532
477,ENSG00000055118,KCNH2,Q12809,S,320,0.241700399839425
478,ENSG00000099991,CABIN1,Q9Y6J0,S,2093,0.0569308039830039
479,ENSG00000185950,IRS2,Q9Y4H2,S,550,0.218827467890723
482,ENSG00000163344,PMVK,Q15126,S,15,0.355528610108455
484,ENSG00000164323,CFAP97,Q9P2B7,S,218,0.594049062590886
485,ENSG00000113013,HSPA9,P38646,S,376,0.38172273959595
488,ENSG00000176853,FAM91A1,Q658Y4,S,754,0.24610433011917
489,ENSG00000170242,USP47,Q96K76,S,967,0.110100626347209
492,ENSG00000100968,NFATC4,Q14934,S,142,0.202086070805432
493,ENSG00000243156,MICAL3,Q7RTP6,S,687,0.294543799541518
496,ENSG00000174720,LARP7,Q4G0J3,S,299,0.442145974870829
497,ENSG00000111859,NEDD9,Q14511,Y,92,0.556752206858022
498,ENSG00000141027,NCOR1,O75376,S,2151,0.606130001817531
499,ENSG00000100296,THOC5,Q13769,S,16,0.312949416363665
500,ENSG00000027869,SH2D2A,Q9NP31,S,296,0.480129500853912
504,ENSG00000076003,MCM6,Q14566,S,802,0.189642457938728
506,ENSG00000100941,PNN,Q9H307,S,443,0.45952620886413
507,ENSG00000057252,SOAT1,P35610,S,86,0.142372948643329
508,ENSG00000120708,TGFBI,Q15582,S,37,0.441002431042984
509,ENSG00000137962,ARHGAP29,Q52LW3,S,179,0.27780545630039
510,ENSG00000011523,CEP68,Q76N32,S,126,0.117060941975205
511,ENSG00000143569,UBAP2L,Q14157,S,317,0.0961436574936802
513,ENSG00000170873,MTSS1,O43312,S,292,0.123339318384022
515,ENSG00000170471,RALGAPB,Q86X10,S,469,0.151584363353567
518,ENSG00000168724,DNAJC21,Q5F1R6,S,514,0.39238601083983
519,ENSG00000110955,ATP5F1B,P06576,S,465,0.704565674545384
524,ENSG00000163719,MTMR14,Q8NCE2,S,415,0.674848433107265
525,ENSG00000169635,HIC2,Q96JB3,S,348,0.22028994450958
526,ENSG00000106665,CLIP2,Q9UDT6,S,160,0.110822824186869
527,ENSG00000176619,LMNB2,Q03252,S,553,0.18377797050244
528,ENSG00000004766,VPS50,Q96JG6,S,546,0.3334024214971
531,ENSG00000081189,MEF2C,Q06413,S,228,0.57307725694271
532,ENSG00000117533,VAMP4,O75379,S,17,0.406643393183788
534,ENSG00000124942,AHNAK,Q09666,S,470,0.0741649880390165
535,ENSG00000101361,NOP56,O00567,S,467,0.380492951575308
537,ENSG00000092295,TGM1,P22735,T,21,0.0961463652950162
538,ENSG00000086758,HUWE1,Q7Z6Z7,T,1928,0.13478925868397
539,ENSG00000093167,LRRFIP2,Q9Y608,S,260,0.564441896958445
540,ENSG00000154447,SH3RF1,Q7Z6J0,S,801,0.40412195920202
541,ENSG00000141101,NOB1,Q9ULX3,S,352,0.661022540806977
542,ENSG00000139990,DCAF5,Q96JK2,T,650,0.159204480226897
543,ENSG00000185340,GAS2L1,Q99501,T,193,0.242377576844566
544,ENSG00000044446,PHKA2,P46019,S,1015,0.402078168294348
546,ENSG00000122547,EEPD1,Q7L9B9,S,102,0.0896162280897624
547,ENSG00000074657,ZNF532,Q9HCE3,T,439,0.262311218163504
548,ENSG00000164684,ZNF704,Q6ZNC4,S,294,0.345552714555919
551,ENSG00000172977,KAT5,Q92993,S,203,0.331386712580246
552,ENSG00000087087,SRRT,Q9BXP5,S,540,0.238192400465177
553,ENSG00000163629,PTPN13,Q12923,S,1629,0.203010344554276
556,ENSG00000149532,CPSF7,Q8N684,S,409,0.330228258843735
558,ENSG00000189159,JPT1,Q9UK76,S,115,0.345161543675211
559,ENSG00000144381,HSPD1,P10809,S,499,0.190535093877036
560,ENSG00000234545,FAM133B,Q5BKY9,S,191,0.445112243088983
561,ENSG00000111077,TNS2,Q63HR2,S,466,0.350502974071959
562,ENSG00000165494,PCF11,O94913,S,181,0.179772388736462
563,ENSG00000124942,AHNAK,Q09666,T,146,0.1682892239825
564,ENSG00000152583,SPARCL1,Q14515,S,413,0.163143294331064
568,ENSG00000048991,R3HDM1,Q15032,S,347,0.137949572514429
570,ENSG00000099625,CBARP,Q8N350,S,341,0.557412659307433
572,ENSG00000100888,CHD8,Q9HCK8,S,553,0.291970106729029
573,ENSG00000160058,BSDC1,Q9NW68,S,392,0.424996645828692
575,ENSG00000104812,GYS1,P13807,S,710,0.412200093645614
576,ENSG00000138347,MYPN,Q86TC9,S,683,0.107099047651587
579,ENSG00000124783,SSR1,P43307,S,74,0.146652508307334
581,ENSG00000090615,GOLGA3,Q08378,S,290,0.106327462279046
582,ENSG00000184588,PDE4B,Q07343,S,319,0.248360299502171
583,ENSG00000104626,ERI1,Q8IV48,S,62,0.354565333365138
584,ENSG00000173166,RAPH1,Q70E73,S,1012,0.464745110107276
585,ENSG00000119321,FKBP15,Q5T1M5,S,320,0.163240913748808
587,ENSG00000115355,CCDC88A,Q3V6T2,T,1819,0.184821217645937
591,ENSG00000176531,PHLDB3,Q6NSJ2,S,6,0.150602048582796
593,ENSG00000184363,PKP3,Q9Y446,Y,390,0.510628334990321
597,ENSG00000101152,DNAJC5,Q9H3Z4,S,12,0.465934850896069
599,ENSG00000178385,PLEKHM3,Q6ZWE6,S,350,0.23506854585756
601,ENSG00000136643,RPS6KC1,Q96S38,S,528,0.146713180506136
602,ENSG00000174059,CD34,P28906,S,346,0.239780746815846
604,ENSG00000196924,FLNA,P21333,S,204,0.0450651709453026
605,ENSG00000137868,STRA6,Q9BX79,S,247,0.418573552523368
609,ENSG00000143702,CEP170,Q5SW79,S,313,0.242672988865085
611,ENSG00000085552,IGSF9,Q9P2J2,S,809,0.400903295726744
612,ENSG00000115904,SOS1,Q07889,S,1275,0.365197354366366
613,ENSG00000163092,XIRP2,A4UGR9,S,2530,0.192310583269551
615,ENSG00000010818,HIVEP2,P31629,S,166,0.250187452892078
618,ENSG00000112640,PPP2R5D,Q14738,T,538,0.470401938251988
620,ENSG00000166477,LEO1,Q8WVC0,S,294,0.478328584586857
621,ENSG00000146872,TLK2,Q86UE8,S,115,0.455985176141429
623,ENSG00000143776,CDC42BPA,Q5VT25,S,940,0.100730146929469
625,ENSG00000155008,APOOL,Q6UXV4,S,256,0.16039860049891
627,ENSG00000173702,MUC13,Q9H3R2,S,482,0.194630077361867
628,ENSG00000169641,LUZP1,Q86V48,T,958,0.400629527850698
629,ENSG00000001629,ANKIB1,Q9P2G1,S,438,0.0902851630817483
633,ENSG00000134755,DSC2,Q02487,Y,839,0.452426970872398
634,ENSG00000034053,APBA2,Q99767,S,208,0.243356369592761
635,ENSG00000082258,CCNT2,O60583,S,480,0.701415143311069
636,ENSG00000115504,EHBP1,Q8N3D4,S,245,0.247229305066705
637,ENSG00000118689,FOXO3,O43524,S,574,0.453854756097321
638,ENSG00000185247,MAGEA11,P43364,S,208,0.476644265452033
640,ENSG00000067369,TP53BP1,Q12888,T,1647,0.238609668123611
642,ENSG00000137200,CMTR1,Q8N1G2,S,63,0.274294500801087
643,ENSG00000106078,COBL,O75128,S,1227,0.13912520556511
644,ENSG00000137145,DENND4C,Q5VZ89,S,1296,0.0864128700117602
645,ENSG00000049323,LTBP1,Q14766,S,1415,0.176858956678905
646,ENSG00000101187,SLCO4A1,Q96BD0,S,40,0.544646734671871
647,ENSG00000189420,ZFP92,A6NM28,S,400,0.232025217023836
648,ENSG00000133226,SRRM1,Q8IYB3,T,778,0.325061239311872
650,ENSG00000215421,ZNF407,Q9C0G0,S,1262,0.142694841142668
651,ENSG00000104915,STX10,O60499,S,108,0.588655409381926
655,ENSG00000152767,FARP1,Q9Y4F1,T,883,0.231232781150937
657,ENSG00000124942,AHNAK,Q09666,S,3509,0.0678799089503079
659,ENSG00000155380,SLC16A1,P53985,S,498,0.571235279545152
660,ENSG00000107164,FUBP3,Q96I24,S,539,0.423684122719267
662,ENSG00000137221,TJAP1,Q5JTD0,S,526,0.102955937097264
663,ENSG00000135631,RAB11FIP5,Q9BXF6,S,418,0.16200353032179
664,ENSG00000116675,DNAJC6,O75061,T,696,0.184256217547601
665,ENSG00000079482,OPHN1,O60890,Y,370,0.594940386834176
667,ENSG00000085433,WDR47,O94967,S,344,0.109339016961056
669,ENSG00000163697,APBB2,Q92870,T,312,0.154507903185389
672,ENSG00000148843,PDCD11,Q14690,S,438,0.203467231099911
673,ENSG00000186517,ARHGAP30,Q7Z6I6,S,384,0.24763742509683
675,ENSG00000182504,CEP97,Q8IW35,S,445,0.189076831433116
677,ENSG00000103365,GGA2,Q9UJY4,S,284,0.433415047921405
678,ENSG00000101557,USP14,P54578,S,228,0.27553822266036
679,ENSG00000144161,ZC3H8,Q8N5P1,T,32,0.474282091008051
681,ENSG00000171467,ZNF318,Q5VUA4,S,688,0.3317302745081
685,ENSG00000183134,PTGDR2,Q9Y5Y4,S,331,0.406718800611638
686,ENSG00000111247,RAD51AP1,Q96B01,S,327,0.606164135006107
687,ENSG00000167880,EVPL,Q92817,S,971,0.172549635639558
688,ENSG00000127831,VIL1,P09327,S,219,0.174417586583422
690,ENSG00000164985,PSIP1,O75475,S,500,0.2848423710428
693,ENSG00000179292,TMEM151A,Q8N4L1,S,423,0.254674374273248
694,ENSG00000099331,MYO9B,Q13459,Y,2140,0.372325971097166
695,ENSG00000180535,BHLHA15,Q7RTS1,T,25,0.20188411833285
696,ENSG00000104824,HNRNPL,P14866,S,258,0.0821083809150634
697,ENSG00000105325,FZR1,Q9UM11,S,70,0.615845214012098
698,ENSG00000161021,MAML1,Q92585,S,303,0.35537509037673
701,ENSG00000177731,FLII,Q13045,T,409,0.167326860995577
702,ENSG00000138193,PLCE1,Q9P212,S,2273,0.122013518956077
704,ENSG00000085552,IGSF9,Q9P2J2,T,972,0.39833413414244
705,ENSG00000167978,SRRM2,Q9UQ35,S,1232,0.228066633618437
706,ENSG00000064042,LIMCH1,Q9UPQ0,S,225,0.291522120837314
708,ENSG00000165025,SYK,P43405,Y,323,0.493869434712697
709,ENSG00000112297,CRYBG1,Q9Y4K1,T,20,0.192403511953792
710,ENSG00000102302,FGD1,P98174,S,48,0.458253298392899
713,ENSG00000166963,MAP1A,P78559,T,2058,0.238218937997081
716,ENSG00000079313,REXO1,Q8N1G1,S,499,0.294583892420209
722,ENSG00000149115,TNKS1BP1,Q9C0C2,S,1031,0.0653114736377819
723,ENSG00000167815,PRDX2,P32119,S,112,0.575577881984662
724,ENSG00000082898,XPO1,O14980,S,395,0.311419234017151
725,ENSG00000139990,DCAF5,Q96JK2,T,500,0.337216377112676
726,ENSG00000116337,AMPD2,Q01433,T,117,0.37934070360664
727,ENSG00000155093,PTPRN2,Q92932,S,704,0.499409758809
730,ENSG00000184083,FAM120C,Q9NX05,S,1021,0.222397441190375
733,ENSG00000135334,AKIRIN2,Q53H80,S,57,0.417110045903814
735,ENSG00000136280,CCM2,Q9BSQ5,S,183,0.159392510826495
737,ENSG00000116539,ASH1L,Q9NR48,S,1630,0.232936695343706
738,ENSG00000181555,SETD2,Q9BYW2,S,1952,0.225328943265406
740,ENSG00000072135,PTPN18,Q99952,T,393,0.443117080069429
743,ENSG00000243156,MICAL3,Q7RTP6,S,1797,0.267360654882155
746,ENSG00000135525,MAP7,Q14244,T,673,0.328914191491556
749,ENSG00000186517,ARHGAP30,Q7Z6I6,S,994,0.147169509578848
750,ENSG00000035403,VCL,P18206,S,443,0.229123003331879
751,ENSG00000075651,PLD1,Q13393,S,505,0.314916912918302
752,ENSG00000145284,SCD5,Q86SK9,S,27,0.131819525492314
754,ENSG00000115457,IGFBP2,P18065,S,154,0.156762681259388
756,ENSG00000052749,RRP12,Q5JTH9,S,92,0.0890840456468256
757,ENSG00000237441,RGL2,O15211,S,737,0.452463800119019
758,ENSG00000164830,OXR1,Q8N573,S,343,0.127741404647477
759,ENSG00000085733,CTTN,Q14247,S,109,0.383007072163559
760,ENSG00000136205,TNS3,Q68CZ2,S,732,0.305478096088271
762,ENSG00000169047,IRS1,P35568,S,1005,0.284331621856997
766,ENSG00000234545,FAM133B,Q5BKY9,S,192,0.559164975176355
767,ENSG00000085433,WDR47,O94967,S,183,0.201452131631404
769,ENSG00000197136,PCNX3,Q9H6A9,S,1909,0.188527574250423
770,ENSG00000133392,MYH11,P35749,T,1386,0.0479763475334978
771,ENSG00000198171,DDRGK1,Q96HY6,S,114,0.164308769551468
775,ENSG00000141424,SLC39A6,Q13433,T,479,0.347394674036345
776,ENSG00000154914,USP43,Q70EL4,S,848,0.193226694011921
778,ENSG00000130726,TRIM28,Q13263,S,471,0.396494576722296
780,ENSG00000104133,SPG11,Q96JI7,T,1956,0.216080102750692
782,ENSG00000170776,AKAP13,Q12802,S,2402,0.291175562027422
783,ENSG00000150477,KIAA1328,Q86T90,S,65,0.116781567072136
784,ENSG00000100207,TCF20,Q9UGU0,S,543,0.0696781217827418
787,ENSG00000171634,BPTF,Q12830,S,1615,0.0665854668542878
789,ENSG00000137145,DENND4C,Q5VZ89,S,1003,0.122414250796952
793,ENSG00000142784,WDTC1,Q8N5D0,S,662,0.257442532556966
797,ENSG00000272333,KMT2B,Q9UMN6,S,2270,0.173569638227654
799,ENSG00000172020,GAP43,P17677,S,96,0.1066020223065
802,ENSG00000092203,TOX4,O94842,T,176,0.640857995878849
803,ENSG00000115966,ATF2,P15336,S,437,0.178027271029923
804,ENSG00000105699,LSR,Q86X29,S,512,0.461492864305635
805,ENSG00000014164,ZC3H3,Q8IXZ2,S,810,0.19080981133199
809,ENSG00000153827,TRIP12,Q14669,S,1577,0.34411185539906
812,ENSG00000167173,C15orf39,Q6ZRI6,S,116,0.180742118324071
813,ENSG00000005156,LIG3,P49916,S,848,0.116052957959161
814,ENSG00000180263,FGD6,Q6ZV73,S,228,0.290512568838247
815,ENSG00000187690,CXorf67,Q86X51,S,412,0.203527520129825
816,ENSG00000103034,NDRG4,Q9ULP0,S,338,0.157825108921916
817,ENSG00000166716,ZNF592,Q92610,S,146,0.466942814079142
818,ENSG00000101161,PRPF6,O94906,T,266,0.298933680800758
819,ENSG00000111816,FRK,P42685,S,37,0.456031232962987
820,ENSG00000169446,MMGT1,Q8N4V1,S,120,0.334880127101642
821,ENSG00000170471,RALGAPB,Q86X10,T,379,0.438935770433668
823,ENSG00000067369,TP53BP1,Q12888,S,301,0.271996380370509
824,ENSG00000099812,MISP,Q8IVT2,S,78,0.434793967602771
825,ENSG00000147459,DOCK5,Q9H7D0,S,1671,0.312757891788827
826,ENSG00000133858,ZFC3H1,O60293,S,953,0.256909855819581
828,ENSG00000171940,ZNF217,O75362,T,322,0.252903109732465
830,ENSG00000198198,SZT2,Q5T011,S,1386,0.069364867586522
831,ENSG00000090975,PITPNM2,Q9BZ72,S,702,0.120659320457348
832,ENSG00000041802,LSG1,Q9H089,S,97,0.358635101523467
836,ENSG00000176619,LMNB2,Q03252,S,420,0.551043353673179
837,ENSG00000168517,HEXIM2,Q96MH2,S,51,0.494968833323829
840,ENSG00000087206,UIMC1,Q96RL1,S,140,0.483226600841082
842,ENSG00000134333,LDHA,P00338,T,18,0.467411954159294
846,ENSG00000053254,FOXN3,O00409,S,349,0.345326308638023
847,ENSG00000139218,SCAF11,Q99590,S,352,0.0478166953433363
848,ENSG00000112759,SLC29A1,Q99808,S,273,0.555088958435464
850,ENSG00000113645,WWC1,Q8IX03,S,255,0.203752580311185
853,ENSG00000058866,DGKG,P49619,S,153,0.187732385013338
854,ENSG00000224470,ATXN1L,P0C7T5,S,361,0.404320922625728
857,ENSG00000099822,HCN2,Q9UL51,S,754,0.287615444383385
860,ENSG00000196531,NACA,E9PAV3,S,1388,0.162221680880997
863,ENSG00000165671,NSD1,Q96L73,S,224,0.223568996320418
865,ENSG00000163939,PBRM1,Q86U86,S,1405,0.340469830472614
866,ENSG00000142694,EVA1B,Q9NVM1,T,94,0.118020746595909
867,ENSG00000162636,FAM102B,Q5T8I3,S,317,0.159811641665305
868,ENSG00000177303,CASKIN2,Q8WXE0,S,700,0.365544075059639
869,ENSG00000107282,APBA1,Q02410,S,248,0.395026771037481
870,ENSG00000136929,HEMGN,Q9BXL5,S,123,0.357806753793
871,ENSG00000105738,SIPA1L3,O60292,S,451,0.14500945773676
872,ENSG00000197714,ZNF460,Q14592,S,275,0.506659653680728
873,ENSG00000185950,IRS2,Q9Y4H2,Y,823,0.65858759493652
875,ENSG00000102048,ASB9,Q96DX5,S,243,0.287762454648665
878,ENSG00000163249,CCNYL1,Q8N7R7,T,125,0.410310413933791
879,ENSG00000089094,KDM2B,Q8NHM5,S,975,0.291207595417648
880,ENSG00000161547,SRSF2,Q01130,S,101,0.464458074828228
881,ENSG00000100731,PCNX1,Q96RV3,S,198,0.0890486911523046
882,ENSG00000160218,TRAPPC10,P48553,S,573,0.15435890851335
883,ENSG00000198624,CCDC69,A6NI79,S,241,0.249504645132903
885,ENSG00000105879,CBLL1,Q75N03,S,290,0.437284852338119
886,ENSG00000155850,SLC26A2,P50443,S,35,0.37836046563689
887,ENSG00000272333,KMT2B,Q9UMN6,T,172,0.261790604697839
888,ENSG00000105287,PRKD2,Q9BZL6,S,225,0.259281637519424
891,ENSG00000104112,SCG3,Q8WXD2,S,37,0.223630272533012
892,ENSG00000120896,SORBS3,O60504,S,299,0.40779489394583
895,ENSG00000104067,TJP1,Q07157,S,303,0.069383339279956
896,ENSG00000156599,ZDHHC5,Q9C0B5,S,577,0.28504202236391
899,ENSG00000088367,EPB41L1,Q9H4G0,S,44,0.12122776600693
903,ENSG00000181163,NPM1,P06748,S,222,0.502585447537566
904,ENSG00000198883,PNMA5,Q96PV4,S,128,0.142992185503169
905,ENSG00000110025,SNX15,Q9NRS6,T,148,0.284867697217433
906,ENSG00000130939,UBE4B,O95155,S,143,0.248739020101898
907,ENSG00000198276,UCKL1,Q9NWZ5,S,13,0.422731884306482
909,ENSG00000147041,SYTL5,Q8TDW5,S,211,0.516088133706918
912,ENSG00000139718,SETD1B,Q9UPS6,S,398,0.265635462681708
913,ENSG00000115966,ATF2,P15336,T,71,0.856869023348262
914,ENSG00000013810,TACC3,Q9Y6A5,T,59,0.669100159596113
915,ENSG00000163191,S100A11,P31949,S,41,0.0884764086163997
918,ENSG00000019144,PHLDB1,Q86UU1,Y,542,0.373388120662273
920,ENSG00000167978,SRRM2,Q9UQ35,S,150,0.145161524764259
923,ENSG00000161800,RACGAP1,Q9H0H5,S,157,0.437612810502556
924,ENSG00000134597,RBMX2,Q9Y388,S,187,0.321895253466184
930,ENSG00000104412,EMC2,Q15006,T,121,0.283022530206552
933,ENSG00000136098,NEK3,P51956,S,462,0.165418423067242
934,ENSG00000132155,RAF1,P04049,T,638,0.244635153217366
936,ENSG00000064651,SLC12A2,P55011,S,939,0.162950374689358
938,ENSG00000158856,DMTN,Q08495,T,91,0.309694084815007
940,ENSG00000104067,TJP1,Q07157,S,1399,0.170288854758436
942,ENSG00000132470,ITGB4,P16144,S,1498,0.277246049255503
944,ENSG00000160051,IQCC,Q4KMZ1,S,253,0.611540229645313
945,ENSG00000181555,SETD2,Q9BYW2,S,2079,0.228615124215931
948,ENSG00000109458,GAB1,Q13480,S,355,0.413873882687169
952,ENSG00000203485,INF2,Q27J81,S,1229,0.266977716206903
954,ENSG00000006453,BAIAP2L1,Q9UHR4,T,248,0.482704726812764
958,ENSG00000186918,ZNF395,Q9H8N7,T,467,0.277670756614753
960,ENSG00000038274,MAT2B,Q9NZL9,S,210,0.311003022203898
961,ENSG00000023839,ABCC2,Q92887,S,938,0.247969512482978
962,ENSG00000131504,DIAPH1,O60610,S,1254,0.221454441794012
963,ENSG00000105053,VRK3,Q8IV63,S,82,0.438141284405258
964,ENSG00000170921,TANC2,Q9HCD6,S,294,0.153351060340609
966,ENSG00000125503,PPP1R12C,Q9BZL4,S,476,0.196072403312375
972,ENSG00000151320,AKAP6,Q13023,S,1644,0.134191646295946
973,ENSG00000145868,FBXO38,Q6PIJ6,S,598,0.149569565073365
974,ENSG00000064999,ANKS1A,Q92625,S,676,0.108582315726407
975,ENSG00000060749,QSER1,Q2KHR3,S,1348,0.342811581051732
977,ENSG00000099992,TBC1D10A,Q9BXI6,S,43,0.492937010069195
980,ENSG00000146592,CREB5,Q02930,T,59,0.548521283104861
981,ENSG00000115966,ATF2,P15336,S,62,0.501218496552246
982,ENSG00000168411,RFWD3,Q6PCD5,S,425,0.398569153990328
983,ENSG00000007384,RHBDF1,Q96CC6,T,183,0.597171081856096
984,ENSG00000047849,MAP4,P27816,S,818,0.211863085851561
985,ENSG00000108344,PSMD3,O43242,S,430,0.566260495127615
989,ENSG00000009954,BAZ1B,Q9UIG0,S,327,0.220996381297431
992,ENSG00000132688,NES,P48681,S,475,0.191696533029771
994,ENSG00000111145,ELK3,P41970,S,115,0.412064474976073
996,ENSG00000156599,ZDHHC5,Q9C0B5,S,395,0.416843101768991
997,ENSG00000134313,KIDINS220,Q9ULH0,S,1411,0.236189826967977
1001,ENSG00000064651,SLC12A2,P55011,S,994,0.361218055966124
1002,ENSG00000136878,USP20,Q9Y2K6,T,377,0.418536178072658
1005,ENSG00000036054,TBC1D23,Q9NUY8,T,562,0.416524647553059
1007,ENSG00000138771,SHROOM3,Q8TF72,S,1138,0.121680676137619
1008,ENSG00000029725,RABEP1,Q15276,S,362,0.162901841589855
1009,ENSG00000132305,IMMT,Q16891,S,514,0.278600317894411
1011,ENSG00000167323,STIM1,Q13586,S,608,0.575907387985685
1012,ENSG00000100578,KIAA0586,Q9BVV6,S,713,0.311165379834974
1014,ENSG00000186174,BCL9L,Q86UU0,S,987,0.598137727129238
1015,ENSG00000144460,NYAP2,Q9P242,S,509,0.64657611020597
1020,ENSG00000100505,TRIM9,Q9C026,S,46,0.455136789164472
1021,ENSG00000139718,SETD1B,Q9UPS6,S,1137,0.295939532600275
1022,ENSG00000101132,PFDN4,Q9NQP4,S,134,0.258213338251617
1025,ENSG00000002746,HECW1,Q76N89,S,939,0.188339111258612
1027,ENSG00000133216,EPHB2,P29323,S,575,0.417768269487728
1029,ENSG00000076382,SPAG5,Q96R06,S,66,0.330153073190369
1031,ENSG00000040341,STAU2,Q9NUL3,S,486,0.565088621403211
1032,ENSG00000107104,KANK1,Q14678,S,144,0.270523229104128
1033,ENSG00000184922,FMNL1,O95466,S,911,0.100618077479847
1036,ENSG00000042493,CAPG,P40121,T,212,0.231379639576126
1038,ENSG00000026025,VIM,P08670,S,87,0.426257078593431
1040,ENSG00000183624,HMCES,Q96FZ2,S,45,0.44735109824115
1041,ENSG00000103249,CLCN7,P51798,S,96,0.244397318652712
1042,ENSG00000075391,RASAL2,Q9UJF2,S,89,0.574978930310429
1043,ENSG00000157657,ZNF618,Q5T7W0,S,176,0.183329572328386
1044,ENSG00000134058,CDK7,P50613,Y,169,0.413474359081585
1045,ENSG00000103404,USP31,Q70CQ4,S,807,0.137552936844675
1046,ENSG00000137497,NUMA1,Q14980,S,1887,0.302580499038713
1047,ENSG00000105856,HBP1,O60381,T,429,0.197937459575833
1048,ENSG00000130528,HRC,P23327,S,482,0.276844171022735
1051,ENSG00000175832,ETV4,P43268,S,140,0.502217202760088
1056,ENSG00000112319,EYA4,O95677,S,361,0.304927909365648
1057,ENSG00000169057,MECP2,P51608,T,228,0.281858271965605
1058,ENSG00000186111,PIP5K1C,O60331,S,541,0.406679177819645
1059,ENSG00000206053,JPT2,Q9H910,S,45,0.464485023250028
1062,ENSG00000067533,RRP15,Q9Y3B9,T,104,0.455422020045638
1064,ENSG00000109920,FNBP4,Q8N3X1,S,431,0.283935183071571
1065,ENSG00000139977,NAA30,Q147X3,S,89,0.27091369306874
1069,ENSG00000177426,TGIF1,Q15583,S,286,0.558539821087373
1070,ENSG00000100084,HIRA,P54198,S,687,0.352537520591332
1071,ENSG00000008300,CELSR3,Q9NYQ7,S,3209,0.081017954264597
1072,ENSG00000139436,GIT2,Q14161,S,565,0.28044394564765
1075,ENSG00000168334,XIRP1,Q702N8,S,481,0.144152715818796
1077,ENSG00000087365,SF3B2,Q13435,T,785,0.185885783356486
1079,ENSG00000099290,WASHC2A,Q641Q2,S,1091,0.130737951573657
1080,ENSG00000042062,RIPOR3,Q96MK2,S,384,0.137567430020948
1081,ENSG00000100813,ACIN1,Q9UKV3,S,601,0.176745256060007
1083,ENSG00000161714,PLCD3,Q8N3E9,S,573,0.266042541955227
1084,ENSG00000151929,BAG3,O95817,S,269,0.393202430865569
1085,ENSG00000080845,DLGAP4,Q9Y2H0,S,601,0.428241542371453
1086,ENSG00000170027,YWHAG,P61981,S,119,0.299524745023188
1087,ENSG00000118804,STBD1,O95210,S,194,0.52461573806034
1088,ENSG00000100243,CYB5R3,P00387,Y,80,0.367652360647946
1093,ENSG00000111057,KRT18,P05783,T,11,0.29187882594036
1094,ENSG00000068097,HEATR6,Q6AI08,S,672,0.152673762294953
1096,ENSG00000156860,FBRS,Q9HAH7,T,428,0.363069141862465
1098,ENSG00000180817,PPA1,Q15181,S,248,0.273290844920651
1099,ENSG00000103194,USP10,Q14694,S,215,0.242550553715256
1100,ENSG00000119705,SLIRP,Q9GZT3,S,15,0.38442633070285
1101,ENSG00000107295,SH3GL2,Q99962,T,280,0.150291843880057
1105,ENSG00000047849,MAP4,P27816,S,1058,0.303960371138696
1107,ENSG00000163634,THOC7,Q6I9Y2,S,197,0.206161929357424
1108,ENSG00000111481,COPZ1,P61923,S,161,0.406368027562224
1111,ENSG00000129351,ILF3,Q12906,S,888,0.361256289154047
1116,ENSG00000273079,GRIN2B,Q13224,S,917,0.20993941472751
1120,ENSG00000140750,ARHGAP17,Q68EM7,S,674,0.462729323751588
1121,ENSG00000198467,TPM2,P07951,S,283,0.279678188788035
1125,ENSG00000168497,CAVIN2,O95810,S,361,0.20732676621319
1127,ENSG00000135341,MAP3K7,O43318,S,439,0.530190273326177
1128,ENSG00000168209,DDIT4,Q9NX09,T,23,0.422189760735823
1129,ENSG00000116132,PRRX1,P54821,S,67,0.576785980038712
1130,ENSG00000091009,RBM27,Q9P2N5,S,1012,0.262207836431306
1131,ENSG00000066455,GOLGA5,Q8TBA6,S,187,0.105549145655643
1132,ENSG00000138688,KIAA1109,Q2LD37,S,1803,0.18841138748142
1133,ENSG00000013016,EHD3,Q9NZN3,S,456,0.4405239392299
1134,ENSG00000095066,HOOK2,Q96ED9,S,163,0.368248689280585
1135,ENSG00000144645,OSBPL10,Q9BXB5,S,201,0.499458347349826
1137,ENSG00000175550,DRAP1,Q14919,S,89,0.117448588108757
1139,ENSG00000148337,CIZ1,Q9ULV3,S,265,0.275084812545798
1141,ENSG00000173198,CYSLTR1,Q9Y271,S,313,0.621828986682827
1142,ENSG00000161036,LRWD1,Q9UFC0,S,251,0.504215435518977
1145,ENSG00000224531,SMIM13,P0DJ93,T,62,0.222658885403522
1146,ENSG00000153317,ASAP1,Q9ULH1,S,1044,0.147312651738411
1147,ENSG00000182173,TSEN54,Q7Z6J9,S,76,0.249651677397307
1149,ENSG00000127527,EPS15L1,Q9UBC2,T,577,0.220890200794211
1152,ENSG00000078177,N4BP2,Q86UW6,T,1210,0.267071479329271
1153,ENSG00000214530,STARD10,Q9Y365,T,288,0.275677505579519
1154,ENSG00000109458,GAB1,Q13480,T,503,0.604922218732674
1155,ENSG00000109458,GAB1,Q13480,S,304,0.314486435789962
1156,ENSG00000111875,ASF1A,Q9Y294,S,172,0.256574238972165
1157,ENSG00000130584,ZBTB46,Q86UZ6,S,294,0.291116691851028
1159,ENSG00000198825,INPP5F,Q9Y2H2,S,881,0.0947220034179369
1160,ENSG00000099331,MYO9B,Q13459,T,1353,0.25480192425759
1161,ENSG00000099942,CRKL,P46109,Y,132,0.710783177344164
1163,ENSG00000123908,AGO2,Q9UKV8,S,828,0.286926447576245
1164,ENSG00000131504,DIAPH1,O60610,T,1256,0.16809329498929
1166,ENSG00000137145,DENND4C,Q5VZ89,S,1278,0.501440174971886
1168,ENSG00000072364,AFF4,Q9UHB7,T,336,0.486548361552336
1169,ENSG00000066032,CTNNA2,P26232,S,939,0.310146140305743
1170,ENSG00000092439,TRPM7,Q96QT4,S,1504,0.401558238032029
1174,ENSG00000089177,KIF16B,Q96L93,S,398,0.214604282634325
1175,ENSG00000099783,HNRNPM,P52272,S,467,0.281374843111039
1176,ENSG00000147649,MTDH,Q86UE4,S,347,0.130706470048452
1178,ENSG00000129465,RIPK3,Q9Y572,S,227,0.358938041618094
1180,ENSG00000085224,ATRX,P46100,T,668,0.247001865079006
1181,ENSG00000169220,RGS14,O43566,T,495,0.376360449347289
1182,ENSG00000198121,LPAR1,Q92633,S,358,0.166711421599583
1186,ENSG00000047849,MAP4,P27816,S,876,0.196334459380407
1189,ENSG00000115760,BIRC6,Q9NR09,S,577,0.387963404379753
1191,ENSG00000100330,MTMR3,Q13615,S,913,0.341491717580589
1192,ENSG00000046604,DSG2,Q14126,S,782,0.362936051389202
1193,ENSG00000032219,ARID4A,P29374,S,277,0.210851382529372
1194,ENSG00000184160,ADRA2C,P18825,S,352,0.306201413097021
1199,ENSG00000204767,FAM196B,A6NMK8,S,100,0.254817686992027
1200,ENSG00000143776,CDC42BPA,Q5VT25,S,1632,0.18636808598434
1202,ENSG00000117600,PLPPR4,Q7Z2D5,S,472,0.282907961270707
1203,ENSG00000166689,PLEKHA7,Q6IQ23,T,992,0.175133376091974
1208,ENSG00000162813,BPNT1,O95861,S,240,0.494738632678879
1210,ENSG00000169862,CTNND2,Q9UQB3,S,415,0.468669470459323
1211,ENSG00000180891,CUEDC1,Q9NWM3,S,345,0.131705642917393
1214,ENSG00000008988,RPS20,P60866,S,93,0.350202790530399
1215,ENSG00000138386,NAB1,Q13506,S,356,0.397581587001212
1217,ENSG00000075292,ZNF638,Q14966,S,1913,0.0797109898821624
1220,ENSG00000168502,MTCL1,Q9Y4B5,T,1417,0.291444517980086
1224,ENSG00000119844,AFTPH,Q6ULP2,S,930,0.106807480864095
1233,ENSG00000160789,LMNA,P02545,T,505,0.228072597036708
1234,ENSG00000167378,IRGQ,Q8WZA9,S,44,0.22719387209288
1235,ENSG00000275066,SYNRG,Q9UMZ2,S,935,0.290937292484259
1236,ENSG00000161010,MRNIP,Q6NTE8,S,193,0.177121692084594
1237,ENSG00000167548,KMT2D,O14686,S,2155,0.149024008907628
1240,ENSG00000101911,PRPS2,P11908,S,238,0.298306256830663
1242,ENSG00000075413,MARK3,P27448,T,491,0.32907382421984
1243,ENSG00000132016,C19orf57,Q0VDD7,S,476,0.181492593376463
1244,ENSG00000165006,UBAP1,Q9NZ09,S,253,0.218390318584897
1245,ENSG00000078687,TNRC6C,Q9HCJ0,S,399,0.0482830799825308
1246,ENSG00000177169,ULK1,O75385,S,538,0.274155471841063
1252,ENSG00000158301,GPRASP2,Q96D09,S,328,0.322104664732917
1253,ENSG00000196235,SUPT5H,O00267,T,791,0.70902533052999
1255,ENSG00000198837,DENND4B,O75064,S,947,0.305616723072461
1258,ENSG00000167173,C15orf39,Q6ZRI6,S,391,0.315946795104275
1259,ENSG00000099812,MISP,Q8IVT2,T,219,0.394247814841928
1260,ENSG00000154144,TBRG1,Q3YBR2,S,400,0.46096281342276
1261,ENSG00000132470,ITGB4,P16144,S,1474,0.373269342457223
1263,ENSG00000120549,KIAA1217,Q5T5P2,S,532,0.071888416404935
1267,ENSG00000164190,NIPBL,Q6KC79,S,1160,0.220871199986437
1268,ENSG00000182578,CSF1R,P07333,S,716,0.474273190680687
1269,ENSG00000166165,CKB,P12277,S,309,0.512796145642558
1270,ENSG00000077044,DGKD,Q16760,S,668,0.0963015565488343
1271,ENSG00000076826,CAMSAP3,Q9P1Y5,S,1042,0.282832542948768
1273,ENSG00000099992,TBC1D10A,Q9BXI6,T,499,0.333646178428597
1274,ENSG00000104517,UBR5,O95071,S,143,0.217805753971407
1275,ENSG00000124198,ARFGEF2,Q9Y6D5,S,1520,0.239125589357036
1281,ENSG00000102221,JADE3,Q92613,S,780,0.231776589274332
1282,ENSG00000159788,RGS12,O14924,S,671,0.340874731231861
1284,ENSG00000239306,RBM14,Q96PK6,S,571,0.355865232295543
1287,ENSG00000028203,VEZT,Q9HBM0,S,668,0.279988427710935
1292,ENSG00000170390,DCLK2,Q8N568,S,6,0.222546013514266
1294,ENSG00000103126,AXIN1,O15169,T,481,0.64025278213208
1295,ENSG00000160789,LMNA,P02545,S,601,0.17593820667833
1299,ENSG00000130589,HELZ2,Q9BYK8,S,2021,0.133255338095979
1300,ENSG00000134369,NAV1,Q8NEY1,S,460,0.0895527760593791
1304,ENSG00000132688,NES,P48681,T,366,0.168944274901275
1307,ENSG00000130723,PRRC2B,Q5JSZ5,T,847,0.0846275405444624
1308,ENSG00000170471,RALGAPB,Q86X10,T,378,0.286749055792442
1309,ENSG00000142512,SIGLEC10,Q96LC7,S,592,0.403209901946637
1310,ENSG00000130723,PRRC2B,Q5JSZ5,S,1687,0.325038058383032
1311,ENSG00000166439,RNF169,Q8NCN4,S,636,0.330901092126993
1313,ENSG00000088888,MAVS,Q7Z434,S,258,0.541646294077737
1315,ENSG00000272886,DCP1A,Q9NPI6,S,364,0.0895772212759791
1316,ENSG00000133619,KRBA1,A5PL33,S,101,0.209091682462694
1317,ENSG00000075413,MARK3,P27448,S,436,0.179508864825394
1319,ENSG00000115295,CLIP4,Q8N3C7,S,607,0.393506914335323
1321,ENSG00000132305,IMMT,Q16891,S,106,0.291716177824677
1325,ENSG00000134222,PSRC1,Q6PGN9,T,37,0.426642734646381
1327,ENSG00000031081,ARHGAP31,Q2M1Z3,S,1339,0.0823196576766051
1329,ENSG00000050405,LIMA1,Q9UHB6,T,337,0.352080570711914
1331,ENSG00000117724,CENPF,P49454,S,876,0.121057619505996
1335,ENSG00000105221,AKT2,P31751,S,447,0.312263983090209
1336,ENSG00000071051,NCK2,O43639,S,270,0.158787835345148
1338,ENSG00000119638,NEK9,Q8TD19,S,855,0.252988379569402
1339,ENSG00000204406,MBD5,Q9P267,S,246,0.194711922671288
1342,ENSG00000176994,SMCR8,Q8TEV9,S,498,0.493039536439301
1343,ENSG00000116117,PARD3B,Q8TEW8,S,749,0.468534169542283
1344,ENSG00000185658,BRWD1,Q9NSI6,S,1907,0.0897078637440785
1345,ENSG00000153339,TRAPPC8,Q9Y2L5,S,311,0.215683352663549
1347,ENSG00000168615,ADAM9,Q13443,S,817,0.316417417780446
1348,ENSG00000081277,PKP1,Q13835,Y,80,0.425749115481199
1352,ENSG00000139083,ETV6,P41212,S,165,0.216076291313554
1353,ENSG00000005206,SPPL2B,Q8TCT7,S,583,0.181525558597855
1354,ENSG00000143924,EML4,Q9HC35,T,160,0.377908522599278
1356,ENSG00000073614,KDM5A,P29375,S,204,0.244738440553294
1357,ENSG00000134283,PPHLN1,Q8NEY8,S,167,0.496745518087594
1359,ENSG00000116141,MARK1,Q9P0L2,S,423,0.207809476454005
1362,ENSG00000005436,GCFC2,P16383,S,117,0.270854185006528
1363,ENSG00000132305,IMMT,Q16891,S,584,0.258910115501761
1364,ENSG00000143776,CDC42BPA,Q5VT25,S,1691,0.132096775280572
1365,ENSG00000167306,MYO5B,Q9ULV0,T,603,0.14729345002891
1366,ENSG00000135829,DHX9,Q08211,T,92,0.210633279811508
1367,ENSG00000104408,EIF3E,P60228,S,442,0.339151215250858
1369,ENSG00000123146,ADGRE5,P48960,T,816,0.245166662822343
1370,ENSG00000104866,PPP1R37,O75864,S,548,0.199428653789586
1371,ENSG00000160796,NBEAL2,Q6ZNJ1,S,1384,0.353581826535165
1372,ENSG00000173898,SPTBN2,O15020,S,1964,0.159099047723546
1373,ENSG00000064652,SNX24,Q9Y343,S,113,0.50871314739435
1376,ENSG00000196199,MPHOSPH8,Q99549,S,279,0.257887032953523
1380,ENSG00000066468,FGFR2,P21802,S,452,0.489625067465594
1383,ENSG00000213585,VDAC1,P21796,S,241,0.284003285166456
1385,ENSG00000134440,NARS,O43776,S,14,0.131040529645191
1387,ENSG00000119689,DLST,P36957,S,81,0.404410618403419
1395,ENSG00000162104,ADCY9,O60503,S,1259,0.305622032257716
1396,ENSG00000113648,H2AFY,O75367,S,138,0.557882445510996
1400,ENSG00000272333,KMT2B,Q9UMN6,S,1836,0.100845807773154
1401,ENSG00000181704,YIPF6,Q96EC8,S,29,0.242130645211601
1402,ENSG00000130158,DOCK6,Q96HP0,T,182,0.211252199826572
1404,ENSG00000171723,GPHN,Q9NQX3,S,280,0.513437499646458
1406,ENSG00000093000,NUP50,Q9UKX7,S,268,0.304893229685521
1409,ENSG00000171747,LGALS4,P56470,S,229,0.124876351490415
1410,ENSG00000176731,C8orf59,Q8N0T1,S,19,0.671566551159105
1412,ENSG00000186918,ZNF395,Q9H8N7,T,251,0.285620611395603
1417,ENSG00000114346,ECT2,Q9H8V3,S,15,0.321073339198889
1419,ENSG00000214530,STARD10,Q9Y365,S,259,0.499796927577353
1420,ENSG00000134186,PRPF38B,Q5VTL8,S,534,0.480746169242421
1424,ENSG00000156471,PTDSS1,P48651,Y,424,0.410590467376577
1425,ENSG00000125820,NKX2-2,O95096,S,199,0.38883358624416
1431,ENSG00000110321,EIF4G2,P78344,T,385,0.281436419894777
1432,ENSG00000166173,LARP6,Q9BRS8,S,384,0.638408356499062
1433,ENSG00000148498,PARD3,Q8TEW0,S,1116,0.290462493151819
1437,ENSG00000058272,PPP1R12A,O14974,T,671,0.622506441800542
1438,ENSG00000139726,DENR,O43583,S,20,0.469594132552294
1439,ENSG00000002834,LASP1,Q14847,Y,171,0.670618598500576
1440,ENSG00000048707,VPS13D,Q5THJ4,S,1709,0.341894955075641
1443,ENSG00000160539,PLPP7,Q8NBV4,S,43,0.267976276234067
1444,ENSG00000134001,EIF2S1,P05198,T,279,0.322854858057836
1445,ENSG00000197386,HTT,P42858,S,419,0.559485706751536
1446,ENSG00000138434,SSFA2,P28290,S,441,0.217052980444224
1447,ENSG00000140365,COMMD4,Q9H0A8,S,115,0.380133271284268
1448,ENSG00000112379,ARFGEF3,Q5TH69,S,1857,0.149727270840694
1449,ENSG00000143079,CTTNBP2NL,Q9P2B4,S,285,0.431021794150079
1452,ENSG00000169271,HSPB3,Q12988,T,62,0.254236440888409
1453,ENSG00000157404,KIT,P10721,S,959,0.248096149648505
1456,ENSG00000106477,CEP41,Q9BYV8,S,96,0.313903726461885
1458,ENSG00000039650,PNKP,Q96T60,S,114,0.482831074880851
1463,ENSG00000169057,MECP2,P51608,S,423,0.445455639021457
1464,ENSG00000196220,SRGAP3,O43295,S,919,0.135979376337337
1466,ENSG00000138376,BARD1,Q99728,S,364,0.358216363600155
1468,ENSG00000141447,OSBPL1A,Q9BXW6,S,509,0.119344712441269
1470,ENSG00000134780,DAGLA,Q9Y4D2,S,732,0.280066028792508
1471,ENSG00000144674,GOLGA4,Q13439,S,118,0.170911679443579
1472,ENSG00000228672,PROB1,E7EW31,S,855,0.294669304183783
1474,ENSG00000166689,PLEKHA7,Q6IQ23,S,117,0.296791164793674
1475,ENSG00000186111,PIP5K1C,O60331,S,662,0.21202556440603
1476,ENSG00000149633,KIAA1755,Q5JYT7,S,463,0.291248297403112
1478,ENSG00000100243,CYB5R3,P00387,T,171,0.33171524837389
1479,ENSG00000197343,ZNF655,Q8N720,S,285,0.368304737278901
1480,ENSG00000129534,MIS18BP1,Q6P0N0,S,1131,0.197924226729036
1482,ENSG00000167491,GATAD2A,Q86YP4,T,121,0.243980056803195
1483,ENSG00000128596,CCDC136,Q96JN2,S,52,0.157260795443515
1484,ENSG00000173327,MAP3K11,Q16584,S,793,0.417429490599274
1485,ENSG00000176595,KBTBD11,O94819,S,82,0.145050754896704
1487,ENSG00000108984,MAP2K6,P52564,S,27,0.294964768171788
1489,ENSG00000174106,LEMD3,Q9Y2U8,S,27,0.348920439908576
1490,ENSG00000134444,KIAA1468,Q9P260,T,168,0.23943790648335
1491,ENSG00000136527,TRA2B,P62995,S,14,0.510119920429792
1492,ENSG00000077235,GTF3C1,Q12789,S,1845,0.210850686520665
1494,ENSG00000143079,CTTNBP2NL,Q9P2B4,S,444,0.537777550270057
1495,ENSG00000148175,STOM,P27105,S,18,0.365523049963005
1496,ENSG00000161682,FAM171A2,A8MVW0,S,789,0.558330390979178
1501,ENSG00000067225,PKM,P14618,S,205,0.343959475215603
1504,ENSG00000231500,RPS18,P62269,T,60,0.394339037749536
1505,ENSG00000099341,PSMD8,P48556,T,295,0.516053161600283
1506,ENSG00000164430,CGAS,Q8N884,S,143,0.320669150206063
1507,ENSG00000173889,PHC3,Q8NDX5,S,616,0.441875849706114
1508,ENSG00000068976,PYGM,P11217,Y,473,0.405698835377797
1509,ENSG00000162733,DDR2,Q16832,S,467,0.273635177804202
1515,ENSG00000113356,POLR3G,O15318,T,133,0.381935292300019
1516,ENSG00000189114,BLOC1S3,Q6QNY0,S,27,0.43652667274491
1517,ENSG00000135074,ADAM19,Q9H013,T,779,0.229327652930617
1518,ENSG00000067798,NAV3,Q8IVL0,S,1037,0.420196422771257
1519,ENSG00000069020,MAST4,O15021,S,1293,0.289765442329407
1520,ENSG00000166963,MAP1A,P78559,S,1200,0.200354869990269
1522,ENSG00000134308,YWHAQ,P27348,S,37,0.42657149975213
1523,ENSG00000152409,JMY,Q8N9B5,S,723,0.185732331340519
1525,ENSG00000135736,CCDC102A,Q96A19,S,28,0.494509086133155
1527,ENSG00000075884,ARHGAP15,Q53QZ3,S,103,0.332323109347318
1531,ENSG00000132470,ITGB4,P16144,T,1797,0.346012077736455
1534,ENSG00000164484,TMEM200A,Q86VY9,S,22,0.261468185524404
1536,ENSG00000136153,LMO7,Q8WWI1,T,932,0.450326337899687
1537,ENSG00000100558,PLEK2,Q9NYT0,S,116,0.369666980098504
1538,ENSG00000101161,PRPF6,O94906,T,227,0.273518283080631
1539,ENSG00000182973,CNOT10,Q9H9A5,S,521,0.347259431210864
1540,ENSG00000005884,ITGA3,P26006,S,1042,0.32437674654394
1541,ENSG00000118200,CAMSAP2,Q08AD1,S,1011,0.377706940580311
1542,ENSG00000109111,SUPT6H,Q7KZ85,T,1697,0.399702591365854
1543,ENSG00000149115,TNKS1BP1,Q9C0C2,S,1439,0.256523077629684
1545,ENSG00000151150,ANK3,Q12955,S,4290,0.164469642994104
1546,ENSG00000047648,ARHGAP6,O43182,S,37,0.108991939631624
1548,ENSG00000172216,CEBPB,P17676,S,65,0.210656970909848
1549,ENSG00000145901,TNIP1,Q15025,T,619,0.0858587001179764
1552,ENSG00000132549,VPS13B,Q7Z7G8,S,1798,0.191263713002153
1553,ENSG00000144554,FANCD2,Q9BXW9,S,1423,0.198043906605183
1554,ENSG00000006607,FARP2,O94887,S,1033,0.142550804411713
1556,ENSG00000160796,NBEAL2,Q6ZNJ1,S,2208,0.132583486498643
1558,ENSG00000100726,TELO2,Q9Y4R8,T,642,0.348765743876746
1561,ENSG00000166387,PPFIBP2,Q8ND30,T,424,0.381177344387763
1562,ENSG00000137776,SLTM,Q9NWH9,S,1019,0.388039559096313
1563,ENSG00000115325,DOK1,Q99704,S,446,0.373510053797689
1565,ENSG00000116128,BCL9,O00512,T,139,0.274561255719314
1569,ENSG00000118412,CASP8AP2,Q9UKL3,T,1261,0.256055119688746
1571,ENSG00000066135,KDM4A,O75164,S,523,0.418649519337908
1572,ENSG00000029363,BCLAF1,Q9NYF8,S,763,0.238144194444303
1575,ENSG00000152234,ATP5F1A,P25705,S,451,0.178108519444441
1576,ENSG00000124256,ZBP1,Q9H171,S,309,0.269975806894917
1580,ENSG00000197226,TBC1D9B,Q66K14,S,547,0.130631248882543
1581,ENSG00000169660,HEXDC,Q8WVB3,S,191,0.307815121659451
1582,ENSG00000131788,PIAS3,Q9Y6X2,S,431,0.192852015666096
1585,ENSG00000169957,ZNF768,Q9H5H4,S,104,0.457128548420428
1588,ENSG00000132466,ANKRD17,O75179,S,2042,0.304878530255792
1593,ENSG00000131711,MAP1B,P46821,S,1412,0.162204382542112
1594,ENSG00000163781,TOPBP1,Q92547,T,1221,0.32857921305583
1596,ENSG00000147526,TACC1,O75410,S,91,0.191328711758118
1597,ENSG00000183111,ARHGEF37,A1IGU5,S,11,0.0988493708458382
1599,ENSG00000143970,ASXL2,Q76L83,S,637,0.279285490576182
1600,ENSG00000135842,FAM129A,Q9BZQ8,S,581,0.381687872643344
1601,ENSG00000108840,HDAC5,Q9UQL6,S,498,0.73915453139735
1602,ENSG00000149115,TNKS1BP1,Q9C0C2,S,1476,0.199499619501775
1604,ENSG00000141905,NFIC,P08651,S,192,0.37249942568488
1606,ENSG00000138688,KIAA1109,Q2LD37,S,4097,0.0892986308826623
1607,ENSG00000118363,SPCS2,Q15005,S,11,0.159114907825526
1608,ENSG00000051596,THOC3,Q96J01,S,308,0.231905177455987
1610,ENSG00000146247,PHIP,Q8WWQ0,S,683,0.357409767344959
1612,ENSG00000048707,VPS13D,Q5THJ4,S,3800,0.0707087314128007
1615,ENSG00000179364,PACS2,Q86VP3,S,453,0.309370860091302
1616,ENSG00000141564,RPTOR,Q8N122,T,706,0.547770625874811
1617,ENSG00000075275,CELSR1,Q9NYQ6,S,2982,0.123880005031702
1619,ENSG00000134444,KIAA1468,Q9P260,S,193,0.414314883575006
1620,ENSG00000185950,IRS2,Q9Y4H2,Y,653,0.681390591759911
1621,ENSG00000123268,ATF1,P18846,T,184,0.183056282990235
1622,ENSG00000164327,RICTOR,Q6R327,S,1470,0.188788484040454
1623,ENSG00000131626,PPFIA1,Q13136,S,242,0.298365726044029
1624,ENSG00000108799,EZH1,Q92800,S,388,0.191577675529033
1625,ENSG00000047648,ARHGAP6,O43182,S,777,0.305267385001449
1634,ENSG00000136492,BRIP1,Q9BX63,T,113,0.403901674686588
1635,ENSG00000167670,CHAF1A,Q13111,S,255,0.261398208830224
1636,ENSG00000160803,UBQLN4,Q9NRR5,T,101,0.197335085385426
1637,ENSG00000026508,CD44,P16070,S,718,0.385912713397031
1638,ENSG00000173276,ZBTB21,Q9ULJ3,S,516,0.164670401154798
1640,ENSG00000089094,KDM2B,Q8NHM5,T,493,0.367834253496295
1641,ENSG00000161011,SQSTM1,Q13501,S,226,0.371405070297408
1642,ENSG00000135917,SLC19A3,Q9BZV2,S,212,0.159214825648072
1644,ENSG00000204463,BAG6,P46379,S,113,0.37045077885839
1648,ENSG00000101493,ZNF516,Q92618,S,1121,0.13854836440538
1650,ENSG00000118200,CAMSAP2,Q08AD1,S,434,0.267269706615176
1651,ENSG00000110046,ATG2A,Q2TAZ0,S,1327,0.303798097026426
1652,ENSG00000156052,GNAQ,P50148,S,122,0.153256793734774
1654,ENSG00000138434,SSFA2,P28290,S,385,0.0657521678957288
1655,ENSG00000114346,ECT2,Q9H8V3,S,889,0.408455154731081
1656,ENSG00000010165,METTL13,Q8N6R0,S,267,0.218182627823454
1657,ENSG00000198909,MAP3K3,Q99759,S,337,0.565747245554478
1659,ENSG00000165914,TTC7B,Q86TV6,S,651,0.135506596963257
1661,ENSG00000092148,HECTD1,Q9ULT8,S,1380,0.14965338252996
1662,ENSG00000111554,MDM1,Q8TC05,S,648,0.193466395183009
1663,ENSG00000134909,ARHGAP32,A7KAX9,S,1820,0.276516034950318
1665,ENSG00000166913,YWHAB,P31946,S,39,0.414766497181429
1667,ENSG00000198853,RUSC2,Q8N2Y8,S,574,0.202067901871925
1669,ENSG00000133056,PIK3C2B,O00750,S,13,0.242815045186902
1670,ENSG00000138434,SSFA2,P28290,S,944,0.102997691651254
1671,ENSG00000131165,CHMP1A,Q9HD42,S,101,0.400174627956742
1672,ENSG00000104067,TJP1,Q07157,S,1142,0.156514733740655
1673,ENSG00000100442,FKBP3,Q00688,S,152,0.340744270224668
1674,ENSG00000139625,MAP3K12,Q12852,S,555,0.234411468932788
1676,ENSG00000102760,RGCC,Q9H4X1,S,65,0.607943561195178
1678,ENSG00000131725,WDR44,Q5JSH3,S,126,0.318882662306395
1679,ENSG00000185049,NELFA,Q9H3P2,T,239,0.61372251041461
1683,ENSG00000197226,TBC1D9B,Q66K14,S,741,0.149957449734424
1684,ENSG00000154305,MIA3,Q5JRA6,S,288,0.300724090012459
1685,ENSG00000174738,NR1D2,Q14995,S,242,0.237556558868727
1689,ENSG00000100916,BRMS1L,Q5PSV4,S,174,0.209317520215716
1691,ENSG00000137409,MTCH1,Q9NZJ7,S,382,0.338279462779691
1694,ENSG00000124942,AHNAK,Q09666,T,4877,0.24328269838597
1695,ENSG00000163629,PTPN13,Q12923,S,214,0.204482664606598
1696,ENSG00000120709,FAM53C,Q9NYF3,S,250,0.381646599319482
1697,ENSG00000132688,NES,P48681,S,1452,0.304513486002451
1698,ENSG00000137504,CREBZF,Q9NS37,S,22,0.467080362184601
1699,ENSG00000176994,SMCR8,Q8TEV9,S,790,0.434222988684087
1700,ENSG00000101040,ZMYND8,Q9ULU4,T,760,0.373581479807947
1704,ENSG00000147050,KDM6A,O15550,S,761,0.160170228655422
1705,ENSG00000178773,CPNE7,Q9UBL6,S,628,0.484367606950031
1711,ENSG00000169379,ARL13B,Q3SXY8,S,421,0.186583726353684
1712,ENSG00000188559,RALGAPA2,Q2PPJ7,S,376,0.369119844430615
1714,ENSG00000243725,TTC4,O95801,S,267,0.189456413384226
1715,ENSG00000119408,NEK6,Q9HC98,S,199,0.586375434718685
1716,ENSG00000275066,SYNRG,Q9UMZ2,S,817,0.173179071887306
1721,ENSG00000105355,PLIN3,O60664,S,37,0.161996989769223
1722,ENSG00000131711,MAP1B,P46821,T,1147,0.321810536851669
1723,ENSG00000198824,CHAMP1,Q96JM3,S,379,0.248736874121981
1724,ENSG00000082397,EPB41L3,Q9Y2J2,T,56,0.437196107262619
1725,ENSG00000106443,PHF14,O94880,S,156,0.159908151830889
1727,ENSG00000169862,CTNND2,Q9UQB3,S,201,0.206276810790745
1728,ENSG00000131711,MAP1B,P46821,T,1334,0.375469416828128
1730,ENSG00000132740,IGHMBP2,P38935,S,677,0.332939590844435
1731,ENSG00000168014,C2CD3,Q4AC94,S,1829,0.139890323933039
1734,ENSG00000085978,ATG16L1,Q676U5,T,76,0.100449647562848
1735,ENSG00000204219,TCEA3,O75764,T,167,0.227928066818441
1737,ENSG00000155816,FMN2,Q9NZ56,S,317,0.0934983123678571
1739,ENSG00000134453,RBM17,Q96I25,S,62,0.405791969167569
1740,ENSG00000159840,ZYX,Q15942,T,274,0.390457553968222
1741,ENSG00000168216,LMBRD1,Q9NUN5,S,531,0.428237319033924
1742,ENSG00000071794,HLTF,Q14527,S,397,0.285411398647779
1743,ENSG00000167323,STIM1,Q13586,S,618,0.682620589946001
1744,ENSG00000103479,RBL2,Q08999,S,981,0.258907633836817
1745,ENSG00000135525,MAP7,Q14244,T,184,0.353327849361905
1746,ENSG00000119669,IRF2BPL,Q9H1B7,S,336,0.293339924574789
1748,ENSG00000136205,TNS3,Q68CZ2,T,917,0.24398013670166
1750,ENSG00000115524,SF3B1,O75533,T,125,0.237105266285305
1752,ENSG00000185201,IFITM2,Q01629,Y,19,0.665464625734293
1753,ENSG00000070759,TESK2,Q96S53,S,369,0.503006448308981
1754,ENSG00000065989,PDE4A,P27815,S,209,0.534415044652595
1755,ENSG00000062038,CDH3,P22223,T,694,0.160670612581671
1756,ENSG00000007520,TSR3,Q9UJK0,S,264,0.464468727380571
1758,ENSG00000163798,SLC4A1AP,Q9BWU0,S,530,0.471747444308795
1760,ENSG00000123609,NMI,Q13287,S,16,0.285545658456399
1761,ENSG00000136280,CCM2,Q9BSQ5,T,394,0.449793481375857
1762,ENSG00000169047,IRS1,P35568,S,307,0.63188232048086
1764,ENSG00000135094,SDS,Q15435,S,37,0.414351321821773
1765,ENSG00000182095,TNRC18,O15417,S,1915,0.332699203821028
1766,ENSG00000039560,RAI14,Q9P0K7,S,423,0.0889070186908673
1767,ENSG00000048707,VPS13D,Q5THJ4,S,2435,0.31539298333409
1768,ENSG00000144749,LRIG1,Q96JA1,S,1069,0.23314257963284
1770,ENSG00000143164,DCAF6,Q58WW2,T,654,0.438748252398091
1775,ENSG00000165655,ZNF503,Q96F45,T,223,0.484631597145823
1778,ENSG00000165637,VDAC2,P45880,T,261,0.300032077898876
1779,ENSG00000168264,IRF2BP2,Q7Z5L9,S,383,0.21972182990391
1782,ENSG00000141994,DUS3L,Q96G46,S,272,0.331037060710275
1783,ENSG00000129173,E2F8,A0AVK6,S,413,0.580710241664284
1785,ENSG00000179820,MYADM,Q96S97,T,9,0.178748886364049
1786,ENSG00000077458,FAM76B,Q5HYJ3,S,338,0.193984398031684
1790,ENSG00000176692,FOXC2,Q99958,S,235,0.328716095630885
1791,ENSG00000143801,PSEN2,P49810,S,19,0.388775570544538
1794,ENSG00000177354,C10orf71,Q711Q0,T,468,0.346554727574826
1795,ENSG00000117569,PTBP2,Q9UKA9,S,27,0.307471546856978
1797,ENSG00000177303,CASKIN2,Q8WXE0,Y,253,0.512692653911818
1799,ENSG00000157827,FMNL2,Q96PY5,S,403,0.222808670501556
1800,ENSG00000136861,CDK5RAP2,Q96SN8,S,1238,0.453117746581175
1801,ENSG00000165914,TTC7B,Q86TV6,T,161,0.234763421621355
1803,ENSG00000133121,STARD13,Q9Y3M8,S,411,0.334753599232767
1804,ENSG00000197256,KANK2,Q63ZY3,S,151,0.0956191489285406
1805,ENSG00000120279,MYCT1,Q8N699,S,155,0.297383367756662
1806,ENSG00000105486,LIG1,P18858,S,114,0.238028394916136
1808,ENSG00000020181,ADGRA2,Q96PE1,S,963,0.202405122334199
1810,ENSG00000130545,CRB3,Q9BUF7,S,96,0.588145562654101
1820,ENSG00000141750,STAC2,Q6ZMT1,S,78,0.181841342813629
1821,ENSG00000142864,SERBP1,Q8NC51,S,205,0.31008402021948
1823,ENSG00000008277,ADAM22,Q9P0K1,T,858,0.509534184161032
1824,ENSG00000160867,FGFR4,P22455,S,573,0.455865784030615
1825,ENSG00000275342,PRAG1,Q86YV5,S,743,0.20716318314756
1826,ENSG00000142675,CNKSR1,Q969H4,S,300,0.461397424556964
1827,ENSG00000111912,NCOA7,Q8NI08,S,209,0.289795395253446
1828,ENSG00000145725,PPIP5K2,O43314,S,1012,0.212872068531492
1830,ENSG00000115165,CYTIP,O60759,S,11,0.115858102086884
1834,ENSG00000198198,SZT2,Q5T011,S,2122,0.177173912191532
1835,ENSG00000131791,PRKAB2,O43741,S,177,0.189743330364113
1837,ENSG00000107625,DDX50,Q9BQ39,T,47,0.269752765404838
1838,ENSG00000167323,STIM1,Q13586,S,400,0.191745056117667
1839,ENSG00000102316,MAGED2,Q9UNF1,S,194,0.533695501006948
1840,ENSG00000144791,LIMD1,Q9UGP4,S,277,0.406412776285634
1842,ENSG00000152291,TGOLN2,O43493,S,154,0.11788195255007
1845,ENSG00000153071,DAB2,P98082,S,332,0.294898466678016
1846,ENSG00000132780,NASP,P49321,S,210,0.146246095423789
1847,ENSG00000172071,EIF2AK3,Q9NZJ5,S,685,0.211758449206778
1849,ENSG00000168781,PPIP5K1,Q6PFW1,S,964,0.298552745341364
1850,ENSG00000163629,PTPN13,Q12923,S,1232,0.160424977735381
1852,ENSG00000128881,TTBK2,Q6IQ55,S,445,0.251881863239283
1853,ENSG00000138835,RGS3,P49796,T,808,0.176145403321458
1856,ENSG00000126012,KDM5C,P41229,S,287,0.247346822786804
1857,ENSG00000076685,NT5C2,P49902,S,527,0.352467569838937
1858,ENSG00000169592,INO80E,Q8NBZ0,S,108,0.109589312048886
1860,ENSG00000132549,VPS13B,Q7Z7G8,S,3949,0.135947604782085
1861,ENSG00000183248,PRR36,Q9H6K5,S,110,0.302512328268988
1864,ENSG00000137145,DENND4C,Q5VZ89,S,996,0.0785999752257001
1865,ENSG00000197852,FAM212B,Q9NTI7,S,66,0.239855454573718
1869,ENSG00000198382,UVRAG,Q9P2Y5,S,509,0.622585098066956
1870,ENSG00000166197,NOLC1,Q14978,S,83,0.303268791175606
1872,ENSG00000173698,ADGRG2,Q8IZP9,S,1010,0.35780397416
1874,ENSG00000006607,FARP2,O94887,S,457,0.0760747525150641
1877,ENSG00000117155,SSX2IP,Q9Y2D8,S,591,0.309467092409062
1878,ENSG00000006453,BAIAP2L1,Q9UHR4,S,255,0.353129648347591
1879,ENSG00000164091,WDR82,Q6UXN9,S,6,0.321097169150825
1880,ENSG00000139970,RTN1,Q16799,T,300,0.195277275731176
1881,ENSG00000204128,C2orf72,A6NCS6,S,247,0.16464098840514
1884,ENSG00000167491,GATAD2A,Q86YP4,S,107,0.566362391785098
1885,ENSG00000154914,USP43,Q70EL4,S,846,0.451379718448561
1887,ENSG00000124942,AHNAK,Q09666,S,1196,0.212203036840623
1888,ENSG00000090020,SLC9A1,P19634,S,697,0.350081957964255
1891,ENSG00000165283,STOML2,Q9UJZ1,S,330,0.292085917248095
1892,ENSG00000077279,DCX,O43602,S,364,0.248615615350625
1894,ENSG00000179091,CYC1,P08574,S,182,0.297048285979164
1895,ENSG00000078674,PCM1,Q15154,S,1262,0.285483257515204
1898,ENSG00000020577,SAMD4A,Q9UPU9,S,272,0.181193282153419
1899,ENSG00000165801,ARHGEF40,Q8TER5,S,986,0.293022161738295
1901,ENSG00000134240,HMGCS2,P54868,S,325,0.093858851641897
1903,ENSG00000136848,DAB2IP,Q5VWQ8,S,763,0.153019485732044
1904,ENSG00000183741,CBX6,O95503,T,282,0.44205984000314
1905,ENSG00000198961,PJA2,O43164,S,453,0.312940627085053
1906,ENSG00000128512,DOCK4,Q8N1I0,S,1724,0.338770738276105
1907,ENSG00000116539,ASH1L,Q9NR48,S,1709,0.219456810490627
1910,ENSG00000164237,CMBL,Q96DG6,S,223,0.237144583517385
1911,ENSG00000182095,TNRC18,O15417,S,1989,0.197200786037124
1912,ENSG00000102710,SUPT20H,Q8NEM7,S,516,0.139812517182011
1913,ENSG00000103222,ABCC1,P33527,S,919,0.266616009487014
1914,ENSG00000143393,PI4KB,Q9UBF8,T,426,0.532460943368093
1915,ENSG00000033030,ZCCHC8,Q6NZY4,S,601,0.247042491981067
1920,ENSG00000082269,FAM135A,Q9P2D6,S,639,0.147996179531731
1921,ENSG00000091039,OSBPL8,Q9BZF1,T,774,0.194607408808666
1923,ENSG00000104885,DOT1L,Q8TEK3,S,1009,0.317889968107488
1925,ENSG00000170471,RALGAPB,Q86X10,T,718,0.104245517691405
1926,ENSG00000154920,EME1,Q96AY2,S,85,0.584635575453444
1929,ENSG00000164587,RPS14,P62263,S,114,0.268607372611561
1930,ENSG00000184792,OSBP2,Q969R2,S,763,0.354815889282939
1931,ENSG00000175115,PACS1,Q6VY07,S,531,0.345375818027976
1932,ENSG00000204463,BAG6,P46379,S,106,0.241385179214609
1935,ENSG00000149256,TENM4,Q6N022,S,196,0.15479302678335
1936,ENSG00000165806,CASP7,P55210,S,47,0.499000263401505
1938,ENSG00000111554,MDM1,Q8TC05,S,631,0.182264285012978
1943,ENSG00000183741,CBX6,O95503,S,301,0.51479083121024
1945,ENSG00000015676,NUDCD3,Q8IVD9,S,340,0.537775394814379
1946,ENSG00000197256,KANK2,Q63ZY3,S,86,0.203443149561164
1947,ENSG00000160208,RRP1B,Q14684,S,579,0.134029423656699
1951,ENSG00000259956,RBM15B,Q8NDT2,T,551,0.23501969749719
1952,ENSG00000148468,FAM171A1,Q5VUB5,S,524,0.219572117576123
1955,ENSG00000130726,TRIM28,Q13263,S,45,0.182462582169007
1956,ENSG00000170242,USP47,Q96K76,S,933,0.37844146833185
1959,ENSG00000135046,ANXA1,P04083,S,143,0.227563322186645
1960,ENSG00000076003,MCM6,Q14566,S,219,0.439556446247328
1961,ENSG00000170502,NUDT9,Q9BW91,S,121,0.265369205943572
1962,ENSG00000196865,NHLRC2,Q8NBF2,S,10,0.343107909751119
1963,ENSG00000131711,MAP1B,P46821,S,977,0.180626782576306
1964,ENSG00000068097,HEATR6,Q6AI08,S,395,0.319694926520045
1965,ENSG00000164597,COG5,Q9UP83,S,197,0.306561884156149
1967,ENSG00000068903,SIRT2,Q8IXJ6,S,23,0.364335541039093
1968,ENSG00000089169,RPH3A,Q9Y2J0,S,693,0.182627136609033
1970,ENSG00000064607,SUGP2,Q8IX01,T,275,0.29802101738535
1974,ENSG00000103657,HERC1,Q15751,S,2706,0.3037288690532
1979,ENSG00000111676,ATN1,P54259,S,132,0.142898618380112
1980,ENSG00000071205,ARHGAP10,A1A4S6,T,633,0.182772606915182
1984,ENSG00000119487,MAPKAP1,Q9BPZ7,S,200,0.139570890118437
1988,ENSG00000104728,ARHGEF10,O15013,T,88,0.0787055608315347
1989,ENSG00000132613,MTSS1L,Q765P7,T,391,0.309804103518699
1990,ENSG00000149503,INCENP,Q9NQS7,T,292,0.430485010124426
1992,ENSG00000156675,RAB11FIP1,Q6WKZ4,T,642,0.159407357687474
2001,ENSG00000136754,ABI1,Q8IZP0,S,319,0.44892640760874
2002,ENSG00000148773,MKI67,P46013,S,1546,0.207906949881649
2003,ENSG00000129351,ILF3,Q12906,S,73,0.183394026278457
2005,ENSG00000105486,LIG1,P18858,S,229,0.334486283829107
2006,ENSG00000116871,MAP7D1,Q3KQU3,T,118,0.269694202145034
2007,ENSG00000132356,PRKAA1,Q13131,S,524,0.356025584969557
2008,ENSG00000115685,PPP1R7,Q15435,S,322,0.272621249262074
2009,ENSG00000100605,ITPK1,Q13572,S,358,0.190969537251238
2010,ENSG00000146592,CREB5,Q02930,T,61,0.556938511996584
2013,ENSG00000127663,KDM4B,O94953,S,1039,0.160586149060886
2014,ENSG00000164506,STXBP5,Q5T5C0,S,1131,0.101831149971751
2016,ENSG00000033327,GAB2,Q9UQC2,S,141,0.588604918742402
2017,ENSG00000185418,TARSL2,A2RTX5,S,453,0.663167022888423
2023,ENSG00000176410,DNAJC30,Q96LL9,S,137,0.521240710360137
2025,ENSG00000120549,KIAA1217,Q5T5P2,S,1650,0.24851602632235
2026,ENSG00000102981,PARD6A,Q9NPB6,S,345,0.19174240351796
2027,ENSG00000134602,STK26,Q9P289,S,306,0.51928385794901
2028,ENSG00000155816,FMN2,Q9NZ56,S,93,0.161282171913366
2029,ENSG00000171853,TRAPPC12,Q8WVT3,S,75,0.212900489924742
2030,ENSG00000104687,GSR,P00390,S,515,0.348766096526447
2031,ENSG00000108582,CPD,O75976,T,1368,0.5850148517681
2035,ENSG00000077235,GTF3C1,Q12789,S,1063,0.199349486843734
2036,ENSG00000169641,LUZP1,Q86V48,S,995,0.371731239628462
2039,ENSG00000086758,HUWE1,Q7Z6Z7,S,2262,0.161275988764055
2041,ENSG00000110841,PPFIBP1,Q86W92,S,361,0.120205917618719
2045,ENSG00000196865,NHLRC2,Q8NBF2,Y,403,0.4641318557793
2046,ENSG00000166963,MAP1A,P78559,S,2451,0.199016829688288
2047,ENSG00000108582,CPD,O75976,T,1370,0.478125839075452
2048,ENSG00000148840,PPRC1,Q5VV67,S,1377,0.329114088697503
2050,ENSG00000108312,UBTF,P17480,S,412,0.316758818673324
2051,ENSG00000079308,TNS1,Q9HBL0,S,1271,0.160348361799825
2053,ENSG00000144711,IQSEC1,Q6DN90,S,417,0.443348290791809
2054,ENSG00000101306,MYLK2,Q9H1R3,S,143,0.223225916683791
2055,ENSG00000114127,XRN1,Q8IZH2,S,1657,0.150565947805365
2057,ENSG00000083093,PALB2,Q86YC2,S,190,0.259865443323576
2060,ENSG00000099992,TBC1D10A,Q9BXI6,T,22,0.300347650603714
2062,ENSG00000160299,PCNT,O95613,S,2477,0.236215821786915
2067,ENSG00000108469,RECQL5,O94762,T,839,0.288444158758634
2072,ENSG00000101624,CEP76,Q8TAP6,S,82,0.281615767568882
2073,ENSG00000015133,CCDC88C,Q9P219,S,1584,0.29015752357811
2075,ENSG00000159259,CHAF1B,Q13112,T,521,0.159566391748304
2076,ENSG00000113712,CSNK1A1,P48729,T,323,0.283790975384866
2077,ENSG00000154864,PIEZO2,Q9H5I5,S,1857,0.0966279724359501
2081,ENSG00000020129,NCDN,Q9UBB6,S,583,0.162445194848104
2083,ENSG00000064042,LIMCH1,Q9UPQ0,S,177,0.240179503585691
2084,ENSG00000103091,WDR59,Q6PJI9,S,564,0.267418832469559
2085,ENSG00000169891,REPS2,Q8NFH8,S,550,0.242122095179077
2089,ENSG00000203786,KPRP,Q5T749,S,394,0.195230103475467
2090,ENSG00000065717,TLE2,Q04725,S,281,0.527049872587894
2091,ENSG00000166716,ZNF592,Q92610,S,322,0.345034708573166
2093,ENSG00000073921,PICALM,Q13492,S,307,0.308930228365748
2094,ENSG00000123338,NCKAP1L,P55160,S,600,0.0973228110460252
2095,ENSG00000059378,PARP12,Q9H0J9,T,266,0.281911650019727
2097,ENSG00000135365,PHF21A,Q96BD5,T,350,0.546166142311456
2099,ENSG00000181827,RFX7,Q2KHR2,S,431,0.272225075759801
2100,ENSG00000125166,GOT2,P00505,S,416,0.121787701826591
2101,ENSG00000064042,LIMCH1,Q9UPQ0,S,233,0.348740989657696
2102,ENSG00000060138,YBX3,P16989,S,370,0.316769641014709
2105,ENSG00000112659,CUL9,Q8IWT3,S,976,0.139434636399312
2107,ENSG00000197555,SIPA1L1,O43166,S,211,0.357717967624679
2108,ENSG00000178295,GEN1,Q17RS7,S,802,0.271227683737501
2109,ENSG00000108592,FTSJ3,Q8IY81,T,467,0.118618348488411
2110,ENSG00000165752,STK32C,Q86UX6,S,70,0.24120962822071
2112,ENSG00000162636,FAM102B,Q5T8I3,S,193,0.45942503283654
2113,ENSG00000089639,GMIP,Q9P107,S,243,0.402594009973034
2114,ENSG00000129680,MAP7D3,Q8IWC1,S,441,0.375637356884823
2116,ENSG00000107338,SHB,Q15464,S,307,0.358769747586078
2117,ENSG00000115084,SLC35F5,Q8WV83,S,208,0.127652682755287
2118,ENSG00000172164,SNTB1,Q13884,S,225,0.405974889164461
2119,ENSG00000186994,KANK3,Q6NY19,S,29,0.255177103107042
2120,ENSG00000187147,RNF220,Q5VTB9,S,282,0.429182329605433
2121,ENSG00000125534,PPDPF,Q9H3Y8,S,23,0.825606213021194
2123,ENSG00000072135,PTPN18,Q99952,S,345,0.458112684203623
2126,ENSG00000205476,CCDC85C,A6NKD9,S,372,0.22516050384359
2127,ENSG00000124831,LRRFIP1,Q32MZ4,S,68,0.324985551556214
2128,ENSG00000072364,AFF4,Q9UHB7,T,332,0.322024720107736
2131,ENSG00000100433,KCNK10,P57789,S,439,0.172352133197888
2132,ENSG00000005249,PRKAR2B,P31323,S,85,0.445506040045776
2133,ENSG00000173120,KDM2A,Q9Y2K7,T,713,0.469997156978037
2135,ENSG00000137601,NEK1,Q96PY6,S,1092,0.184193636204824
2136,ENSG00000001626,CFTR,P13569,S,700,0.393780336720809
2139,ENSG00000064042,LIMCH1,Q9UPQ0,S,966,0.206510300094566
2141,ENSG00000163539,CLASP2,O75122,S,368,0.370252280969562
2144,ENSG00000079841,RIMS1,Q86UR5,S,1677,0.456707702790519
2146,ENSG00000129219,PLD2,O14939,S,79,0.284286892138066
2147,ENSG00000241839,PLEKHO2,Q8TD55,S,256,0.291003416894088
2148,ENSG00000156599,ZDHHC5,Q9C0B5,S,458,0.384192567921721
2150,ENSG00000175920,DOK7,Q18PE1,S,246,0.266279631397608
2151,ENSG00000198265,HELZ,P42694,S,1614,0.345057024442752
2156,ENSG00000130829,DUSP9,Q99956,T,193,0.262180905469748
2157,ENSG00000183092,BEGAIN,Q9BUH8,S,455,0.492254459753132
2160,ENSG00000061938,TNK2,Q07912,Y,859,0.63793180043161
2164,ENSG00000182541,LIMK2,P53671,S,291,0.298983490456913
2165,ENSG00000158856,DMTN,Q08495,S,287,0.461616152074537
2170,ENSG00000112339,HBS1L,Q9Y450,S,127,0.40861199289492
2171,ENSG00000156030,ELMSAN1,Q6PJG2,Y,624,0.426875211245033
2174,ENSG00000086758,HUWE1,Q7Z6Z7,S,3160,0.0357861413787457
2176,ENSG00000198961,PJA2,O43164,S,309,0.411371217180053
2178,ENSG00000114790,ARHGEF26,Q96DR7,S,323,0.259006348578354
2179,ENSG00000179262,RAD23A,P54725,T,94,0.344641003060772
2180,ENSG00000243414,TICAM2,Q86XR7,T,25,0.0972806240127527
2181,ENSG00000136478,TEX2,Q8IWB9,S,738,0.22385469809338
2184,ENSG00000198910,L1CAM,P32004,S,1163,0.109334443635406
2185,ENSG00000073282,TP63,Q9H3D4,S,463,0.461105511773562
2187,ENSG00000110025,SNX15,Q9NRS6,T,229,0.355933956422877
2188,ENSG00000107957,SH3PXD2A,Q5TCZ1,S,1052,0.281773200279481
2190,ENSG00000182606,TRAK1,Q9UPV9,S,203,0.193139023639475
2193,ENSG00000092208,GEMIN2,O14893,T,48,0.527903754708405
2194,ENSG00000060749,QSER1,Q2KHR3,S,586,0.233055481456525
2195,ENSG00000163166,IWS1,Q96ST2,S,222,0.382073619789282
2198,ENSG00000095066,HOOK2,Q96ED9,T,443,0.18859541470037
2199,ENSG00000156709,AIFM1,O95831,S,371,0.304536727707806
2201,ENSG00000198824,CHAMP1,Q96JM3,S,243,0.182697428455134
2202,ENSG00000139154,AEBP2,Q6ZN18,S,211,0.494907216686429
2204,ENSG00000197694,SPTAN1,Q13813,S,999,0.145020474356338
2207,ENSG00000031081,ARHGAP31,Q2M1Z3,S,1053,0.0694397804699841
2208,ENSG00000140577,CRTC3,Q6UUV7,S,413,0.467964772725057
2209,ENSG00000147649,MTDH,Q86UE4,T,462,0.269275385686562
2210,ENSG00000070159,PTPN3,P26045,S,367,0.376458492488852
2211,ENSG00000168952,STXBP6,Q8NFX7,S,78,0.225781660210013
2214,ENSG00000085365,SCAMP1,O15126,S,41,0.130527275360848
2216,ENSG00000131381,RBSN,Q9H1K0,S,590,0.119475334386086
2220,ENSG00000046604,DSG2,Q14126,S,754,0.130058305529565
2222,ENSG00000144567,RETREG2,Q8NC44,S,337,0.541872273009567
2223,ENSG00000132694,ARHGEF11,O15085,S,232,0.280848219219656
2224,ENSG00000144747,TMF1,P82094,S,217,0.209353157518968
2225,ENSG00000183134,PTGDR2,Q9Y5Y4,S,339,0.363964182303401
2228,ENSG00000118960,HS1BP3,Q53T59,S,249,0.506588416184322
2230,ENSG00000198561,CTNND1,O60716,S,713,0.220774002596562
2231,ENSG00000113048,MRPS27,Q92552,S,301,0.252992607829251
2232,ENSG00000106070,GRB10,Q13322,S,134,0.216968742391418
2234,ENSG00000115183,TANC1,Q9C0D5,S,1687,0.190636068747183
2237,ENSG00000141030,COPS3,Q9UNS2,S,410,0.614426267049585
2238,ENSG00000116679,IVNS1ABP,Q9Y6Y0,S,269,0.303342170128934
2240,ENSG00000156030,ELMSAN1,Q6PJG2,T,704,0.489736908084682
2242,ENSG00000176472,ZNF575,Q86XF7,S,49,0.408962192860807
2243,ENSG00000169122,FAM110B,Q8TC76,S,199,0.243847976214819
2244,ENSG00000132305,IMMT,Q16891,S,186,0.107984269891958
2245,ENSG00000166689,PLEKHA7,Q6IQ23,S,569,0.479205656621297
2246,ENSG00000239900,ADSL,P30566,S,334,0.205644329584676
2247,ENSG00000085433,WDR47,O94967,S,374,0.322163516651071
2249,ENSG00000136643,RPS6KC1,Q96S38,S,281,0.273972765607725
2252,ENSG00000148660,CAMK2G,Q13555,S,419,0.241284236294465
2253,ENSG00000167522,ANKRD11,Q6UB99,T,1798,0.254528386795411
2254,ENSG00000102362,SYTL4,Q96C24,S,488,0.290889926170027
2256,ENSG00000141574,SECTM1,Q8WVN6,S,237,0.216674417162303
2258,ENSG00000020577,SAMD4A,Q9UPU9,T,423,0.240662816488712
2262,ENSG00000101199,ARFGAP1,Q8N6T3,S,355,0.133339316711236
2263,ENSG00000167674,HDGFL2,Q7Z4V5,S,640,0.287033968698543
2264,ENSG00000160062,ZBTB8A,Q96BR9,S,161,0.516840201375461
2267,ENSG00000072736,NFATC3,Q12968,T,268,0.331316624422686
2268,ENSG00000196411,EPHB4,P54760,S,770,0.454582523415605
2269,ENSG00000067369,TP53BP1,Q12888,S,1113,0.21545754020754
2271,ENSG00000185008,ROBO2,Q9HCK4,S,1325,0.20400071162668
2275,ENSG00000185278,ZBTB37,Q5TC79,S,465,0.26308807528437
2276,ENSG00000136531,SCN2A,Q99250,S,528,0.110482966499442
2277,ENSG00000005194,CIAPIN1,Q6FI81,T,136,0.285562886870393
2280,ENSG00000064703,DDX20,Q9UHI6,S,560,0.329780111696072
2281,ENSG00000055208,TAB2,Q9NYJ8,S,580,0.317995963294384
2284,ENSG00000196872,KIAA1211L,Q6NV74,S,640,0.0766227517068892
2285,ENSG00000198815,FOXJ3,Q9UPW0,S,223,0.581907209923673
2286,ENSG00000170579,DLGAP1,O14490,S,595,0.274984176062491
2287,ENSG00000144893,MED12L,Q86YW9,S,637,0.388549086759872
2290,ENSG00000151208,DLG5,Q8TDM6,Y,990,0.379540080971378
2291,ENSG00000196924,FLNA,P21333,Y,373,0.336521788000516
2302,ENSG00000114745,GORASP1,Q9BQQ3,T,237,0.451081866524546
2306,ENSG00000253250,C8orf88,P0DMB2,S,70,0.267490620479469
2307,ENSG00000059122,FLYWCH1,Q4VC44,S,21,0.374795349734812
2310,ENSG00000104960,PTOV1,Q86YD1,S,73,0.502460718119125
2312,ENSG00000211455,STK38L,Q9Y2H1,Y,289,0.615973617089716
2316,ENSG00000177354,C10orf71,Q711Q0,S,517,0.15562059024169
2317,ENSG00000125977,EIF2S2,P20042,S,2,0.590707935005443
2318,ENSG00000197256,KANK2,Q63ZY3,S,246,0.166505639892669
2322,ENSG00000178104,PDE4DIP,Q5VU43,S,740,0.051806668576671
2323,ENSG00000111859,NEDD9,Q14511,S,372,0.169005004647928
2324,ENSG00000137656,BUD13,Q9BRD0,S,299,0.367214503574264
2325,ENSG00000100393,EP300,Q09472,S,2309,0.405590147786102
2326,ENSG00000171729,TMEM51,Q9NW97,S,160,0.345375443821057
2328,ENSG00000124151,NCOA3,Q9Y6Q9,S,214,0.291740510739865
2332,ENSG00000156983,BRPF1,P55201,S,844,0.268798725689918
2335,ENSG00000119041,GTF3C3,Q9Y5Q9,S,282,0.29008382769211
2337,ENSG00000154358,OBSCN,Q5VST9,S,4829,0.113471891813956
2341,ENSG00000178209,PLEC,Q15149,S,4392,0.385708859944513
2343,ENSG00000163110,PDLIM5,Q96HC4,S,257,0.259178204770738
2344,ENSG00000198824,CHAMP1,Q96JM3,S,217,0.295303108111628
2345,ENSG00000147642,SYBU,Q9NX95,S,47,0.219525861895683
2348,ENSG00000076067,RBMS2,Q15434,S,285,0.618748863057402
2351,ENSG00000163932,PRKCD,Q05655,S,331,0.258447914022075
2353,ENSG00000198961,PJA2,O43164,S,428,0.323479483155849
2354,ENSG00000179262,RAD23A,P54725,T,132,0.315612140655296
2356,ENSG00000076662,ICAM3,P32942,S,518,0.532510364762222
2357,ENSG00000135913,USP37,Q86T82,T,631,0.682385496719106
2358,ENSG00000154305,MIA3,Q5JRA6,S,407,0.227701158385657
2359,ENSG00000169764,UGP2,Q16851,S,103,0.271942049132569
2361,ENSG00000189159,JPT1,Q9UK76,S,70,0.416325462565309
2363,ENSG00000069974,RAB27A,P51159,S,211,0.345343155207401
2364,ENSG00000149596,JPH2,Q9BR39,T,525,0.196466824700843
2365,ENSG00000145220,LYAR,Q9NX58,S,244,0.306030059305906
2366,ENSG00000109171,SLAIN2,Q9P270,S,315,0.566057317824448
2367,ENSG00000156304,SCAF4,O95104,T,138,0.0801743657722449
2368,ENSG00000109756,RAPGEF2,Q9Y4G8,S,1225,0.0944609107855655
2371,ENSG00000070759,TESK2,Q96S53,S,479,0.138577201023292
2375,ENSG00000011426,ANLN,Q9NQW6,S,97,0.364687834443311
2378,ENSG00000100580,TMED8,Q6PL24,S,284,0.211937754877182
2379,ENSG00000198961,PJA2,O43164,S,432,0.480669279658559
2382,ENSG00000116675,DNAJC6,O75061,S,616,0.256814447604024
2383,ENSG00000138771,SHROOM3,Q8TF72,S,1726,0.147409057337661
2384,ENSG00000099991,CABIN1,Q9Y6J0,S,1439,0.230271446765144
2386,ENSG00000151320,AKAP6,Q13023,S,1717,0.117286992449627
2387,ENSG00000136444,RSAD1,Q9HA92,S,30,0.387433079865749
2389,ENSG00000124789,NUP153,P49790,S,1047,0.174005755360909
2392,ENSG00000171634,BPTF,Q12830,S,1677,0.259437843223422
2395,ENSG00000174485,DENND4A,Q7Z401,S,1370,0.0832798012057287
2397,ENSG00000089234,BRAP,Q7Z569,T,308,0.311856005993956
2398,ENSG00000105738,SIPA1L3,O60292,S,146,0.332695586334886
2400,ENSG00000196639,HRH1,P35367,S,275,0.821998603619822
2402,ENSG00000149182,ARFGAP2,Q8N6H7,S,414,0.420274761907197
2406,ENSG00000164916,FOXK1,P85037,Y,310,0.499973011327098
2407,ENSG00000119927,GPAM,Q9HCL2,S,685,0.241883731887125
2410,ENSG00000100813,ACIN1,Q9UKV3,S,981,0.361867228119499
2412,ENSG00000115290,GRB14,Q14449,S,372,0.612706881751954
2417,ENSG00000115355,CCDC88A,Q3V6T2,S,233,0.317914480400564
2421,ENSG00000112739,PRPF4B,Q13523,S,837,0.248401128666155
2423,ENSG00000198730,CTR9,Q6PD62,S,1130,0.305908433274766
2426,ENSG00000168502,MTCL1,Q9Y4B5,S,622,0.35030051923626
2427,ENSG00000148773,MKI67,P46013,S,1628,0.197814849954271
2430,ENSG00000107771,CCSER2,Q9H7U1,S,223,0.48881017908421
2432,ENSG00000038382,TRIO,O75962,S,2495,0.19192612694742
2433,ENSG00000144283,PKP4,Q99569,S,240,0.178693109312459
2434,ENSG00000054523,KIF1B,O60333,S,1054,0.192710498828727
2435,ENSG00000100604,CHGA,P10645,S,136,0.397534231559402
2437,ENSG00000182253,SYNM,O15061,S,936,0.0953615337108579
2439,ENSG00000132825,PPP1R3D,O95685,S,23,0.349422769182522
2441,ENSG00000112851,ERBIN,Q96RT1,S,832,0.307783887244534
2444,ENSG00000023287,RB1CC1,Q8TDY2,S,237,0.239734708095715
2447,ENSG00000143442,POGZ,Q7Z3K3,S,28,0.244629383621156
2448,ENSG00000171316,CHD7,Q9P2D1,S,2254,0.199863015268693
2449,ENSG00000107929,LARP4B,Q92615,S,585,0.422035479153688
2451,ENSG00000086061,DNAJA1,P31689,S,188,0.239500010127815
2452,ENSG00000170248,PDCD6IP,Q8WUM4,S,423,0.156844957844845
2453,ENSG00000036448,MYOM2,P54296,S,762,0.0765866557858894
2454,ENSG00000109787,KLF3,P57682,S,224,0.406714329561949
2455,ENSG00000058335,RASGRF1,Q13972,S,857,0.222849641961693
2457,ENSG00000116117,PARD3B,Q8TEW8,S,1184,0.349966639368818
2458,ENSG00000122966,CIT,O14578,S,433,0.293089444186622
2461,ENSG00000106617,PRKAG2,Q9UGJ0,S,157,0.576270976293835
2464,ENSG00000168502,MTCL1,Q9Y4B5,S,196,0.338761056499161
2465,ENSG00000111245,MYL2,P10916,S,15,0.557550448848855
2470,ENSG00000140682,TGFB1I1,O43294,T,188,0.327777867488854
2471,ENSG00000075426,FOSL2,P15408,S,320,0.73241588113604
2477,ENSG00000059758,CDK17,Q00537,S,75,0.483547016677975
2479,ENSG00000055609,KMT2C,Q8NEZ4,T,2942,0.1531493066338
2480,ENSG00000173638,SLC19A1,P41440,S,507,0.328227353214388
2482,ENSG00000172661,WASHC2C,Q9Y4E1,S,552,0.1763755586483
2484,ENSG00000100852,ARHGAP5,Q13017,S,968,0.308596376009394
2485,ENSG00000168615,ADAM9,Q13443,S,758,0.447589161181115
2486,ENSG00000130158,DOCK6,Q96HP0,S,1198,0.118260389346015
2487,ENSG00000111371,SLC38A1,Q9H2H9,T,54,0.569855285684424
2490,ENSG00000175467,SART1,O43290,S,486,0.346296059840709
2491,ENSG00000144824,PHLDB2,Q86SQ0,S,417,0.284655519081194
2492,ENSG00000160299,PCNT,O95613,S,3284,0.42328132327762
2495,ENSG00000147130,ZMYM3,Q14202,S,192,0.185217559848302
2497,ENSG00000130701,RBBP8NL,Q8NC74,T,472,0.161372207724716
2498,ENSG00000104312,RIPK2,O43353,T,412,0.174134474516978
2501,ENSG00000070018,LRP6,O75581,S,1475,0.399698892811988
2502,ENSG00000188878,FBF1,Q8TES7,S,334,0.304959024797787
2503,ENSG00000168216,LMBRD1,Q9NUN5,S,528,0.345706651687439
2504,ENSG00000166592,RRAD,P55042,T,27,0.490164534818828
2506,ENSG00000084112,SSH1,Q8WYL5,S,971,0.657232883379429
2507,ENSG00000101811,CSTF2,P33240,Y,115,0.453065476330435
2508,ENSG00000147144,CCDC120,Q96HB5,S,498,0.262094645083212
2509,ENSG00000056277,ZNF280C,Q8ND82,S,515,0.426923483594367
2511,ENSG00000253729,PRKDC,P78527,S,3215,0.155730183235128
2512,ENSG00000145868,FBXO38,Q6PIJ6,S,724,0.324734229652033
2515,ENSG00000088888,MAVS,Q7Z434,S,253,0.350079754503698
2516,ENSG00000101187,SLCO4A1,Q96BD0,S,50,0.499483442523274
2518,ENSG00000167978,SRRM2,Q9UQ35,S,1403,0.23173427639638
2519,ENSG00000196924,FLNA,P21333,S,1343,0.472720936860585
2522,ENSG00000140153,WDR20,Q8TBZ3,S,492,0.300823803254242
2525,ENSG00000143337,TOR1AIP1,Q5JTV8,S,164,0.411862592409323
2527,ENSG00000187479,C11orf96,Q7Z7L8,S,433,0.299285608289386
2528,ENSG00000165424,ZCCHC24,Q8N2G6,S,65,0.610009868178081
2531,ENSG00000104852,SNRNP70,P08621,S,217,0.314754043722308
2532,ENSG00000017260,ATP2C1,P98194,S,913,0.227333129968324
2533,ENSG00000110395,CBL,P22681,S,452,0.38263970381093
2534,ENSG00000132718,SYT11,Q9BT88,S,144,0.144396092182111
2536,ENSG00000187479,C11orf96,Q7Z7L8,S,431,0.347076894675815
2537,ENSG00000043514,TRIT1,Q9H3H1,S,439,0.466912509583778
2538,ENSG00000133401,PDZD2,O15018,S,514,0.26274722338587
2539,ENSG00000101605,MYOM1,P52179,S,122,0.0695574439165422
2543,ENSG00000138771,SHROOM3,Q8TF72,T,1352,0.230777091226029
2546,ENSG00000116786,PLEKHM2,Q8IWE5,S,766,0.150410498469567
2548,ENSG00000106244,PDAP1,Q13442,T,18,0.684388029325159
2550,ENSG00000141867,BRD4,O60885,S,1051,0.26200544581015
2551,ENSG00000103111,MON1B,Q7L1V2,S,59,0.494215012085786
2559,ENSG00000131711,MAP1B,P46821,T,527,0.24560084076883
2560,ENSG00000174485,DENND4A,Q7Z401,S,938,0.0625025241564338
2561,ENSG00000198925,ATG9A,Q7Z3C6,S,14,0.378060947015561
2562,ENSG00000275832,ARHGAP23,Q9P227,S,603,0.0724907295168691
2563,ENSG00000115904,SOS1,Q07889,S,1166,0.46198631621003
2564,ENSG00000128283,CDC42EP1,Q00587,S,80,0.421699823023949
2565,ENSG00000171914,TLN2,Q9Y4G6,S,428,0.215287392503467
2566,ENSG00000095637,SORBS1,Q9BX66,S,374,0.0712737440278267
2567,ENSG00000067141,NEO1,Q92859,S,1225,0.0901780786334559
2568,ENSG00000152495,CAMK4,Q16566,S,348,0.328359786499872
2569,ENSG00000148498,PARD3,Q8TEW0,S,143,0.440212488113662
2570,ENSG00000073614,KDM5A,P29375,T,203,0.169392333230929
2572,ENSG00000142544,CTU1,Q7Z7A3,T,332,0.468327806407451
2573,ENSG00000114391,RPL24,P83731,S,64,0.302214569489948
2576,ENSG00000205517,RGL3,Q3MIN7,S,512,0.585864347045697
2577,ENSG00000057019,DCBLD2,Q96PD2,S,720,0.375180974775162
2582,ENSG00000265107,GJA5,P36382,S,120,0.586497821393308
2584,ENSG00000173068,BNC2,Q6ZN30,S,829,0.223409343707253
2585,ENSG00000187867,PALM3,A6NDB9,S,548,0.333414351402515
2586,ENSG00000141854,MISP3,Q96FF7,S,26,0.230995410114624
2587,ENSG00000109320,NFKB1,P19838,T,939,0.307372099551814
2588,ENSG00000148773,MKI67,P46013,S,1118,0.218115810263031
2590,ENSG00000173641,HSPB7,Q9UBY9,S,14,0.179425853376685
2591,ENSG00000118946,PCDH17,O14917,S,1080,0.223335542381258
2592,ENSG00000099204,ABLIM1,O14639,S,640,0.507843130578555
2594,ENSG00000079308,TNS1,Q9HBL0,T,760,0.14886769779842
2597,ENSG00000130396,AFDN,P55196,S,1172,0.245874649390441
2598,ENSG00000156650,KAT6B,Q8WYB5,T,1275,0.149592634203858
2601,ENSG00000170035,UBE2E3,Q969T4,S,20,0.162061068081029
2602,ENSG00000100146,SOX10,P56693,S,24,0.561361097629248
2603,ENSG00000100442,FKBP3,Q00688,S,100,0.410668691602997
2606,ENSG00000196187,TMEM63A,O94886,S,739,0.17292605281265
2607,ENSG00000134954,ETS1,P14921,S,251,0.449937882485415
2608,ENSG00000122482,ZNF644,Q9H582,S,1214,0.149345874861245
2609,ENSG00000166197,NOLC1,Q14978,T,259,0.219590426663745
2610,ENSG00000134250,NOTCH2,Q04721,S,1804,0.257436512033145
2611,ENSG00000130522,JUND,P17535,S,259,0.771942632467522
2614,ENSG00000057294,PKP2,Q99959,S,169,0.419976272214353
2617,ENSG00000100983,GSS,P48637,S,151,0.208511302872561
2619,ENSG00000162302,RPS6KA4,O75676,S,634,0.368250260981968
2620,ENSG00000198833,UBE2J1,Q9Y385,S,266,0.621107572151805
2623,ENSG00000183808,RBM12B,Q8IXT5,S,499,0.337001970791545
2624,ENSG00000138593,SECISBP2L,Q93073,S,934,0.0759030706621623
2625,ENSG00000156709,AIFM1,O95831,T,521,0.305426333581518
2629,ENSG00000070808,CAMK2A,Q9UQM7,T,336,0.449085858202521
2630,ENSG00000111707,SUDS3,Q9H7L9,S,237,0.594070644228449
2631,ENSG00000107263,RAPGEF1,Q13905,S,349,0.441485270580524
2632,ENSG00000152234,ATP5F1A,P25705,S,517,0.199542627216812
2634,ENSG00000176393,RNPEP,Q9H4A4,S,7,0.50972906865968
2637,ENSG00000136021,SCYL2,Q6P3W7,T,810,0.238794027963511
2638,ENSG00000169057,MECP2,P51608,S,359,0.418046105122602
2645,ENSG00000128011,LRFN1,Q9P244,S,731,0.5033965246934
2646,ENSG00000169710,FASN,P49327,S,286,0.197812098509253
2648,ENSG00000145349,CAMK2D,Q13557,T,336,0.560892328711859
2649,ENSG00000142273,CBLC,Q9ULV8,S,461,0.309439491187405
2650,ENSG00000100211,CBY1,Q9Y3M2,S,20,0.471393725790294
2651,ENSG00000134313,KIDINS220,Q9ULH0,S,1652,0.115367447985007
2652,ENSG00000118412,CASP8AP2,Q9UKL3,S,1368,0.131525529593424
2653,ENSG00000135148,TRAFD1,O14545,S,489,0.0985264564820679
2656,ENSG00000177169,ULK1,O75385,S,533,0.367461391595259
2658,ENSG00000117595,IRF6,O14896,S,413,0.426922690788492
2660,ENSG00000104320,NBN,O60934,S,58,0.42584032200929
2663,ENSG00000130762,ARHGEF16,Q5VV41,S,576,0.270784287652975
2665,ENSG00000150961,SEC24D,O94855,S,826,0.418374014169769
2666,ENSG00000204356,NELFE,P18615,S,281,0.388011048981318
2667,ENSG00000099385,BCL7C,Q8WUZ0,S,122,0.353201771542838
2668,ENSG00000150764,DIXDC1,Q155Q3,S,261,0.204404839951807
2673,ENSG00000129245,FXR2,P51116,S,637,0.110847063881214
2674,ENSG00000076650,GPATCH1,Q9BRR8,S,8,0.411789767556984
2675,ENSG00000171467,ZNF318,Q5VUA4,S,237,0.150862628305412
2676,ENSG00000054118,THRAP3,Q9Y2W1,T,324,0.17652338569746
2679,ENSG00000169217,CD2BP2,O95400,S,247,0.271747047169448
2680,ENSG00000099814,CEP170B,Q9Y4F5,T,531,0.267430374231679
2681,ENSG00000072518,MARK2,Q7KZI7,S,624,0.418349500447249
2682,ENSG00000117625,RCOR3,Q9P2K3,S,372,0.291142567999614
2684,ENSG00000105699,LSR,Q86X29,S,540,0.301685789832489
2686,ENSG00000144711,IQSEC1,Q6DN90,S,253,0.318331361718707
2687,ENSG00000104833,TUBB4A,P04350,T,55,0.370229650180518
2688,ENSG00000091527,CDV3,Q9UKY7,S,197,0.371700217421762
2689,ENSG00000205336,ADGRG1,Q9Y653,S,689,0.284357946996583
2690,ENSG00000152767,FARP1,Q9Y4F1,S,514,0.379223973729153
2691,ENSG00000124942,AHNAK,Q09666,T,694,0.263390483116821
2692,ENSG00000141527,CARD14,Q9BXL6,S,241,0.0917773890222869
2693,ENSG00000145687,SSBP2,P81877,S,360,0.189365539269973
2694,ENSG00000008294,SPAG9,O60271,S,311,0.217897010885081
2696,ENSG00000134369,NAV1,Q8NEY1,S,757,0.205218847129116
2698,ENSG00000003987,MTMR7,Q9Y216,S,593,0.172897462629686
2699,ENSG00000135842,FAM129A,Q9BZQ8,S,639,0.226505657367887
2700,ENSG00000100796,PPP4R3A,Q6IN85,S,126,0.386043562674789
2702,ENSG00000148773,MKI67,P46013,T,1233,0.345359121964097
2705,ENSG00000124942,AHNAK,Q09666,T,638,0.246651448681016
2706,ENSG00000188522,FAM83G,A6ND36,S,610,0.451239889917826
2710,ENSG00000152291,TGOLN2,O43493,S,347,0.25819612534845
2711,ENSG00000172534,HCFC1,P51610,S,1507,0.324772434271279
2714,ENSG00000165138,ANKS6,Q68DC2,S,699,0.0807046686342236
2715,ENSG00000115935,WIPF1,O43516,T,345,0.487526750688037
2716,ENSG00000166897,ELFN2,Q5R3F8,S,757,0.470209535615559
2717,ENSG00000067248,DHX29,Q7Z478,S,251,0.152761074037289
2718,ENSG00000005436,GCFC2,P16383,S,122,0.149550839146444
2719,ENSG00000177354,C10orf71,Q711Q0,S,880,0.189724880879211
2723,ENSG00000166689,PLEKHA7,Q6IQ23,T,902,0.151462266170633
2725,ENSG00000138463,DIRC2,Q96SL1,S,26,0.178502968592014
2726,ENSG00000144824,PHLDB2,Q86SQ0,S,203,0.357351392101063
2727,ENSG00000278540,ACACA,Q13085,S,1216,0.162004769999488
2728,ENSG00000095564,BTAF1,O14981,S,91,0.183429593223037
2729,ENSG00000129484,PARP2,Q9UGN5,S,33,0.288576185644339
2732,ENSG00000079308,TNS1,Q9HBL0,S,1356,0.141913065528331
2733,ENSG00000110427,KIAA1549L,Q6ZVL6,S,1593,0.107863218007474
2739,ENSG00000170214,ADRA1B,P35368,S,267,0.137545335435435
2741,ENSG00000196132,MYT1,Q01538,S,108,0.119630768270315
2742,ENSG00000118508,RAB32,Q13637,S,154,0.477021162880957
2744,ENSG00000099814,CEP170B,Q9Y4F5,S,421,0.490500861757049
2746,ENSG00000148356,LRSAM1,Q6UWE0,S,231,0.12399138205437
2747,ENSG00000125414,MYH2,Q9UKX2,T,69,0.0632057123233934
2749,ENSG00000196924,FLNA,P21333,T,2175,0.0204456260940023
2750,ENSG00000132763,MMACHC,Q9Y4U1,S,279,0.389996882679831
2751,ENSG00000077454,LRCH4,O75427,S,279,0.224454906967103
2754,ENSG00000170471,RALGAPB,Q86X10,S,1453,0.146256920419922
2757,ENSG00000064042,LIMCH1,Q9UPQ0,S,188,0.14980673671023
2763,ENSG00000095585,BLNK,Q8WV28,Y,189,0.42356673854184
2765,ENSG00000070047,PHRF1,Q9P1Y6,S,948,0.161364980261595
2771,ENSG00000172375,C2CD2L,O14523,T,428,0.713211147094442
2773,ENSG00000172869,DMXL1,Q9Y485,S,1261,0.0474200327616727
2777,ENSG00000112297,CRYBG1,Q9Y4K1,S,22,0.293500028846996
2778,ENSG00000118482,PHF3,Q92576,S,680,0.256382493061318
2779,ENSG00000196588,MKL1,O15075,S,312,0.247785225991194
2781,ENSG00000116871,MAP7D1,Q3KQU3,S,452,0.372212042799146
2782,ENSG00000082516,GEMIN5,Q8TEQ6,T,807,0.320755129663445
2784,ENSG00000004975,DVL2,O14641,S,211,0.54562289781871
2788,ENSG00000109089,CDR2L,Q86X02,S,304,0.365193389126892
2789,ENSG00000156650,KAT6B,Q8WYB5,T,1300,0.0559321213118202
2792,ENSG00000160410,SHKBP1,Q8TBC3,T,693,0.367558639075204
2793,ENSG00000076984,MAP2K7,O14733,S,61,0.559988473149367
2796,ENSG00000069869,NEDD4,P46934,S,743,0.321535985994842
2799,ENSG00000272333,KMT2B,Q9UMN6,S,1039,0.255308199629076
2800,ENSG00000031823,RANBP3,Q9H6Z4,S,126,0.6101619080668
2801,ENSG00000136141,LRCH1,Q9Y2L9,T,568,0.389691643841075
2802,ENSG00000099942,CRKL,P46109,S,107,0.5432628968087
2803,ENSG00000168827,GFM1,Q96RP9,S,91,0.183755466147266
2808,ENSG00000140259,MFAP1,P55081,S,118,0.437267506861413
2810,ENSG00000165929,TC2N,Q8N9U0,S,137,0.639392322407372
2813,ENSG00000133884,DPF2,Q92785,S,118,0.339832330537702
2818,ENSG00000204138,PHACTR4,Q8IZ21,S,344,0.461020988612858
2819,ENSG00000124491,F13A1,P00488,S,124,0.164871135752672
2822,ENSG00000140950,TLDC1,Q6P9B6,S,440,0.319165287107256
2823,ENSG00000168334,XIRP1,Q702N8,S,1666,0.0944437984330624
2824,ENSG00000103540,CCP110,O43303,S,551,0.439947847326029
2826,ENSG00000158445,KCNB1,Q14721,T,733,0.278401465769685
2827,ENSG00000171988,JMJD1C,Q15652,S,2047,0.240963977096023
2828,ENSG00000112851,ERBIN,Q96RT1,S,1079,0.374105675830599
2829,ENSG00000148925,BTBD10,Q9BSF8,S,107,0.150303913610345
2832,ENSG00000157851,DPYSL5,Q9BPU6,T,509,0.476074613950857
2837,ENSG00000179981,TSHZ1,Q6ZSZ6,T,628,0.238247731027915
2841,ENSG00000086758,HUWE1,Q7Z6Z7,S,2266,0.2053823624526
2842,ENSG00000122257,RBBP6,Q7Z6E9,S,1707,0.160561203232334
2843,ENSG00000130024,PHF10,Q8WUB8,S,61,0.488826930194381
2844,ENSG00000107863,ARHGAP21,Q5T5U3,S,1432,0.497824250567653
2846,ENSG00000125733,TRIP10,Q15642,S,304,0.295668712686403
2847,ENSG00000105287,PRKD2,Q9BZL6,S,200,0.445329057555585
2848,ENSG00000149564,ESAM,Q96AP7,T,332,0.3280673822472
2851,ENSG00000196684,HSH2D,Q96JZ2,S,298,0.415505874782828
2855,ENSG00000196465,MYL6B,P14649,S,114,0.301264142669194
2857,ENSG00000073282,TP63,Q9H3D4,S,395,0.261753574729695
2858,ENSG00000162613,FUBP1,Q96AE4,S,52,0.355554880831974
2861,ENSG00000185149,NPY2R,P49146,S,369,0.168881972107104
2862,ENSG00000184792,OSBP2,Q969R2,S,766,0.382895724650334
2863,ENSG00000121390,PSPC1,Q8WXF1,S,477,0.568901250386391
2864,ENSG00000167674,HDGFL2,Q7Z4V5,S,599,0.23783755080762
2865,ENSG00000100523,DDHD1,Q8NEL9,S,727,0.572124873772351
2866,ENSG00000106665,CLIP2,Q9UDT6,S,27,0.233363284887212
2867,ENSG00000134802,SLC43A3,Q8NBI5,S,248,0.425700040378873
2870,ENSG00000180209,MYLPF,Q96A32,Y,158,0.419823917292527
2871,ENSG00000068976,PYGM,P11217,Y,732,0.40411071691266
2872,ENSG00000141905,NFIC,P08651,S,305,0.637647713030623
2873,ENSG00000136643,RPS6KC1,Q96S38,S,589,0.177473269593374
2874,ENSG00000050405,LIMA1,Q9UHB6,Y,229,0.435513330659478
2875,ENSG00000134294,SLC38A2,Q96QD8,Y,41,0.782651768452443
2879,ENSG00000169891,REPS2,Q8NFH8,S,492,0.572994266189469
2880,ENSG00000115935,WIPF1,O43516,S,350,0.551318763185944
2883,ENSG00000135837,CEP350,Q5VT06,S,1133,0.129101546587996
2886,ENSG00000038358,EDC4,Q6P2E9,S,676,0.288163134810351
2887,ENSG00000105939,ZC3HAV1,Q7Z2W4,S,249,0.648810883194362
2888,ENSG00000144711,IQSEC1,Q6DN90,S,211,0.218732633484902
2890,ENSG00000163644,PPM1K,Q8N3J5,S,248,0.234972176924691
2891,ENSG00000120738,EGR1,P18146,S,26,0.318738171352034
2892,ENSG00000064787,BCAS1,O75363,S,370,0.108910222356491
2896,ENSG00000079308,TNS1,Q9HBL0,S,1142,0.169621813317373
2899,ENSG00000072840,EVC,P57679,S,81,0.482999606341421
2902,ENSG00000136754,ABI1,Q8IZP0,T,200,0.396755737186548
2904,ENSG00000100084,HIRA,P54198,S,614,0.388036840632352
2905,ENSG00000025708,TYMP,P19971,S,364,0.227536562431171
2906,ENSG00000114757,PEX5L,Q8IYB4,S,447,0.462642800534753
2907,ENSG00000066032,CTNNA2,P26232,S,901,0.147274710893464
2908,ENSG00000115677,HDLBP,Q00341,S,1247,0.201988733706513
2909,ENSG00000105559,PLEKHA4,Q9H4M7,S,675,0.234729709256857
2913,ENSG00000141503,MINK1,Q8N4C8,S,733,0.267091021018185
2916,ENSG00000196924,FLNA,P21333,S,757,0.499547920823197
2923,ENSG00000170921,TANC2,Q9HCD6,S,254,0.145927344804068
2924,ENSG00000166477,LEO1,Q8WVC0,S,29,0.384509687587104
2926,ENSG00000007047,MARK4,Q96L34,S,438,0.449144970623855
2928,ENSG00000169371,SNUPN,O95149,S,329,0.316519608758912
2929,ENSG00000100731,PCNX1,Q96RV3,S,904,0.168872135008794
2934,ENSG00000136574,GATA4,P43694,S,417,0.224563208678317
2936,ENSG00000174306,ZHX3,Q9H4I2,S,604,0.336069932479235
2938,ENSG00000126767,ELK1,P19419,S,196,0.167316872443041
2939,ENSG00000198160,MIER1,Q8N108,S,121,0.393999077087229
2940,ENSG00000099385,BCL7C,Q8WUZ0,S,114,0.687572267700702
2942,ENSG00000118200,CAMSAP2,Q08AD1,S,496,0.137522811924716
2944,ENSG00000104517,UBR5,O95071,S,1308,0.254536658478039
2946,ENSG00000154822,PLCL2,Q9UPR0,Y,1022,0.362138748243543
2947,ENSG00000134352,IL6ST,P40189,S,782,0.570186007606502
2948,ENSG00000090621,PABPC4,Q13310,S,531,0.403161888372913
2954,ENSG00000167716,WDR81,Q562E7,S,1115,0.104404380529632
2955,ENSG00000168175,MAPK1IP1L,Q8NDC0,S,15,0.528468965115784
2958,ENSG00000142864,SERBP1,Q8NC51,Y,207,0.468482275950862
2959,ENSG00000163629,PTPN13,Q12923,S,499,0.245965174488659
2960,ENSG00000083642,PDS5B,Q9NTI5,S,1417,0.235933404526795
2963,ENSG00000104687,GSR,P00390,T,513,0.371612111378023
2965,ENSG00000074855,ANO8,Q9HCE9,S,669,0.324880267128348
2966,ENSG00000149273,RPS3,P23396,S,224,0.512228103619664
2967,ENSG00000143776,CDC42BPA,Q5VT25,S,1721,0.357344108235928
2968,ENSG00000146555,SDK1,Q7Z5N4,T,2129,0.120083311758749
2969,ENSG00000184708,EIF4ENIF1,Q9NRA8,T,755,0.187537485067284
2970,ENSG00000109171,SLAIN2,Q9P270,T,313,0.64163571639942
2971,ENSG00000142864,SERBP1,Q8NC51,S,199,0.28042986719399
2972,ENSG00000185658,BRWD1,Q9NSI6,S,696,0.296049607415381
2973,ENSG00000127481,UBR4,Q5T4S7,S,1634,0.108470380419699
2977,ENSG00000105926,MPP6,Q99547,S,110,0.541990913244439
2978,ENSG00000090975,PITPNM2,Q9BZ72,S,1298,0.21063667854183
2980,ENSG00000171314,PGAM1,P18669,S,23,0.566579860705778
2984,ENSG00000129474,AJUBA,Q96IF1,S,39,0.415512558454596
2985,ENSG00000114423,CBLB,Q13191,S,977,0.237147331195271
2988,ENSG00000100902,PSMA6,P60900,S,5,0.54597638715495
2989,ENSG00000169258,GPRIN1,Q7Z2K8,S,895,0.320895363105998
2990,ENSG00000104853,CLPTM1,O96005,S,21,0.108239697123524
2992,ENSG00000154358,OBSCN,Q5VST9,S,5563,0.290420675276279
2994,ENSG00000119522,DENND1A,Q8TEH3,S,554,0.122521827542732
2996,ENSG00000006607,FARP2,O94887,S,886,0.357267635085201
2999,ENSG00000141750,STAC2,Q6ZMT1,S,175,0.530929216544565
3002,ENSG00000197043,ANXA6,P08133,Y,30,0.411877466940085
3003,ENSG00000164190,NIPBL,Q6KC79,S,150,0.346976708070138
3004,ENSG00000136628,EPRS,P07814,S,944,0.192692143686786
3007,ENSG00000105287,PRKD2,Q9BZL6,S,203,0.262217126286622
3008,ENSG00000079308,TNS1,Q9HBL0,T,1107,0.224531607946317
3010,ENSG00000163510,CWC22,Q9HCG8,S,786,0.234933164863135
3015,ENSG00000092853,CLSPN,Q9HAW4,Y,843,0.459803125057441
3017,ENSG00000067369,TP53BP1,Q12888,T,1372,0.249055714508472
3018,ENSG00000100629,CEP128,Q6ZU80,S,1033,0.228801872320319
3019,ENSG00000129071,MBD4,O95243,S,319,0.0952052524726162
3020,ENSG00000133401,PDZD2,O15018,S,850,0.259116387220754
3021,ENSG00000176595,KBTBD11,O94819,S,87,0.402942295694075
3024,ENSG00000167978,SRRM2,Q9UQ35,T,458,0.151086019046076
3025,ENSG00000130024,PHF10,Q8WUB8,S,301,0.539023786586594
3026,ENSG00000136205,TNS3,Q68CZ2,S,571,0.25002828663888
3027,ENSG00000047188,YTHDC2,Q9H6S0,S,1092,0.276507672128827
3030,ENSG00000154174,TOMM70,O94826,S,96,0.323759041081822
3031,ENSG00000138434,SSFA2,P28290,T,1072,0.0859333682251747
3032,ENSG00000169020,ATP5ME,P56385,S,66,0.292312842051902
3033,ENSG00000125779,PANK2,Q9BZ23,Y,190,0.370035964930028
3034,ENSG00000002919,SNX11,Q9Y5W9,S,246,0.156241177162572
3035,ENSG00000116641,DOCK7,Q96N67,T,966,0.0865727647126625
3036,ENSG00000163104,SMARCAD1,Q9H4L7,S,124,0.346921304474611
3037,ENSG00000079308,TNS1,Q9HBL0,S,1167,0.157026785348274
3038,ENSG00000013016,EHD3,Q9NZN3,S,349,0.252381558131437
3040,ENSG00000121741,ZMYM2,Q9UBW7,S,833,0.151379693987255
3041,ENSG00000117155,SSX2IP,Q9Y2D8,S,536,0.304675435956664
3043,ENSG00000055332,EIF2AK2,P19525,S,438,0.232780015493108
3044,ENSG00000144535,DIS3L2,Q8IYB7,S,31,0.418834667350311
3047,ENSG00000162409,PRKAA2,P54646,S,345,0.476568191809023
3048,ENSG00000047849,MAP4,P27816,S,68,0.261670065527675
3049,ENSG00000196678,ERI2,A8K979,S,302,0.175505532483633
3050,ENSG00000170537,TMC7,Q7Z402,S,89,0.31547020352275
3052,ENSG00000169258,GPRIN1,Q7Z2K8,S,95,0.35264220214743
3053,ENSG00000100604,CHGA,P10645,S,370,0.239574767088907
3054,ENSG00000102221,JADE3,Q92613,T,549,0.325861520697257
3055,ENSG00000181856,SLC2A4,P14672,S,488,0.258710225785122
3056,ENSG00000111640,GAPDH,P04406,T,237,0.484699490455563
3057,ENSG00000263465,SRSF8,Q9BRL6,S,282,0.291431537195951
3058,ENSG00000180900,SCRIB,Q14160,S,502,0.116877248313606
3060,ENSG00000088833,NSFL1C,Q9UNZ2,S,192,0.438718385411772
3062,ENSG00000151208,DLG5,Q8TDM6,S,941,0.218950424207732
3067,ENSG00000107338,SHB,Q15464,S,388,0.438470026403738
3070,ENSG00000134452,FBXO18,Q8NFZ0,S,124,0.340766726750923
3074,ENSG00000106443,PHF14,O94880,S,61,0.120315612892636
3075,ENSG00000113916,BCL6,P41182,S,308,0.238063330823351
3079,ENSG00000186416,NKRF,O15226,S,428,0.111168254870246
3085,ENSG00000174780,SRP72,O76094,S,541,0.356605906322123
3087,ENSG00000099917,MED15,Q96RN5,S,505,0.32858638271897
3091,ENSG00000074219,TEAD2,Q15562,S,260,0.308864699655853
3100,ENSG00000141577,CEP131,Q9UPN4,S,498,0.0889558200353055
3102,ENSG00000089199,CHGB,P05060,S,272,0.245048526829002
3103,ENSG00000140464,PML,P29590,T,513,0.134705554502955
3104,ENSG00000124151,NCOA3,Q9Y6Q9,S,1033,0.299926528506001
3105,ENSG00000148516,ZEB1,P37275,T,151,0.411332429627491
3106,ENSG00000169641,LUZP1,Q86V48,S,575,0.341078011848794
3108,ENSG00000067141,NEO1,Q92859,S,1220,0.212136719170439
3109,ENSG00000237441,RGL2,O15211,S,602,0.281678165071619
3110,ENSG00000105122,RASAL3,Q86YV0,S,164,0.734391186856948
3111,ENSG00000163848,ZNF148,Q9UQR1,S,297,0.325605120776253
3112,ENSG00000006468,ETV1,P50549,S,191,0.275017502028075
3114,ENSG00000164190,NIPBL,Q6KC79,S,255,0.248134897954786
3117,ENSG00000127334,DYRK2,Q92630,S,30,0.224970136850266
3118,ENSG00000136521,NDUFB5,O43674,S,182,0.196639686163907
3120,ENSG00000065883,CDK13,Q14004,S,1048,0.253558450980045
3121,ENSG00000133454,MYO18B,Q8IUG5,S,20,0.15272009665455
3122,ENSG00000184792,OSBP2,Q969R2,S,762,0.285724074303901
3124,ENSG00000215182,MUC5AC,P98088,S,3280,0.082046810655983
3129,ENSG00000132394,EEFSEC,P57772,S,537,0.344367692950879
3130,ENSG00000113282,CLINT1,Q14677,S,210,0.407433089750173
3132,ENSG00000167716,WDR81,Q562E7,S,1272,0.12323613797646
3133,ENSG00000107863,ARHGAP21,Q5T5U3,S,441,0.337531166087567
3137,ENSG00000072310,SREBF1,P36956,S,457,0.787059885393491
3138,ENSG00000086475,SEPHS1,P49903,S,342,0.220243269635665
3139,ENSG00000173039,RELA,Q04206,S,45,0.875131575586096
3141,ENSG00000103479,RBL2,Q08999,S,639,0.63450114663158
3145,ENSG00000147140,NONO,Q15233,S,147,0.36292005937626
3146,ENSG00000104413,ESRP1,Q6NXG1,S,543,0.352087906453262
3150,ENSG00000198816,ZNF358,Q9NW07,S,146,0.315727637296564
3152,ENSG00000138777,PPA2,Q9H2U2,S,317,0.697168920622578
3153,ENSG00000259956,RBM15B,Q8NDT2,S,10,0.205634632002119
3154,ENSG00000171456,ASXL1,Q8IXJ9,S,503,0.334562371665013
3155,ENSG00000155629,PIK3AP1,Q6ZUJ8,Y,594,0.386364505457328
3157,ENSG00000134352,IL6ST,P40189,T,670,0.457634072655713
3161,ENSG00000181555,SETD2,Q9BYW2,S,1207,0.20835390949542
3163,ENSG00000141027,NCOR1,O75376,S,917,0.100863700762386
3164,ENSG00000106771,TMEM245,Q9H330,S,332,0.481451492663781
3165,ENSG00000176225,RTTN,Q86VV8,S,310,0.278638522157149
3166,ENSG00000205581,HMGN1,P05114,S,99,0.501012438107339
3168,ENSG00000177674,AGTRAP,Q6RW13,S,138,0.320919363718146
3169,ENSG00000151929,BAG3,O95817,S,177,0.230229635568964
3171,ENSG00000078804,TP53INP2,Q8IXH6,S,14,0.426786712314889
3172,ENSG00000148773,MKI67,P46013,S,2355,0.17647599363025
3178,ENSG00000160058,BSDC1,Q9NW68,S,387,0.492904683420332
3180,ENSG00000132688,NES,P48681,T,776,0.122112404711433
3181,ENSG00000151929,BAG3,O95817,T,406,0.364173406276609
3183,ENSG00000107140,TESK1,Q15569,S,553,0.214478042697477
3189,ENSG00000104313,EYA1,Q99502,S,19,0.380247307984723
3190,ENSG00000104881,PPP1R13L,Q8WUF5,S,268,0.266259160182684
3193,ENSG00000101306,MYLK2,Q9H1R3,S,587,0.436021008831371
3195,ENSG00000184939,ZFP90,Q8TF47,S,436,0.0926964837865114
3196,ENSG00000124164,VAPB,O95292,T,164,0.382291331286171
3198,ENSG00000143633,C1orf131,Q8NDD1,T,142,0.381878622670397
3200,ENSG00000103994,ZNF106,Q9H2Y7,S,872,0.226924272269255
3203,ENSG00000144468,RHBDD1,Q8TEB9,S,314,0.489152670784628
3206,ENSG00000132613,MTSS1L,Q765P7,S,538,0.447141758155874
3207,ENSG00000160789,LMNA,P02545,S,107,0.365560848209648
3212,ENSG00000100612,DHRS7,Q9Y394,S,328,0.291897803126615
3216,ENSG00000130723,PRRC2B,Q5JSZ5,S,418,0.163550122367718
3217,ENSG00000065613,SLK,Q9H2G2,T,569,0.369856761257628
3218,ENSG00000152939,MARVELD2,Q8N4S9,T,171,0.130955305850499
3219,ENSG00000160685,ZBTB7B,O15156,T,529,0.200307107885658
3221,ENSG00000178199,ZC3H12D,A2A288,S,428,0.217077540583424
3225,ENSG00000162676,GFI1,Q99684,S,94,0.328080744862297
3227,ENSG00000085563,ABCB1,P08183,S,658,0.0923901897211055
3228,ENSG00000185340,GAS2L1,Q99501,S,352,0.620184236592209
3230,ENSG00000100284,TOM1,O60784,S,461,0.382026409443721
3232,ENSG00000113645,WWC1,Q8IX03,S,523,0.283766583743242
3234,ENSG00000162849,KIF26B,Q2KJY2,S,1613,0.11508275579474
3236,ENSG00000005486,RHBDD2,Q6NTF9,S,264,0.201076409139756
3237,ENSG00000164967,RPP25L,Q8N5L8,S,100,0.228015890468112
3238,ENSG00000165424,ZCCHC24,Q8N2G6,S,93,0.492789930591538
3239,ENSG00000023516,AKAP11,Q9UKA4,T,1244,0.155725046105591
3240,ENSG00000135046,ANXA1,P04083,T,101,0.363810618225128
3242,ENSG00000151474,FRMD4A,Q9P2Q2,S,657,0.358665834056877
3244,ENSG00000127527,EPS15L1,Q9UBC2,S,734,0.0770949357416224
3246,ENSG00000096717,SIRT1,Q96EB6,S,538,0.321355779523481
3247,ENSG00000155657,TTN,Q14247,S,289,0.365441770914767
3249,ENSG00000127824,TUBA4A,P68366,S,48,0.477651749297055
3251,ENSG00000166923,GREM1,O60565,S,76,0.440960993274589
3252,ENSG00000108518,PFN1,P07737,T,104,0.255655174201297
3253,ENSG00000164924,YWHAZ,P63104,S,28,0.0802100436979983
3254,ENSG00000185133,INPP5J,Q15735,S,992,0.249636191656861
3255,ENSG00000129810,SGO1,Q5FBB7,S,436,0.439351103861295
3256,ENSG00000110723,EXPH5,Q8NEV8,S,1124,0.320978636487019
3257,ENSG00000170468,RIOX1,Q9H6W3,S,63,0.27233418547229
3259,ENSG00000197712,FAM114A1,Q8IWE2,S,140,0.439770365920615
3260,ENSG00000099995,SF3A1,Q15459,T,383,0.303719731010655
3261,ENSG00000065923,SLC9A7,Q96T83,S,694,0.31073516597364
3264,ENSG00000175130,MARCKSL1,P49006,S,162,0.304732558154315
3265,ENSG00000182606,TRAK1,Q9UPV9,T,539,0.453592607741759
3267,ENSG00000103496,STX4,Q12846,S,208,0.546235711299574
3269,ENSG00000008086,CDKL5,O76039,Y,171,0.941278800863538
3274,ENSG00000147130,ZMYM3,Q14202,S,1047,0.194334402271754
3279,ENSG00000075151,EIF4G3,O43432,S,1582,0.228136659120524
3280,ENSG00000164209,SLC25A46,Q96AG3,T,35,0.365838257504344
3282,ENSG00000072110,ACTN1,P12814,S,91,0.225069948943807
3284,ENSG00000077279,DCX,O43602,S,310,0.12513519405956
3289,ENSG00000180921,FAM83H,Q6ZRV2,S,844,0.326348456200084
3291,ENSG00000196199,MPHOSPH8,Q99549,S,284,0.22150176919264
3292,ENSG00000275700,AATF,Q9NY61,S,153,0.271377896461139
3293,ENSG00000105726,ATP13A1,Q9HD20,S,905,0.253591268552113
3294,ENSG00000145907,G3BP1,Q13283,S,253,0.278950551893625
3296,ENSG00000089225,TBX5,Q99593,S,41,0.42112224507189
3297,ENSG00000144792,ZNF660,Q6AZW8,S,27,0.165843485913609
3298,ENSG00000184574,LPAR5,Q9H1C0,S,359,0.118125600782615
3300,ENSG00000145901,TNIP1,Q15025,S,99,0.213511344988402
3301,ENSG00000135046,ANXA1,P04083,S,189,0.218953275767162
3303,ENSG00000184731,FAM110C,Q1W6H9,S,264,0.543778603958254
3305,ENSG00000008283,CYB561,P49447,S,236,0.313771533925895
3306,ENSG00000113645,WWC1,Q8IX03,S,651,0.161446785141561
3307,ENSG00000111875,ASF1A,Q9Y294,S,165,0.304254182927799
3309,ENSG00000002834,LASP1,Q14847,S,134,0.263393026592767
3310,ENSG00000138398,PPIG,Q13427,S,386,0.255148212702287
3312,ENSG00000131746,TNS4,Q8IZW8,S,242,0.262790501401504
3316,ENSG00000125898,FAM110A,Q9BQ89,S,252,0.295881023283445
3318,ENSG00000095951,HIVEP1,P15822,S,681,0.410895451312953
3319,ENSG00000126561,STAT5A,P42229,S,193,0.295274223721063
3321,ENSG00000213639,PPP1CB,P62140,S,311,0.428875929509431
3324,ENSG00000124177,CHD6,Q8TD26,S,1360,0.0477820526976424
3326,ENSG00000230124,ACBD6,Q9BR61,S,106,0.341318507880805
3327,ENSG00000048707,VPS13D,Q5THJ4,S,1573,0.124927056763145
3328,ENSG00000114933,INO80D,Q53TQ3,S,232,0.215330513831113
3329,ENSG00000118200,CAMSAP2,Q08AD1,T,724,0.338803364256327
3330,ENSG00000152242,C18orf25,Q96B23,S,76,0.288052758169245
3332,ENSG00000112739,PRPF4B,Q13523,S,839,0.2427809807571
3334,ENSG00000130762,ARHGEF16,Q5VV41,S,227,0.424721380093888
3336,ENSG00000162849,KIF26B,Q2KJY2,S,1016,0.163384311819619
3337,ENSG00000075131,TIPIN,Q9BVW5,S,194,0.32896935964582
3343,ENSG00000074319,TSG101,Q99816,S,309,0.160101482188268
3345,ENSG00000132549,VPS13B,Q7Z7G8,S,102,0.13134857902551
3347,ENSG00000169100,SLC25A6,P12236,S,148,0.342887249226839
3348,ENSG00000145911,N4BP3,O15049,S,101,0.220281723947514
3349,ENSG00000175662,TOM1L2,Q6ZVM7,S,423,0.433415021033993
3350,ENSG00000090924,PLEKHG2,Q9H7P9,S,90,0.316294862862204
3352,ENSG00000198218,QRICH1,Q2TAL8,S,343,0.328609905899674
3354,ENSG00000135473,PAN2,Q504Q3,S,791,0.216771557830854
3355,ENSG00000165238,WNK2,Q9Y3S1,S,45,0.348097423210358
3356,ENSG00000185340,GAS2L1,Q99501,S,657,0.268815777219958
3360,ENSG00000088970,KIZ,Q2M2Z5,S,276,0.50352491360455
3361,ENSG00000008083,JARID2,Q92833,S,78,0.23543476311405
3365,ENSG00000066084,DIP2B,Q9P265,T,79,0.0492025316805689
3366,ENSG00000167978,SRRM2,Q9UQ35,S,854,0.248021891475075
3368,ENSG00000116128,BCL9,O00512,S,1035,0.323148669232681
3369,ENSG00000136536,MARCH7,Q9H992,T,686,0.310945675016746
3370,ENSG00000130726,TRIM28,Q13263,S,14,0.405971311729594
3373,ENSG00000079134,THOC1,Q96FV9,S,657,0.248933260726973
3374,ENSG00000147799,ARHGAP39,Q9C0H5,S,139,0.0759662501332203
3376,ENSG00000152234,ATP5F1A,P25705,S,198,0.243428500106882
3377,ENSG00000110237,ARHGEF17,Q96PE2,S,860,0.0673729650508951
3378,ENSG00000198743,SLC5A3,P53794,S,591,0.28639254262169
3382,ENSG00000185950,IRS2,Q9Y4H2,S,384,0.342372380414942
3383,ENSG00000085871,MGST2,Q99735,S,43,0.140942055606044
3384,ENSG00000111554,MDM1,Q8TC05,S,407,0.123573448646778
3385,ENSG00000101096,NFATC2,Q13469,S,225,0.407873769162248
3389,ENSG00000177354,C10orf71,Q711Q0,S,470,0.241002088035955
3390,ENSG00000189325,C6orf222,P0C671,T,521,0.18038347267912
3391,ENSG00000170807,LMOD2,Q6P5Q4,S,400,0.259052341908905
3392,ENSG00000162302,RPS6KA4,O75676,S,360,0.534779454919973
3396,ENSG00000178096,BOLA1,Q9Y3E2,S,45,0.208625535732578
3401,ENSG00000087206,UIMC1,Q96RL1,S,668,0.283453163320069
3402,ENSG00000136935,GOLGA1,Q92805,S,41,0.728818676523308
3406,ENSG00000030419,IKZF2,Q9UKS7,S,375,0.311694932984869
3407,ENSG00000149532,CPSF7,Q8N684,S,194,0.386776439024412
3408,ENSG00000164484,TMEM200A,Q86VY9,S,397,0.523278242323738
3410,ENSG00000172534,HCFC1,P51610,S,507,0.232246361592146
3411,ENSG00000102710,SUPT20H,Q8NEM7,S,519,0.478698340542142
3414,ENSG00000131381,RBSN,Q9H1K0,S,215,0.525746242747374
3415,ENSG00000144136,SLC20A1,Q8WUM9,S,455,0.141498733820178
3419,ENSG00000101150,TPD52L2,O43399,T,23,0.329728494199541
3421,ENSG00000172375,C2CD2L,O14523,S,464,0.736565063266275
3426,ENSG00000058729,RIOK2,Q9BVS4,S,369,0.110242138844455
3427,ENSG00000154102,C16orf74,Q96GX8,T,44,0.427443620177461
3428,ENSG00000187325,TAF9B,Q9HBM6,T,157,0.56302806067845
3429,ENSG00000160789,LMNA,P02545,S,619,0.474109038785065
3434,ENSG00000169446,MMGT1,Q8N4V1,S,117,0.158702489932281
3436,ENSG00000151320,AKAP6,Q13023,S,1073,0.505095212649868
3438,ENSG00000166086,JAM3,Q9BX67,S,281,0.392663955351895
3439,ENSG00000005436,GCFC2,P16383,S,119,0.314528782205617
3443,ENSG00000100354,TNRC6B,Q9UPQ9,S,1220,0.0651113526540509
3446,ENSG00000138434,SSFA2,P28290,S,866,0.275970611921676
3447,ENSG00000100154,TTC28,Q96AY4,S,1380,0.148536304051547
3449,ENSG00000120694,HSPH1,Q92598,S,510,0.120383423277545
3451,ENSG00000126822,PLEKHG3,A1L390,S,639,0.266535133592882
3452,ENSG00000166317,SYNPO2L,Q9H987,S,427,0.204377172819014
3453,ENSG00000272886,DCP1A,Q9NPI6,S,62,0.632428581509693
3458,ENSG00000141376,BCAS3,Q9H6U6,S,886,0.462461089532439
3462,ENSG00000166025,AMOTL1,Q8IY63,S,900,0.325185890532692
3465,ENSG00000136045,PWP1,Q13610,T,55,0.32114653199567
3466,ENSG00000100813,ACIN1,Q9UKV3,S,481,0.175895941620386
3467,ENSG00000151718,WWC2,Q6AWC2,T,1004,0.456273759358813
3468,ENSG00000119185,ITGB1BP1,O14713,S,37,0.176150273299739
3470,ENSG00000137491,SLCO2B1,O94956,S,687,0.126478798925037
3471,ENSG00000162636,FAM102B,Q5T8I3,S,276,0.202683396703558
3473,ENSG00000059915,PSD,A5PKW4,S,133,0.184808283710746
3475,ENSG00000129667,RHBDF2,Q6PJF5,S,309,0.21993032498816
3476,ENSG00000169398,PTK2,Q05397,S,708,0.291765762378528
3477,ENSG00000204619,PPP1R11,O60927,S,45,0.11365514884364
3478,ENSG00000128298,BAIAP2L2,Q6UXY1,S,301,0.316594245844831
3483,ENSG00000133392,MYH11,P35749,S,1722,0.0940269550225168
3484,ENSG00000178921,PFAS,O15067,S,215,0.347489107829546
3485,ENSG00000179021,C3orf38,Q5JPI3,T,110,0.451504019616146
3486,ENSG00000125414,MYH2,Q9UKX2,T,1243,0.189387771682853
3487,ENSG00000011426,ANLN,Q9NQW6,S,553,0.268446051674694
3488,ENSG00000167881,SRP68,Q9UHB9,S,22,0.268918071300522
3489,ENSG00000164022,AIMP1,Q12904,S,90,0.203497752515635
3492,ENSG00000064651,SLC12A2,P55011,S,940,0.572385813707394
3494,ENSG00000182871,COL18A1,P39060,S,705,0.188152462639732
3497,ENSG00000180900,SCRIB,Q14160,S,708,0.182521208813035
3502,ENSG00000204394,VARS,P26640,S,525,0.179439375202843
3503,ENSG00000165914,TTC7B,Q86TV6,S,202,0.403197658497035
3507,ENSG00000188177,ZC3H6,P61129,S,409,0.234875251741544
3510,ENSG00000107929,LARP4B,Q92615,S,516,0.486778814439868
3511,ENSG00000160007,ARHGAP35,Q9NRY4,S,1142,0.257623155155997
3512,ENSG00000127481,UBR4,Q5T4S7,S,2895,0.231335103465682
3514,ENSG00000163349,HIPK1,Q86Z02,T,1027,0.318650155857979
3515,ENSG00000147642,SYBU,Q9NX95,S,396,0.243231874262987
3516,ENSG00000122678,POLM,Q9NP87,S,372,0.231225822711076
3520,ENSG00000099290,WASHC2A,Q641Q2,T,6,0.138939696794993
3522,ENSG00000127527,EPS15L1,Q9UBC2,S,374,0.318489768966708
3523,ENSG00000115310,RTN4,Q9NQC3,S,860,0.0948749085656738
3524,ENSG00000068903,SIRT2,Q8IXJ6,S,25,0.467323086609672
3526,ENSG00000186815,TPCN1,Q9ULQ1,S,795,0.220323182691326
3528,ENSG00000177469,CAVIN1,Q6NZI2,S,40,0.451338009112557
3531,ENSG00000161547,SRSF2,Q01130,T,29,0.311888028110392
3535,ENSG00000172869,DMXL1,Q9Y485,S,917,0.264933221505349
3536,ENSG00000137843,PAK6,Q9NQU5,S,328,0.46164568141742
3538,ENSG00000187479,C11orf96,Q7Z7L8,T,407,0.462987881743846
3542,ENSG00000168488,ATXN2L,Q8WWM7,S,423,0.40062890185011
3546,ENSG00000140153,WDR20,Q8TBZ3,S,445,0.302478907291918
3547,ENSG00000047849,MAP4,P27816,T,526,0.119401821830399
3548,ENSG00000133835,HSD17B4,P51659,T,319,0.270342873350681
3549,ENSG00000135439,AGAP2,Q99490,S,615,0.416916765447191
3552,ENSG00000152939,MARVELD2,Q8N4S9,S,387,0.303657977850177
3556,ENSG00000166337,TAF10,Q12962,S,44,0.401893356385934
3560,ENSG00000111490,TBC1D30,Q9Y2I9,T,119,0.247534293871517
3562,ENSG00000198026,ZNF335,Q9H4Z2,S,1007,0.190484192632797
3563,ENSG00000120913,PDLIM2,Q96JY6,S,127,0.304410204443474
3568,ENSG00000052126,PLEKHA5,Q9HAU0,S,828,0.201428363569641
3570,ENSG00000118482,PHF3,Q92576,S,678,0.46409340965574
3571,ENSG00000107263,RAPGEF1,Q13905,S,281,0.246541446844048
3573,ENSG00000169398,PTK2,Q05397,Y,577,0.745989296830944
3579,ENSG00000164327,RICTOR,Q6R327,S,1217,0.279870083258417
3584,ENSG00000166833,NAV2,Q8IVL1,S,1549,0.340268166317895
3588,ENSG00000198825,INPP5F,Q9Y2H2,S,829,0.320853114544552
3589,ENSG00000164543,STK17A,Q9UEE5,S,9,0.323509002753963
3590,ENSG00000139990,DCAF5,Q96JK2,S,632,0.3574044046788
3592,ENSG00000128512,DOCK4,Q8N1I0,S,1618,0.162003835456675
3597,ENSG00000111540,RAB5B,P61020,S,125,0.328704737374307
3598,ENSG00000178826,TMEM139,Q8IV31,S,149,0.375965022497195
3600,ENSG00000010810,FYN,P06241,Y,531,0.830907543150494
3602,ENSG00000189184,PCDH18,Q9HCL0,S,778,0.413607626838602
3603,ENSG00000131711,MAP1B,P46821,S,1276,0.228643651253351
3606,ENSG00000126458,RRAS,P10301,S,201,0.57123510189881
3607,ENSG00000130413,STK33,Q9BYT3,Y,439,0.328748142777403
3610,ENSG00000031823,RANBP3,Q9H6Z4,S,240,0.271656041942157
3611,ENSG00000196535,MYO18A,Q92614,S,35,0.12512120423877
3615,ENSG00000188803,SHISA6,Q6ZSJ9,S,241,0.194605140135414
3618,ENSG00000130956,HABP4,Q5JVS0,T,268,0.171360375589231
3621,ENSG00000130294,KIF1A,Q12756,T,936,0.106737302363094
3622,ENSG00000011007,ELOA,Q14241,S,542,0.374224635918216
3625,ENSG00000054118,THRAP3,Q9Y2W1,S,184,0.243474858566681
3626,ENSG00000100982,PCIF1,Q9H4Z3,S,143,0.431297332754366
3629,ENSG00000132688,NES,P48681,S,1502,0.18294497283945
3630,ENSG00000198561,CTNND1,O60716,T,98,0.23739667476996
3635,ENSG00000101745,ANKRD12,Q6UB98,S,1166,0.316900717663602
3638,ENSG00000066032,CTNNA2,P26232,S,262,0.166524859186926
3639,ENSG00000138434,SSFA2,P28290,T,442,0.490629126130096
3641,ENSG00000104812,GYS1,P13807,S,723,0.245433937811715
3642,ENSG00000137962,ARHGAP29,Q52LW3,S,489,0.179228619273399
3643,ENSG00000105323,HNRNPUL1,Q9BUJ2,S,716,0.359902571747611
3647,ENSG00000144381,HSPD1,P10809,T,164,0.495676745700459
3648,ENSG00000146842,TMEM209,Q96SK2,S,228,0.598766253837034
3652,ENSG00000112200,ZNF451,Q9Y4E5,S,838,0.268091878886735
3653,ENSG00000009413,REV3L,O60673,T,1041,0.307033302638097
3654,ENSG00000130706,ADRM1,Q16186,S,213,0.572260669242889
3656,ENSG00000124562,SNRPC,P09234,S,19,0.344008430624492
3658,ENSG00000124789,NUP153,P49790,T,102,0.381094637083709
3659,ENSG00000183765,CHEK2,O96017,S,120,0.232830769721783
3661,ENSG00000099284,H2AFY2,Q9P0M6,S,173,0.193693943538201
3666,ENSG00000196639,HRH1,P35367,S,277,0.374087337713707
3670,ENSG00000171435,KSR2,Q6VAB6,T,290,0.567011467542944
3671,ENSG00000165494,PCF11,O94913,S,1554,0.081745569980814
3672,ENSG00000196419,XRCC6,P12956,S,306,0.303785841184212
3673,ENSG00000013588,GPRC5A,Q8NFJ5,S,301,0.773281035384455
3675,ENSG00000079387,SENP1,Q9P0U3,S,126,0.333110154885679
3677,ENSG00000272886,DCP1A,Q9NPI6,S,315,0.483531676190048
3678,ENSG00000204256,BRD2,P25440,S,593,0.101681342133455
3680,ENSG00000170471,RALGAPB,Q86X10,T,363,0.40160784129402
3683,ENSG00000110711,AIP,O00170,S,132,0.253122473054609
3684,ENSG00000166963,MAP1A,P78559,S,1837,0.140262577526045
3687,ENSG00000160917,CPSF4,O95639,S,202,0.523819662131963
3688,ENSG00000180096,SEPT1,Q8WYJ6,T,251,0.392411858032367
3689,ENSG00000107816,LZTS2,Q9BRK4,S,104,0.318787342382158
3691,ENSG00000086758,HUWE1,Q7Z6Z7,S,3816,0.390802691881001
3692,ENSG00000080189,SLC35C2,Q9NQQ7,S,336,0.474519884521033
3694,ENSG00000182621,PLCB1,Q9NQ66,S,1200,0.0997333717870182
3696,ENSG00000156599,ZDHHC5,Q9C0B5,S,445,0.099302474824017
3697,ENSG00000048707,VPS13D,Q5THJ4,S,2919,0.140062832094031
3698,ENSG00000110719,TCIRG1,Q13488,S,691,0.326392249296712
3699,ENSG00000148773,MKI67,P46013,S,1329,0.382681431443061
3702,ENSG00000149657,LSM14B,Q9BX40,S,349,0.36059039048253
3704,ENSG00000081189,MEF2C,Q06413,S,192,0.241519152151949
3705,ENSG00000131378,RFTN1,Q14699,S,238,0.287988619673999
3706,ENSG00000143061,IGSF3,O75054,T,1179,0.083648759013337
3707,ENSG00000167173,C15orf39,Q6ZRI6,S,988,0.180943708408772
3708,ENSG00000174485,DENND4A,Q7Z401,S,1217,0.326471995416645
3709,ENSG00000141002,TCF25,Q9BQ70,S,602,0.475229524237975
3710,ENSG00000120616,EPC1,Q9H2F5,T,533,0.427497436065259
3711,ENSG00000085224,ATRX,P46100,S,925,0.172527134696764
3712,ENSG00000076108,BAZ2A,Q9UIF9,T,507,0.12209986971115
3714,ENSG00000151532,VTI1A,Q96AJ9,S,110,0.145598797760972
3715,ENSG00000146830,GIGYF1,O75420,S,237,0.381297788388689
3717,ENSG00000105732,ZNF574,Q6ZN55,S,728,0.473858314185704
3720,ENSG00000087274,ADD1,P35611,S,427,0.441117516679326
3722,ENSG00000133083,DCLK1,O15075,S,355,0.13752684382588
3723,ENSG00000104529,EEF1D,P29692,S,70,0.277270773857087
3725,ENSG00000120549,KIAA1217,Q5T5P2,S,468,0.151597249353473
3726,ENSG00000125970,RALY,Q9UKM9,T,286,0.442019735626192
3727,ENSG00000152784,PRDM8,Q9NQV8,S,375,0.212420678327836
3728,ENSG00000070047,PHRF1,Q9P1Y6,S,936,0.397304519450819
3729,ENSG00000010818,HIVEP2,P31629,T,2298,0.296708783762528
3730,ENSG00000179912,R3HDM2,Q9Y2K5,T,856,0.265664834726944
3733,ENSG00000197111,PCBP2,Q15366,S,171,0.238819442159274
3735,ENSG00000107560,RAB11FIP2,Q7L804,S,426,0.177276487618656
3737,ENSG00000163872,YEATS2,Q9ULM3,T,469,0.308522090031412
3745,ENSG00000164403,SHROOM1,Q2M3G4,S,82,0.182646978424115
3746,ENSG00000166912,MTMR10,Q9NXD2,T,583,0.293011454476349
3747,ENSG00000196535,MYO18A,Q92614,S,101,0.333951215790928
3748,ENSG00000136717,BIN1,O00499,S,286,0.11559733691146
3751,ENSG00000068305,MEF2A,Q02078,Y,104,0.280835770023999
3753,ENSG00000101191,DIDO1,Q9BTC0,T,1469,0.237795160255054
3755,ENSG00000183779,ZNF703,Q9H7S9,S,146,0.247319044930854
3758,ENSG00000175591,P2RY2,P41231,S,327,0.464261433156952
3759,ENSG00000105289,TJP3,O95049,S,212,0.351232851450081
3760,ENSG00000196531,NACA,E9PAV3,S,860,0.185158763313752
3761,ENSG00000165238,WNK2,Q9Y3S1,S,1262,0.122060404871237
3762,ENSG00000183878,UTY,O14607,S,776,0.160360625420164
3767,ENSG00000165458,INPPL1,O15357,Y,886,0.888704895041632
3768,ENSG00000046651,OFD1,O75665,S,63,0.148335476117842
3770,ENSG00000164465,DCBLD1,Q8N8Z6,S,513,0.498742072967229
3773,ENSG00000116117,PARD3B,Q8TEW8,S,368,0.422846670738363
3774,ENSG00000085788,DDHD2,O94830,S,377,0.0979784453633362
3775,ENSG00000174485,DENND4A,Q7Z401,T,897,0.0476777195328438
3776,ENSG00000166974,MAPRE2,Q15555,S,219,0.378924117778505
3777,ENSG00000143850,PLEKHA6,Q9Y2H5,S,384,0.269678036350212
3782,ENSG00000161202,DVL3,Q92997,S,137,0.291534700243211
3784,ENSG00000067369,TP53BP1,Q12888,S,359,0.133689739919306
3785,ENSG00000140534,TICRR,Q7Z2Z1,T,1307,0.249305770464895
3786,ENSG00000047849,MAP4,P27816,S,94,0.235377061483034
3787,ENSG00000168386,FILIP1L,Q4L180,T,998,0.107090756774751
3788,ENSG00000142627,EPHA2,P29317,Y,588,0.946800971027639
3790,ENSG00000107262,BAG1,Q99933,S,119,0.308052508224565
3792,ENSG00000133731,IMPA1,P29218,S,37,0.165437945786913
3794,ENSG00000136205,TNS3,Q68CZ2,S,1123,0.345792368978305
3795,ENSG00000188549,CCDC9B,Q6ZUT6,T,199,0.430131082624796
3797,ENSG00000104133,SPG11,Q96JI7,S,1958,0.272646772146772
3798,ENSG00000006747,SCIN,Q9Y6U3,S,602,0.21894479358721
3799,ENSG00000038274,MAT2B,Q9NZL9,S,282,0.486797875881344
3804,ENSG00000104067,TJP1,Q07157,S,300,0.224709442049971
3805,ENSG00000157827,FMNL2,Q96PY5,S,406,0.260535619729769
3806,ENSG00000136531,SCN2A,Q99250,S,528,0.110482966499442
3807,ENSG00000164924,YWHAZ,P63104,T,205,0.381257706961074
3808,ENSG00000090905,TNRC6A,Q8NDV7,S,1372,0.158356792695972
3810,ENSG00000046651,OFD1,O75665,S,788,0.192135592190733
3812,ENSG00000204209,DAXX,Q9UER7,S,702,0.596501119234838
3813,ENSG00000109756,RAPGEF2,Q9Y4G8,S,1124,0.494374154452099
3815,ENSG00000124942,AHNAK,Q09666,S,2542,0.0623277011928854
3816,ENSG00000133030,MPRIP,Q6WCQ1,S,294,0.311802150816038
3817,ENSG00000178104,PDE4DIP,Q5VU43,S,728,0.0469654431996134
3818,ENSG00000125841,NRSN2,Q9GZP1,S,178,0.148642291108717
3820,ENSG00000136167,LCP1,P13796,Y,28,0.711564681244568
3825,ENSG00000165699,TSC1,Q92574,T,1144,0.297308142239419
3826,ENSG00000082258,CCNT2,O60583,T,479,0.328059023151882
3829,ENSG00000182809,CRIP2,P52943,Y,13,0.410502182962008
3830,ENSG00000022567,SLC45A4,Q5BKX6,S,454,0.299199736390523
3833,ENSG00000205356,TECPR1,Q7Z6L1,S,418,0.109772770056576
3834,ENSG00000146950,SHROOM2,Q13796,S,456,0.173159700982596
3840,ENSG00000180357,ZNF609,O15014,Y,845,0.408093882310188
3843,ENSG00000187867,PALM3,A6NDB9,S,660,0.26635190315686
3845,ENSG00000101336,HCK,P08631,S,45,0.16721780492101
3848,ENSG00000136807,CDK9,P50750,S,353,0.26727161431235
3849,ENSG00000160789,LMNA,P02545,T,409,0.61355636432185
3850,ENSG00000176619,LMNB2,Q03252,S,497,0.359760136769365
3851,ENSG00000118762,PKD2,Q13563,S,829,0.444126606448326
3854,ENSG00000162601,MYSM1,Q5VVJ2,T,226,0.152909688471631
3855,ENSG00000197555,SIPA1L1,O43166,S,1127,0.41942612128725
3857,ENSG00000178718,RPP25,Q9BUL9,S,161,0.339453891874397
3858,ENSG00000132305,IMMT,Q16891,S,447,0.266360627816872
3862,ENSG00000197324,LRP10,Q7Z4F1,T,583,0.38731276567769
3866,ENSG00000170088,TMEM192,Q8IY95,S,229,0.426795730896619
3868,ENSG00000119280,C1orf198,Q9H425,S,173,0.139578852187593
3871,ENSG00000154556,SORBS2,O94875,S,273,0.239337473820897
3874,ENSG00000134121,CHL1,O00533,S,1137,0.219186793204156
3876,ENSG00000137802,MAPKBP1,O60336,S,488,0.229551191146885
3877,ENSG00000134757,DSG3,P32926,T,987,0.0967309585519015
3878,ENSG00000187796,CARD9,Q9H257,S,450,0.280404783431409
3879,ENSG00000073282,TP63,Q9H3D4,S,462,0.228704571713819
3880,ENSG00000148737,TCF7L2,Q9NQB0,S,122,0.238969493716647
3882,ENSG00000196199,MPHOSPH8,Q99549,S,316,0.20700914775195
3884,ENSG00000101188,NTSR1,P30989,S,401,0.586631267384551
3888,ENSG00000099308,MAST3,O60307,S,1180,0.337151330979275
3889,ENSG00000166833,NAV2,Q8IVL1,S,1856,0.16628854778675
3892,ENSG00000143850,PLEKHA6,Q9Y2H5,S,794,0.190773704037445
3893,ENSG00000096872,IFT74,Q96LB3,S,32,0.129576123435452
3894,ENSG00000103326,CAPN15,O75808,S,1070,0.390466839629065
3898,ENSG00000136732,GYPC,P04921,S,122,0.392103369155816
3901,ENSG00000101191,DIDO1,Q9BTC0,S,156,0.200808950847901
3903,ENSG00000143799,PARP1,P09874,S,274,0.201138274761179
3906,ENSG00000129667,RHBDF2,Q6PJF5,S,227,0.346667941338678
3907,ENSG00000171241,SHCBP1,Q8NEM2,S,44,0.408609160054705
3908,ENSG00000105699,LSR,Q86X29,S,364,0.23501875154418
3913,ENSG00000112640,PPP2R5D,Q14738,S,75,0.271595000765952
3915,ENSG00000101040,ZMYND8,Q9ULU4,S,465,0.413189259024352
3916,ENSG00000151474,FRMD4A,Q9P2Q2,S,640,0.316536611590969
3917,ENSG00000163539,CLASP2,O75122,S,430,0.250305287935472
3920,ENSG00000157764,BRAF,P15056,S,429,0.506408173937797
3921,ENSG00000152242,C18orf25,Q96B23,S,69,0.482116677666516
3923,ENSG00000115306,SPTBN1,Q01082,S,903,0.0538283256251314
3929,ENSG00000123572,NRK,Q7Z2Y5,S,1031,0.157996933626548
3930,ENSG00000073921,PICALM,Q13492,T,301,0.44190795389104
3932,ENSG00000086730,LAT2,Q9GZY6,S,55,0.299390733357082
3935,ENSG00000272391,POM121C,A8CG34,S,368,0.286223736762762
3936,ENSG00000163512,AZI2,Q9H6S1,S,83,0.262815085395568
3937,ENSG00000058404,CAMK2B,Q13554,S,423,0.251369576457233
3939,ENSG00000136051,WASHC4,Q2M389,S,19,0.190296234207362
3941,ENSG00000136754,ABI1,Q8IZP0,T,215,0.452949806488753
3942,ENSG00000151229,SLC2A13,Q96QE2,S,47,0.123109710904232
3943,ENSG00000136628,EPRS,P07814,S,434,0.311427996552803
3945,ENSG00000157637,SLC38A10,Q9HBR0,T,772,0.153133937905504
3946,ENSG00000160094,ZNF362,Q5T0B9,S,401,0.372757248206355
3947,ENSG00000077097,TOP2B,Q02880,S,1457,0.208291988542838
3949,ENSG00000196616,ADH1B,P00325,S,23,0.130022231684174
3952,ENSG00000120217,CD274,Q9NZQ7,S,283,0.212777547900693
3954,ENSG00000143061,IGSF3,O75054,S,1177,0.173735165735698
3958,ENSG00000023171,GRAMD1B,Q3KR37,S,30,0.555460602421429
3961,ENSG00000132970,WASF3,Q9UPY6,S,235,0.474704294954129
3962,ENSG00000160753,RUSC1,Q9BVN2,S,831,0.188780111695086
3964,ENSG00000278540,ACACA,Q13085,S,835,0.163159904777413
3967,ENSG00000091140,DLD,P09622,S,297,0.128840206114449
3968,ENSG00000169851,PCDH7,O60245,S,998,0.226209515168388
3969,ENSG00000154556,SORBS2,O94875,T,277,0.236018749222554
3971,ENSG00000142632,ARHGEF19,Q8IW93,S,101,0.185050422118332
3973,ENSG00000089057,SLC23A2,Q9UGH3,S,78,0.465326666029145
3977,ENSG00000165240,ATP7A,Q04656,S,1435,0.126957687080895
3979,ENSG00000111077,TNS2,Q63HR2,S,975,0.244803581251769
3982,ENSG00000114982,KANSL3,Q9P2N6,S,540,0.428229232076766
3984,ENSG00000138434,SSFA2,P28290,T,1163,0.23311304710217
3988,ENSG00000177917,ARL6IP6,Q8N6S5,S,60,0.310728328366135
3990,ENSG00000054219,LY75,O60449,S,1703,0.195272670434103
3992,ENSG00000129116,PALLD,Q8WX93,S,115,0.297685905222909
3993,ENSG00000115524,SF3B1,O75533,S,308,0.272724735079816
3994,ENSG00000135870,RC3H1,Q5TC82,S,863,0.127429664768493
3995,ENSG00000057657,PRDM1,O75626,S,516,0.270169904315743
3996,ENSG00000100359,SGSM3,Q96HU1,S,65,0.206269105538505
3998,ENSG00000130748,TMEM160,Q9NX00,S,48,0.224909662202591
4000,ENSG00000075391,RASAL2,Q9UJF2,S,663,0.474363838145449
4001,ENSG00000116871,MAP7D1,Q3KQU3,S,753,0.265086076330507
4002,ENSG00000107679,PLEKHA1,Q9HB21,S,299,0.217704316716227
4003,ENSG00000164930,FZD6,O60353,S,624,0.289629278209454
4005,ENSG00000204628,RACK1,P63244,T,96,0.306265308446263
4007,ENSG00000136811,ODF2,Q5BJF6,S,129,0.287634955135086
4008,ENSG00000189114,BLOC1S3,Q6QNY0,S,34,0.254166369051104
4009,ENSG00000093000,NUP50,Q9UKX7,S,227,0.104676565509557
4010,ENSG00000065534,MYLK,Q15746,T,1774,0.201626198176297
4011,ENSG00000100139,MICALL1,Q8N3F8,S,447,0.19811103116846
4012,ENSG00000122591,FAM126A,Q9BYI3,S,482,0.280424092278365
4016,ENSG00000148660,CAMK2G,Q13555,S,381,0.224783232086867
4017,ENSG00000131263,RLIM,Q9NVW2,S,228,0.378934648031805
4018,ENSG00000109794,FAM149A,A5PLN7,S,62,0.234495206779197
4019,ENSG00000137275,RIPK1,Q13546,S,296,0.21189626670656
4021,ENSG00000156011,PSD3,Q9NYI0,S,1011,0.768671434687343
4022,ENSG00000148498,PARD3,Q8TEW0,S,1335,0.439188318841597
4023,ENSG00000101384,JAG1,P78504,T,1189,0.204529366959591
4025,ENSG00000174099,MSRB3,Q8IXL7,S,183,0.200464075250935
4026,ENSG00000134709,HOOK1,Q9UJC3,S,450,0.124961059082406
4027,ENSG00000147251,DOCK11,Q5JSL3,S,445,0.11394094249366
4028,ENSG00000272391,POM121C,A8CG34,S,328,0.246145961847408
4029,ENSG00000070047,PHRF1,Q9P1Y6,S,845,0.333453389549587
4030,ENSG00000149115,TNKS1BP1,Q9C0C2,S,1616,0.211239567104808
4036,ENSG00000122566,HNRNPA2B1,P22626,Y,336,0.558532346499347
4038,ENSG00000113555,PCDH12,Q9NPG4,S,859,0.198318027451398
4039,ENSG00000153827,TRIP12,Q14669,S,1317,0.372481414743495
4040,ENSG00000108405,P2RX1,P51575,S,388,0.339536129254478
4044,ENSG00000102921,N4BP1,O75113,S,335,0.186681611557522
4045,ENSG00000118900,UBN1,Q9NPG3,S,977,0.118777181184479
4046,ENSG00000163681,SLMAP,Q14BN4,S,458,0.12274902608163
4048,ENSG00000170004,CHD3,Q12873,S,330,0.0519122765888786
4049,ENSG00000203867,RBM20,Q5T481,T,500,0.0822704083590825
4050,ENSG00000169862,CTNND2,Q9UQB3,S,1127,0.175593264662088
4051,ENSG00000125166,GOT2,P00505,S,143,0.307959452589277
4053,ENSG00000142459,EVI5L,Q96CN4,S,685,0.153613072245681
4057,ENSG00000139641,ESYT1,Q9BSJ8,S,324,0.23144806656853
4058,ENSG00000040199,PHLPP2,Q6ZVD8,S,1210,0.269815917317975
4059,ENSG00000163605,PPP4R2,Q9NY27,S,159,0.499940916304511
4061,ENSG00000072195,SPEG,Q15772,S,2566,0.0777941736533042
4065,ENSG00000160447,PKN3,Q6P5Z2,S,548,0.401167436996239
4066,ENSG00000089094,KDM2B,Q8NHM5,S,480,0.227770559191377
4067,ENSG00000132466,ANKRD17,O75179,S,2373,0.285400251249757
4068,ENSG00000198952,SMG5,Q9UPR3,S,523,0.257628568222274
4069,ENSG00000146872,TLK2,Q86UE8,S,771,0.370467021665381
4070,ENSG00000276293,PIP4K2B,P78356,S,326,0.645784845228386
4075,ENSG00000156030,ELMSAN1,Q6PJG2,Y,654,0.591650034317528
4077,ENSG00000198276,UCKL1,Q9NWZ5,S,16,0.469881248734938
4078,ENSG00000134815,DHX34,Q14147,S,750,0.35618622213678
4083,ENSG00000177125,ZBTB34,Q8NCN2,S,164,0.236985393428662
4087,ENSG00000115935,WIPF1,O43516,S,343,0.135363642410354
4088,ENSG00000119321,FKBP15,Q5T1M5,S,1158,0.318092494759958
4089,ENSG00000091129,NRCAM,Q92823,S,1254,0.42276914470524
4090,ENSG00000067840,PDZD4,Q76G19,S,490,0.249501727272262
4091,ENSG00000134532,SOX5,P35711,S,439,0.485307861435059
4092,ENSG00000135540,NHSL1,Q5SYE7,S,1472,0.407321957233782
4094,ENSG00000138439,FAM117B,Q6P1L5,S,414,0.268032722435498
4095,ENSG00000198087,CD2AP,Q9Y5K6,T,87,0.484729077067667
4098,ENSG00000110697,PITPNM1,O00562,S,896,0.177080005351317
4102,ENSG00000185963,BICD2,Q8TD16,S,329,0.584696404924462
4103,ENSG00000146670,CDCA5,Q96FF9,S,79,0.439378066674613
4104,ENSG00000118412,CASP8AP2,Q9UKL3,S,658,0.0729286432671287
4105,ENSG00000065883,CDK13,Q14004,S,395,0.506516779421626
4107,ENSG00000118596,SLC16A7,O60669,S,219,0.368634108438664
4110,ENSG00000048991,R3HDM1,Q15032,S,261,0.311420139668784
4111,ENSG00000013619,MAMLD1,Q13495,S,412,0.213250712036442
4114,ENSG00000144596,GRIP2,Q9C0E4,S,824,0.157810051707551
4115,ENSG00000167978,SRRM2,Q9UQ35,S,1398,0.216067618732534
4117,ENSG00000185950,IRS2,Q9Y4H2,S,1162,0.419726921151085
4123,ENSG00000172375,C2CD2L,O14523,S,492,0.136273348406479
4125,ENSG00000130349,C6orf203,Q9P0P8,S,110,0.173612226700398
4128,ENSG00000007202,KIAA0100,Q14667,S,1484,0.388594550516642
4129,ENSG00000163125,RPRD2,Q5VT52,S,761,0.191905950848934
4130,ENSG00000111961,SASH1,O94885,T,286,0.0940387355352679
4132,ENSG00000124942,AHNAK,Q09666,S,1747,0.175484114508132
4133,ENSG00000164830,OXR1,Q8N573,S,367,0.101060870568229
4136,ENSG00000114316,USP4,Q13107,S,244,0.56076411669059
4141,ENSG00000125871,MGME1,Q9BQP7,S,343,0.343796830157624
4146,ENSG00000110237,ARHGEF17,Q96PE2,S,2005,0.0653361087888144
4148,ENSG00000148426,PROSER2,Q86WR7,T,45,0.5088271187188
4150,ENSG00000133985,TTC9,Q92623,S,105,0.336225981116378
4153,ENSG00000102103,PQBP1,O60828,S,218,0.267614458118056
4154,ENSG00000110025,SNX15,Q9NRS6,S,180,0.240164146957092
4159,ENSG00000074356,NCBP3,Q53F19,T,413,0.456204962900404
4160,ENSG00000171988,JMJD1C,Q15652,S,639,0.263596152638786
4167,ENSG00000175764,TTLL11,Q8NHH1,S,96,0.183729198779442
4169,ENSG00000228716,DHFR,P00374,S,4,0.110381145141435
4174,ENSG00000139641,ESYT1,Q9BSJ8,S,627,0.192915242956227
4176,ENSG00000040199,PHLPP2,Q6ZVD8,S,1241,0.0739650587535525
4177,ENSG00000072195,SPEG,Q15772,S,2176,0.0532233281679087
4180,ENSG00000127152,BCL11B,Q9C0K0,S,483,0.216826690639016
4181,ENSG00000152315,KCNK13,Q9HB14,S,343,0.457296701798336
4183,ENSG00000151364,KCTD14,Q9BQ13,S,23,0.333982305029491
4185,ENSG00000152291,TGOLN2,O43493,S,349,0.266495990680559
4189,ENSG00000140350,ANP32A,P39687,S,17,0.526658901975808
4191,ENSG00000134308,YWHAQ,P27348,S,210,0.419489087698199
4192,ENSG00000165506,DNAAF2,Q9NVR5,S,240,0.206266702281867
4193,ENSG00000141655,TNFRSF11A,Q9Y6Q6,S,580,0.349974275678021
4194,ENSG00000121903,ZSCAN20,P17040,S,637,0.146547850508118
4195,ENSG00000116604,MEF2D,Q14814,S,110,0.496627961015864
4197,ENSG00000119231,SENP5,Q96HI0,S,363,0.174672619309834
4199,ENSG00000105248,CCDC94,Q9BW85,S,220,0.468155895577719
4201,ENSG00000091129,NRCAM,Q92823,S,1291,0.171457380966246
4203,ENSG00000141699,RETREG3,Q86VR2,S,28,0.122227092527268
4204,ENSG00000041357,PSMA4,P25789,S,173,0.38254832854178
4205,ENSG00000157625,TAB3,Q8N5C8,S,509,0.174448009393067
4206,ENSG00000118785,SPP1,P10451,T,66,0.325026250082962
4207,ENSG00000157927,RADIL,Q96JH8,S,216,0.187213974593912
4208,ENSG00000180263,FGD6,Q6ZV73,S,503,0.357399942590806
4214,ENSG00000149564,ESAM,Q96AP7,S,338,0.125340625084219
4215,ENSG00000168300,PCMTD1,Q96MG8,S,302,0.284877003693098
4216,ENSG00000188807,TMEM201,Q5SNT2,S,612,0.281897824429592
4217,ENSG00000140682,TGFB1I1,O43294,S,150,0.151548973671293
4218,ENSG00000165959,CLMN,Q96JQ2,S,151,0.240457122224587
4219,ENSG00000135837,CEP350,Q5VT06,S,1113,0.0956214505032757
4220,ENSG00000108312,UBTF,P17480,S,449,0.336783187713047
4222,ENSG00000140199,SLC12A6,Q9UHW9,S,96,0.223365808852289
4225,ENSG00000122733,PHF24,Q9UPV7,T,47,0.266320086600019
4226,ENSG00000145725,PPIP5K2,O43314,S,1180,0.240311498708749
4228,ENSG00000183808,RBM12B,Q8IXT5,S,107,0.102307811658991
4233,ENSG00000107104,KANK1,Q14678,T,882,0.197066742773672
4234,ENSG00000169047,IRS1,P35568,Y,662,0.443051786875583
4235,ENSG00000125977,EIF2S2,P20042,T,33,0.270247558672216
4238,ENSG00000068831,RASGRP2,Q7LDG7,S,554,0.541454478961958
4239,ENSG00000116213,WRAP73,Q9P2S5,S,281,0.374224105770613
4240,ENSG00000147689,FAM83A,Q86UY5,S,357,0.475724013458234
4241,ENSG00000099204,ABLIM1,O14639,S,353,0.487942718200776
4242,ENSG00000158445,KCNB1,Q14721,S,737,0.338060980987437
4244,ENSG00000197299,BLM,P54132,S,1296,0.34240197751374
4245,ENSG00000183751,TBL3,Q12788,S,257,0.229319937584597
4248,ENSG00000165912,PACSIN3,Q9UKS6,S,341,0.482123653431129
4253,ENSG00000139926,FRMD6,Q96NE9,S,426,0.167073297049267
4255,ENSG00000099968,BCL2L13,Q9BXK5,S,302,0.4058885912441
4256,ENSG00000008130,NADK,O95544,S,50,0.588960190942697
4260,ENSG00000144674,GOLGA4,Q13439,T,31,0.279108179390663
4261,ENSG00000090674,MCOLN1,Q9GZU1,S,557,0.979911056996736
4262,ENSG00000180900,SCRIB,Q14160,S,515,0.120551998145757
4267,ENSG00000148671,ADIRF,Q15847,T,53,0.0908158630011659
4269,ENSG00000131626,PPFIA1,Q13136,S,77,0.258968040933459
4271,ENSG00000176619,LMNB2,Q03252,S,559,0.122289134957205
4272,ENSG00000127481,UBR4,Q5T4S7,S,1652,0.301562071397023
4274,ENSG00000125651,GTF2F1,P35269,S,377,0.60771946623003
4275,ENSG00000156697,UTP14A,Q9BVJ6,Y,26,0.427946898714542
4278,ENSG00000159592,GPBP1L1,Q9HC44,T,301,0.519534610023462
4280,ENSG00000179134,SAMD4B,Q5PRF9,S,252,0.365248463114972
4281,ENSG00000146463,ZMYM4,Q5VZL5,T,217,0.234061830675696
4285,ENSG00000107164,FUBP3,Q96I24,S,458,0.315943174060203
4286,ENSG00000119471,HSDL2,Q6YN16,S,287,0.27276355220308
4287,ENSG00000147010,SH3KBP1,Q96B97,S,436,0.474437290660066
4288,ENSG00000189114,BLOC1S3,Q6QNY0,S,33,0.237757218283827
4289,ENSG00000046604,DSG2,Q14126,S,1068,0.0904840392054657
4290,ENSG00000166963,MAP1A,P78559,S,2256,0.189072186662659
4294,ENSG00000164292,RHOBTB3,O94955,S,215,0.286285167068405
4296,ENSG00000140464,PML,P29590,S,535,0.238521801881309
4297,ENSG00000167674,HDGFL2,Q7Z4V5,S,149,0.307000964246382
4298,ENSG00000158552,ZFAND2B,Q8WV99,S,173,0.218217475777891
4299,ENSG00000189298,ZKSCAN3,Q9BRR0,T,207,0.205276741461075
4301,ENSG00000152495,CAMK4,Q16566,S,341,0.70054933078339
4302,ENSG00000112210,RAB23,Q9ULC3,S,200,0.317293471506539
4303,ENSG00000183421,RIPK4,P57078,S,420,0.391848018619408
4304,ENSG00000197226,TBC1D9B,Q66K14,S,432,0.455434738297269
4306,ENSG00000108518,PFN1,P07737,T,65,0.305534129107161
4308,ENSG00000050405,LIMA1,Q9UHB6,S,601,0.302900678184904
4310,ENSG00000198755,RPL10A,P62906,S,50,0.267641029496255
4312,ENSG00000167548,KMT2D,O14686,T,1267,0.165306560799592
4313,ENSG00000196700,ZNF512B,Q96KM6,S,686,0.527470096567948
4317,ENSG00000101331,CCM2L,Q9NUG4,T,197,0.265548799468931
4318,ENSG00000130723,PRRC2B,Q5JSZ5,S,1667,0.287870583085748
4319,ENSG00000143924,EML4,Q9HC35,S,869,0.210003514802158
4320,ENSG00000075711,DLG1,Q12959,S,517,0.126498295474699
4321,ENSG00000198780,FAM169A,Q9Y6X4,S,526,0.316860658507869
4322,ENSG00000103995,CEP152,O94986,S,526,0.0594437912266974
4323,ENSG00000137656,BUD13,Q9BRD0,S,357,0.397647175802517
4325,ENSG00000100983,GSS,P48637,S,137,0.19257284839706
4326,ENSG00000204209,DAXX,Q9UER7,S,682,0.342768285674558
4327,ENSG00000069011,PITX1,P78337,S,51,0.434420832941859
4330,ENSG00000173166,RAPH1,Q70E73,S,1183,0.306791756276011
4331,ENSG00000197965,MPZL1,O95297,S,206,0.331649680746337
4332,ENSG00000063046,EIF4B,P23588,S,192,0.422896319745398
4338,ENSG00000148773,MKI67,P46013,S,3041,0.180791039350281
4339,ENSG00000126953,TIMM8A,O60220,S,57,0.224895638277833
4341,ENSG00000072786,STK10,O94804,S,448,0.374106260622999
4344,ENSG00000177728,TMEM94,Q12767,S,801,0.260232706312483
4347,ENSG00000146701,MDH2,P40926,T,213,0.287493291843687
4352,ENSG00000135870,RC3H1,Q5TC82,S,535,0.558605561267479
4353,ENSG00000125398,SOX9,P48436,T,236,0.757678623540854
4354,ENSG00000103168,TAF1C,Q15572,T,834,0.357532231886907
4356,ENSG00000143179,UCK2,Q9BZX2,T,246,0.522000370116888
4357,ENSG00000103978,TMEM87A,Q8NBN3,S,540,0.662924661330731
4360,ENSG00000168958,MFF,Q9GZY8,S,234,0.157584489288336
4361,ENSG00000166963,MAP1A,P78559,S,1209,0.242493363529677
4363,ENSG00000198824,CHAMP1,Q96JM3,S,264,0.465722427175829
4364,ENSG00000143217,NECTIN4,Q96NY8,T,391,0.365420158893196
4365,ENSG00000115677,HDLBP,Q00341,S,1237,0.0891768364732314
4367,ENSG00000157657,ZNF618,Q5T7W0,S,120,0.168320567927882
4368,ENSG00000156599,ZDHHC5,Q9C0B5,S,345,0.512682998085766
4369,ENSG00000100335,MIEF1,Q9NQG6,T,58,0.402406781286238
4371,ENSG00000168575,SLC20A2,Q08357,S,432,0.677164854047438
4372,ENSG00000107104,KANK1,Q14678,S,916,0.163797753189472
4375,ENSG00000109171,SLAIN2,Q9P270,S,345,0.504327624356719
4377,ENSG00000198198,SZT2,Q5T011,S,1396,0.151392140481202
4378,ENSG00000136205,TNS3,Q68CZ2,T,820,0.249312215137736
4380,ENSG00000158856,DMTN,Q08495,S,22,0.576436035428076
4381,ENSG00000099260,PALMD,Q9NP74,S,498,0.252138787258254
4383,ENSG00000134369,NAV1,Q8NEY1,T,1837,0.229231864288582
4386,ENSG00000054118,THRAP3,Q9Y2W1,T,327,0.192069275191663
4387,ENSG00000141736,ERBB2,P04626,Y,877,0.977395490756054
4390,ENSG00000162522,KIAA1522,Q9P206,S,562,0.36614690626933
4394,ENSG00000172943,PHF8,Q9UPP1,S,589,0.157353671377132
4395,ENSG00000113360,DROSHA,Q9NRR4,S,221,0.395796854271141
4396,ENSG00000060656,PTPRU,Q92729,Y,865,0.470971827125078
4398,ENSG00000140262,TCF12,Q99081,S,301,0.387068209249205
4403,ENSG00000173198,CYSLTR1,Q9Y271,S,315,0.394868920665713
4404,ENSG00000138434,SSFA2,P28290,S,272,0.248467829022677
4406,ENSG00000133401,PDZD2,O15018,S,2374,0.357143877152138
4408,ENSG00000163875,MEAF6,Q9HAF1,T,120,0.423196143317405
4409,ENSG00000116141,MARK1,Q9P0L2,S,390,0.0923005040562691
4411,ENSG00000169258,GPRIN1,Q7Z2K8,S,776,0.239334083965552
4414,ENSG00000146648,EGFR,P00533,S,1162,0.166572697537127
4415,ENSG00000156172,C8orf37,Q96NL8,S,65,0.152417299671732
4416,ENSG00000140575,IQGAP1,P46940,S,482,0.0958276950633969
4418,ENSG00000172197,MBOAT1,Q6ZNC8,S,488,0.290407855055332
4421,ENSG00000087589,CASS4,Q9NQ75,T,601,0.193240744930631
4422,ENSG00000143373,ZNF687,Q8N1G0,S,225,0.225549982355312
4424,ENSG00000141385,AFG3L2,Q9Y4W6,S,765,0.322462608681342
4425,ENSG00000105568,PPP2R1A,P30153,S,122,0.295869711716731
4427,ENSG00000197702,PARVA,Q9NVD7,S,10,0.348050029695041
4428,ENSG00000205336,ADGRG1,Q9Y653,S,687,0.347778406115202
4429,ENSG00000065618,COL17A1,Q9UMD9,S,96,0.210104948355284
4431,ENSG00000105289,TJP3,O95049,S,323,0.359648901369342
4433,ENSG00000144283,PKP4,Q99569,S,82,0.331151822323565
4434,ENSG00000170776,AKAP13,Q12802,S,1904,0.252619150475596
4436,ENSG00000169564,PCBP1,Q15365,S,323,0.341090562945787
4441,ENSG00000162664,ZNF326,Q5BKZ1,S,131,0.285654933317024
4442,ENSG00000108559,NUP88,Q99567,S,442,0.270871364976379
4443,ENSG00000086758,HUWE1,Q7Z6Z7,S,3827,0.15272280679961
4445,ENSG00000110427,KIAA1549L,Q6ZVL6,S,1581,0.0709284853229162
4446,ENSG00000113645,WWC1,Q8IX03,S,141,0.247426349044485
4447,ENSG00000148468,FAM171A1,Q5VUB5,S,525,0.492827048404634
4448,ENSG00000101096,NFATC2,Q13469,T,325,0.367407576330615
4451,ENSG00000105939,ZC3HAV1,Q7Z2W4,S,408,0.235544299672416
4452,ENSG00000182621,PLCB1,Q9NQ66,S,582,0.136873095309593
4454,ENSG00000135720,DYNC1LI2,O43237,S,406,0.367427510958114
4455,ENSG00000170776,AKAP13,Q12802,T,2391,0.244687575759203
4456,ENSG00000137200,CMTR1,Q8N1G2,S,64,0.305591533489767
4458,ENSG00000174373,RALGAPA1,Q6GYQ0,S,775,0.279347382945108
4460,ENSG00000164346,NSA2,O95478,T,81,0.245728527185902
4463,ENSG00000187068,C3orf70,A6NLC5,S,158,0.193029636388826
4464,ENSG00000113387,SUB1,P53999,S,9,0.304547401028752
4466,ENSG00000100150,DEPDC5,O75140,S,1530,0.523148347554516
4467,ENSG00000076826,CAMSAP3,Q9P1Y5,S,434,0.207947140716562
4468,ENSG00000076003,MCM6,Q14566,S,568,0.41014537721566
4469,ENSG00000197323,TRIM33,Q9UPN9,T,505,0.285239987658902
4470,ENSG00000103222,ABCC1,P33527,S,917,0.257534489153817
4471,ENSG00000135525,MAP7,Q14244,S,200,0.56109765533433
4472,ENSG00000100941,PNN,Q9H307,S,422,0.281553095216934
4473,ENSG00000111206,FOXM1,Q08050,T,627,0.413083497197562
4478,ENSG00000099904,ZDHHC8,Q9ULC8,S,627,0.225860532173181
4480,ENSG00000161714,PLCD3,Q8N3E9,S,557,0.231036705488137
4481,ENSG00000156030,ELMSAN1,Q6PJG2,S,661,0.644936656364656
4483,ENSG00000132825,PPP1R3D,O95685,S,28,0.356105055647367
4484,ENSG00000143970,ASXL2,Q76L83,S,142,0.215304264055449
4486,ENSG00000101745,ANKRD12,Q6UB98,S,1185,0.0747812943891347
4489,ENSG00000077157,PPP1R12B,O60237,S,711,0.136504027296694
4490,ENSG00000113368,LMNB1,P20700,S,28,0.510680993078767
4491,ENSG00000197555,SIPA1L1,O43166,T,1583,0.27617735350542
4492,ENSG00000166165,CKB,P12277,Y,39,0.516671480497995
4493,ENSG00000128294,TPST2,O60704,S,40,0.198741327503891
4494,ENSG00000064651,SLC12A2,P55011,S,132,0.199719017111195
4495,ENSG00000007237,GAS7,O60861,S,111,0.26737546206338
4497,ENSG00000169057,MECP2,P51608,S,65,0.11445455564375
4501,ENSG00000074964,ARHGEF10L,Q9HCE6,Y,131,0.477102252501653
4503,ENSG00000065613,SLK,Q9H2G2,S,818,0.334514697692233
4504,ENSG00000111752,PHC1,P78364,T,918,0.227212562691088
4506,ENSG00000165476,REEP3,Q6NUK4,S,150,0.590854248097081
4508,ENSG00000111912,NCOA7,Q8NI08,T,177,0.105743914053581
4510,ENSG00000165804,ZNF219,Q9P2Y4,S,10,0.397672604977082
4512,ENSG00000157514,TSC22D3,Q99576,S,122,0.331138142724762
4513,ENSG00000182795,C1orf116,Q9BW04,S,555,0.105059140042289
4514,ENSG00000132470,ITGB4,P16144,T,971,0.0861989569744502
4515,ENSG00000135439,AGAP2,Q99490,T,635,0.359668977311952
4516,ENSG00000180776,ZDHHC20,Q5W0Z9,S,315,0.134615175958567
4517,ENSG00000164070,HSPA4L,O95757,S,20,0.0858230723180156
4518,ENSG00000138688,KIAA1109,Q2LD37,S,1528,0.0647681405495434
4522,ENSG00000154767,XPC,Q01831,S,351,0.330400364468968
4523,ENSG00000155093,PTPRN2,Q92932,S,776,0.253163710707483
4525,ENSG00000054654,SYNE2,Q8WXH0,S,6775,0.135062053012311
4527,ENSG00000123636,BAZ2B,Q9UIF8,S,556,0.116021938162908
4531,ENSG00000143390,RFX5,P48382,S,347,0.561827882332191
4533,ENSG00000146966,DENND2A,Q9ULE3,S,310,0.196480944442944
4537,ENSG00000134369,NAV1,Q8NEY1,S,1012,0.186960278256485
4538,ENSG00000144791,LIMD1,Q9UGP4,S,243,0.390465730305557
4542,ENSG00000137692,DCUN1D5,Q9BTE7,S,41,0.455742217098524
4543,ENSG00000160685,ZBTB7B,O15156,S,180,0.196537111545534
4544,ENSG00000131196,NFATC1,O95644,S,237,0.539577646676668
4545,ENSG00000162104,ADCY9,O60503,T,690,0.101965323803193
4548,ENSG00000169621,APLF,Q8IW19,S,131,0.237360099952426
4551,ENSG00000107864,CPEB3,Q8NE35,S,195,0.524293266017827
4553,ENSG00000104529,EEF1D,P29692,S,60,0.471173955227364
4554,ENSG00000091527,CDV3,Q9UKY7,S,41,0.132332035125958
4555,ENSG00000130749,ZC3H4,Q9UPT8,S,1104,0.355506043009
4556,ENSG00000163110,PDLIM5,Q96HC4,S,32,0.113024819158365
4559,ENSG00000173068,BNC2,Q6ZN30,S,904,0.212029298285432
4560,ENSG00000048405,ZNF800,Q2TB10,S,336,0.638134832290613
4563,ENSG00000141644,MBD1,Q9UIS9,S,399,0.484678695677557
4564,ENSG00000154174,TOMM70,O94826,S,434,0.404713102716275
4565,ENSG00000166133,RPUSD2,Q8IZ73,S,436,0.226884918284647
4566,ENSG00000166716,ZNF592,Q92610,S,464,0.0627464641222637
4567,ENSG00000198824,CHAMP1,Q96JM3,S,244,0.20370916820733
4568,ENSG00000198074,AKR1B10,O60218,S,118,0.137061826520235
4571,ENSG00000174672,BRSK2,Q8IWQ3,S,439,0.595802977024577
4572,ENSG00000013441,CLK1,O15075,S,36,0.401661408271777
4576,ENSG00000066135,KDM4A,O75164,T,625,0.157291199844771
4580,ENSG00000149657,LSM14B,Q9BX40,S,323,0.310700088632368
4581,ENSG00000004478,FKBP4,Q02790,T,436,0.366043328250428
4582,ENSG00000172159,FRMD3,A2A2Y4,S,416,0.362862928279983
4584,ENSG00000100106,TRIOBP,Q9H2D6,S,2053,0.0665859000478346
4586,ENSG00000141027,NCOR1,O75376,T,2399,0.386252382145924
4588,ENSG00000196872,KIAA1211L,Q6NV74,S,334,0.205576332445021
4589,ENSG00000152939,MARVELD2,Q8N4S9,S,128,0.189247474358062
4590,ENSG00000152661,GJA1,P17302,S,344,0.477724771825624
4591,ENSG00000217128,FNIP1,Q8TF40,S,261,0.450649701388749
4592,ENSG00000162775,RBM15,Q8NDT2,S,144,0.129207233232493
4593,ENSG00000131196,NFATC1,O95644,S,151,0.338717345931058
4594,ENSG00000077458,FAM76B,Q5HYJ3,S,237,0.116996300686644
4595,ENSG00000099381,SETD1A,O15047,S,222,0.479028865972914
4597,ENSG00000115648,MLPH,Q9BV36,S,569,0.509659846181694
4600,ENSG00000173898,SPTBN2,O15020,S,772,0.242583665448846
4601,ENSG00000079841,RIMS1,Q86UR5,S,448,0.117115280740058
4603,ENSG00000138162,TACC2,O95359,S,2534,0.146066208143586
4604,ENSG00000170345,FOS,P01100,S,133,0.530008378957601
4607,ENSG00000148481,MINDY3,Q9H8M7,S,125,0.244882748322299
4608,ENSG00000147526,TACC1,O75410,S,316,0.253747365698033
4611,ENSG00000124782,RREB1,Q92766,T,1204,0.200725850609732
4612,ENSG00000077235,GTF3C1,Q12789,S,1073,0.140705211264419
4613,ENSG00000160813,PPP1R35,Q8TAP8,S,91,0.288245350239252
4616,ENSG00000162458,FBLIM1,Q8WUP2,S,222,0.184371277829721
4619,ENSG00000188878,FBF1,Q8TES7,T,191,0.330003575245471
4621,ENSG00000137145,DENND4C,Q5VZ89,S,1634,0.107690213166918
4622,ENSG00000111640,GAPDH,P04406,S,151,0.650295550893896
4627,ENSG00000197442,MAP3K5,Q99683,S,966,0.845763554480634
4631,ENSG00000225697,SLC26A6,Q9BXS9,T,12,0.189673804669942
4633,ENSG00000111731,C2CD5,Q86YS7,S,306,0.218857927310647
4635,ENSG00000070814,TCOF1,Q13428,S,178,0.184792310519828
4637,ENSG00000118513,MYB,P10242,S,599,0.444282253816054
4638,ENSG00000028137,TNFRSF1B,P20333,S,330,0.198742344134422
4639,ENSG00000078269,SYNJ2,O15056,S,1443,0.348740853556664
4642,ENSG00000112851,ERBIN,Q96RT1,S,1179,0.370339154844823
4643,ENSG00000074657,ZNF532,Q9HCE3,S,347,0.372010067137277
4644,ENSG00000142208,AKT1,P31749,T,450,0.988820341046394
4645,ENSG00000115325,DOK1,Q99704,S,281,0.417978402142988
4646,ENSG00000120798,NR2C1,P13056,S,64,0.237990816054218
4647,ENSG00000166813,KIF7,Q2M1P5,S,1281,0.381082995383201
4649,ENSG00000124535,WRNIP1,Q96S55,T,87,0.26188222960483
4650,ENSG00000124784,RIOK1,Q9BRS2,S,24,0.343693214334717
4654,ENSG00000128849,CGNL1,Q0VF96,S,261,0.189446741237061
4655,ENSG00000106772,PRUNE2,Q8WUY3,S,2211,0.204817802729518
4656,ENSG00000140836,ZFHX3,Q15911,T,413,0.199932500554362
4657,ENSG00000105656,ELL,O00472,S,309,0.317389039577768
4658,ENSG00000075413,MARK3,P27448,S,369,0.163250081196929
4659,ENSG00000141867,BRD4,O60885,S,1064,0.387850749621957
4660,ENSG00000204138,PHACTR4,Q8IZ21,S,291,0.549915637540134
4662,ENSG00000081277,PKP1,Q13835,Y,104,0.412614815476734
4663,ENSG00000165757,JCAD,Q9P266,S,313,0.153153940196677
4664,ENSG00000153201,RANBP2,O14715,S,1764,0.0779065217295812
4668,ENSG00000124782,RREB1,Q92766,S,1320,0.327254646151222
4669,ENSG00000136928,GABBR2,O75899,T,819,0.260297210371595
4670,ENSG00000144840,RABL3,Q5HYI8,S,110,0.350710266777951
4671,ENSG00000067057,PFKP,Q01813,Y,651,0.50254283353433
4672,ENSG00000244486,SCARF2,Q96GP6,S,619,0.119975443928225
4674,ENSG00000167548,KMT2D,O14686,S,3463,0.082407760102106
4677,ENSG00000102710,SUPT20H,Q8NEM7,S,296,0.262947410888537
4678,ENSG00000177917,ARL6IP6,Q8N6S5,S,27,0.413312348734858
4679,ENSG00000131711,MAP1B,P46821,S,1175,0.0353241652273599
4680,ENSG00000094916,CBX5,P45973,S,11,0.305699698796869
4682,ENSG00000241839,PLEKHO2,Q8TD55,S,244,0.216880714688514
4683,ENSG00000172046,USP19,O94966,S,244,0.197703470154993
4684,ENSG00000111077,TNS2,Q63HR2,S,996,0.208712971055027
4687,ENSG00000057294,PKP2,Q99959,Y,217,0.350546666798262
4692,ENSG00000198910,L1CAM,P32004,S,1194,0.243608740440464
4696,ENSG00000130311,DDA1,Q9BW61,S,95,0.592133894907635
4697,ENSG00000012822,CALCOCO1,Q9P1Z2,S,562,0.272742378177827
4698,ENSG00000141084,RANBP10,Q6VN20,S,365,0.582689367339759
4699,ENSG00000101040,ZMYND8,Q9ULU4,S,439,0.238813898697933
4701,ENSG00000092148,HECTD1,Q9ULT8,T,1800,0.199723915658258
4705,ENSG00000164346,NSA2,O95478,S,205,0.536790624594203
4706,ENSG00000019995,ZRANB1,Q9UGI0,S,697,0.344571502901785
4707,ENSG00000064607,SUGP2,Q8IX01,S,777,0.065223155122429
4708,ENSG00000146904,EPHA1,P21709,S,908,0.305675425577277
4709,ENSG00000047648,ARHGAP6,O43182,S,850,0.17318292963354
4710,ENSG00000163995,ABLIM2,Q6H8Q1,S,290,0.227853564149086
4711,ENSG00000110497,AMBRA1,Q9C0C7,S,1205,0.31069688785082
4712,ENSG00000182718,ANXA2,A6NMY6,S,26,0.38306764551234
4714,ENSG00000100815,TRIP11,Q15643,S,1313,0.107996527654833
4716,ENSG00000111652,COPS7A,Q9UBW8,S,232,0.300025539297611
4718,ENSG00000096070,BRPF3,Q9ULD4,S,405,0.362643185626483
4720,ENSG00000072134,EPN2,O95208,S,178,0.282623900869916
4721,ENSG00000159314,ARHGAP27,Q6ZUM4,S,486,0.28207426453214
4723,ENSG00000124942,AHNAK,Q09666,S,5582,0.202589577638198
4724,ENSG00000147642,SYBU,Q9NX95,S,496,0.217049758729308
4725,ENSG00000093167,LRRFIP2,Q9Y608,S,332,0.262962071349826
4731,ENSG00000116731,PRDM2,Q13029,S,1265,0.247208176885203
4732,ENSG00000171634,BPTF,Q12830,S,601,0.169994557709953
4734,ENSG00000113448,PDE4D,Q08499,S,14,0.169082905531651
4736,ENSG00000144677,CTDSPL,O15194,S,28,0.400200758700431
4739,ENSG00000132470,ITGB4,P16144,S,1517,0.338329808110032
4742,ENSG00000131023,LATS1,O95835,S,1111,0.154773391093833
4743,ENSG00000146830,GIGYF1,O75420,S,17,0.319872770267909
4744,ENSG00000057294,PKP2,Q99959,S,761,0.156203703703791
4746,ENSG00000163092,XIRP2,A4UGR9,S,2717,0.0885922174074408
4747,ENSG00000175793,SFN,P31947,T,207,0.298925010224655
4748,ENSG00000120688,WBP4,O75554,S,213,0.294572288263983
4749,ENSG00000132485,ZRANB2,O95218,S,275,0.515513209114961
4752,ENSG00000148337,CIZ1,Q9ULV3,S,332,0.273847958218763
4753,ENSG00000105289,TJP3,O95049,S,159,0.393631498862808
4758,ENSG00000070047,PHRF1,Q9P1Y6,S,846,0.50998607151165
4760,ENSG00000166813,KIF7,Q2M1P5,S,1289,0.287010008346116
4763,ENSG00000075240,GRAMD4,Q6IC98,T,30,0.297328748725772
4764,ENSG00000127804,METTL16,Q86W50,S,455,0.413159605504859
4765,ENSG00000063176,SPHK2,Q9NRA0,S,414,0.538160727224269
4769,ENSG00000203485,INF2,Q27J81,S,1202,0.239500655402906
4771,ENSG00000134769,DTNA,Q9Y4J8,S,637,0.148258454016998
4773,ENSG00000181722,ZBTB20,Q9HC78,S,431,0.323713626138665
4774,ENSG00000198093,ZNF649,Q9BS31,S,474,0.203949858098409
4775,ENSG00000166833,NAV2,Q8IVL1,S,458,0.0648274758342849
4776,ENSG00000154553,PDLIM3,Q53GG5,S,148,0.392112653186965
4777,ENSG00000164080,RAD54L2,Q9Y4B4,S,1155,0.179467122208852
4778,ENSG00000198853,RUSC2,Q8N2Y8,S,913,0.0873950072116749
4780,ENSG00000158545,ZC3H18,Q86VM9,S,53,0.191106851776483
4785,ENSG00000130764,LRRC47,Q8N1G4,S,528,0.203340313987362
4786,ENSG00000160796,NBEAL2,Q6ZNJ1,T,2009,0.248563498101382
4787,ENSG00000153339,TRAPPC8,Q9Y2L5,S,1090,0.144475093756303
4788,ENSG00000160058,BSDC1,Q9NW68,T,389,0.402071675239382
4790,ENSG00000100364,KIAA0930,Q6ICG6,S,267,0.551511267257214
4791,ENSG00000112701,SENP6,Q9GZR1,S,350,0.330204627399975
4792,ENSG00000052850,ALX4,Q9H161,T,131,0.353736177839966
4794,ENSG00000168003,SLC3A2,P08195,S,134,0.318969462148351
4795,ENSG00000105738,SIPA1L3,O60292,S,172,0.621679040592835
4797,ENSG00000111816,FRK,P42685,Y,46,0.503230441167499
4799,ENSG00000044574,HSPA5,P11021,S,86,0.252436318207784
4802,ENSG00000108021,FAM208B,Q5VWN6,S,219,0.295820862824062
4804,ENSG00000154727,GABPA,Q06546,S,26,0.141070299389581
4805,ENSG00000140396,NCOA2,Q15596,S,471,0.350707366961123
4806,ENSG00000164535,DAGLB,Q8NCG7,S,576,0.302723076059141
4807,ENSG00000198722,UNC13B,O14795,S,232,0.164109662828778
4808,ENSG00000154134,ROBO3,Q96MS0,S,1186,0.165003609790662
4810,ENSG00000244405,ETV5,P41161,S,248,0.447437883896447
4815,ENSG00000169258,GPRIN1,Q7Z2K8,S,914,0.251233812989244
4816,ENSG00000109320,NFKB1,P19838,S,907,0.573017944663555
4817,ENSG00000139083,ETV6,P41212,S,139,0.331212328652916
4818,ENSG00000100304,TTLL12,Q14166,T,20,0.424181954429145
4819,ENSG00000167971,CASKIN1,Q8WXD9,S,706,0.186951017081531
4821,ENSG00000087365,SF3B2,Q13435,S,302,0.296317857714496
4827,ENSG00000131899,LLGL1,Q15334,S,488,0.151495028072846
4828,ENSG00000109118,PHF12,Q96QT6,S,555,0.308211050884214
4830,ENSG00000065328,MCM10,Q7L590,S,548,0.379403162638067
4835,ENSG00000104093,DMXL2,Q8TDJ6,S,588,0.108815210431101
4836,ENSG00000205726,ITSN1,Q15811,S,976,0.235961144557304
4838,ENSG00000146376,ARHGAP18,Q8N392,S,610,0.304201946704869
4843,ENSG00000067191,CACNB1,Q02641,T,418,0.204392619606379
4845,ENSG00000167202,TBC1D2B,Q9UPU7,S,473,0.26551997251629
4846,ENSG00000171988,JMJD1C,Q15652,S,1631,0.2785584714377
4848,ENSG00000130766,SESN2,P58004,S,249,0.163958366918749
4849,ENSG00000176692,FOXC2,Q99958,S,215,0.42611404018617
4850,ENSG00000147050,KDM6A,O15550,S,846,0.209273070702872
4852,ENSG00000106211,HSPB1,P04792,Y,133,0.53741866650371
4857,ENSG00000128591,FLNC,Q14315,S,2461,0.130963628571225
4861,ENSG00000182463,TSHZ2,Q9NRE2,S,743,0.294018405919219
4863,ENSG00000155438,NIFK,Q9BYG3,T,227,0.690595435979068
4864,ENSG00000172661,WASHC2C,Q9Y4E1,T,6,0.143465531528053
4865,ENSG00000136147,PHF11,Q9UIL8,S,256,0.241311692792544
4866,ENSG00000105699,LSR,Q86X29,T,501,0.539735158774061
4869,ENSG00000108262,GIT1,Q9Y2X7,S,670,0.196938659620546
4870,ENSG00000136854,STXBP1,P61764,T,401,0.0768382430061436
4871,ENSG00000127311,HELB,Q8NG08,S,1058,0.648699279136356
4872,ENSG00000178826,TMEM139,Q8IV31,S,146,0.593411524128181
4873,ENSG00000149115,TNKS1BP1,Q9C0C2,T,501,0.204385186987812
4880,ENSG00000169567,HINT1,P49773,S,102,0.337712125579186
4881,ENSG00000129534,MIS18BP1,Q6P0N0,S,690,0.338563227099551
4882,ENSG00000174485,DENND4A,Q7Z401,S,922,0.19312376136858
4883,ENSG00000109787,KLF3,P57682,S,74,0.361456755316982
4889,ENSG00000186501,TMEM222,Q9H0R3,S,40,0.127422241897653
4890,ENSG00000107771,CCSER2,Q9H7U1,S,225,0.136258071286565
4891,ENSG00000121022,COPS5,Q92905,S,284,0.472690089435561
4893,ENSG00000169554,ZEB2,O60315,S,703,0.267556597875253
4899,ENSG00000102893,PHKB,Q93100,S,700,0.461079473606213
4900,ENSG00000139546,TARBP2,Q15633,S,142,0.397467353999976
4901,ENSG00000197077,KIAA1671,Q9BY89,T,378,0.223008831849454
4902,ENSG00000161526,SAP30BP,Q9UHR5,S,18,0.555096054259936
4903,ENSG00000243156,MICAL3,Q7RTP6,S,685,0.380543441437416
4907,ENSG00000140262,TCF12,Q99081,T,560,0.310862559908727
4909,ENSG00000107186,MPDZ,O75970,S,353,0.162444329154755
4911,ENSG00000134817,APLNR,P35414,Y,346,0.518901490347444
4916,ENSG00000145349,CAMK2D,Q13557,S,315,0.577036873182898
4919,ENSG00000122203,KIAA1191,Q96A73,T,179,0.56084752040839
4921,ENSG00000151208,DLG5,Q8TDM6,S,1064,0.142119306228851
4923,ENSG00000066735,KIF26A,Q9ULI4,S,1262,0.210522656265865
4925,ENSG00000068078,FGFR3,P22607,S,444,0.416504891615205
4926,ENSG00000100982,PCIF1,Q9H4Z3,S,8,0.488604096789023
4927,ENSG00000151746,BICD1,Q96G01,S,399,0.317909326750062
4932,ENSG00000146147,MLIP,Q5VWP3,S,169,0.189342230619441
4935,ENSG00000163125,RPRD2,Q5VT52,S,716,0.16184236633479
4936,ENSG00000198561,CTNND1,O60716,T,201,0.417705152518742
4938,ENSG00000164687,FABP5,Q01469,T,63,0.210607815453191
4940,ENSG00000001626,CFTR,P13569,S,737,0.384137636125973
4941,ENSG00000135148,TRAFD1,O14545,S,487,0.113685856467879
4942,ENSG00000123143,PKN1,Q16512,S,533,0.634499581363133
4943,ENSG00000121289,CEP89,Q96ST8,S,40,0.685319862023849
4946,ENSG00000164465,DCBLD1,Q8N8Z6,S,488,0.414102553445722
4949,ENSG00000130528,HRC,P23327,S,75,0.083386869840929
4950,ENSG00000116539,ASH1L,Q9NR48,S,1703,0.234348613360157
4951,ENSG00000178035,IMPDH2,P12268,S,426,0.567181875931805
4952,ENSG00000103313,MEFV,O15553,S,363,0.205280118323686
4953,ENSG00000134769,DTNA,Q9Y4J8,S,581,0.433121068368773
4956,ENSG00000149115,TNKS1BP1,Q9C0C2,S,297,0.215184775381512
4957,ENSG00000070047,PHRF1,Q9P1Y6,S,1165,0.204860220866811
4958,ENSG00000106565,TMEM176B,Q3YBM2,S,245,0.332835507313649
4959,ENSG00000173545,ZNF622,Q969S3,S,174,0.33708641344107
4960,ENSG00000145349,CAMK2D,Q13557,S,319,0.425722714732094
4962,ENSG00000276644,DACH1,Q9UI36,T,727,0.274773141035181
4963,ENSG00000029639,TFB1M,Q8WVM0,S,296,0.481712169993011
4964,ENSG00000112697,TMEM30A,Q9NV96,T,360,0.173673090936214
4965,ENSG00000173276,ZBTB21,Q9ULJ3,S,348,0.365268675029967
4967,ENSG00000171467,ZNF318,Q5VUA4,S,659,0.0795674971154736
4970,ENSG00000152556,PFKM,P08237,Y,103,0.318763207396535
4971,ENSG00000106682,EIF4H,Q15056,S,193,0.368881827730813
4972,ENSG00000080493,SLC4A4,Q9Y6R1,S,86,0.201433765258356
4973,ENSG00000225830,ERCC6,Q03468,S,35,0.101624067622041
4977,ENSG00000119397,CNTRL,Q7Z7A1,S,1475,0.240963540986118
4978,ENSG00000141527,CARD14,Q9BXL6,S,255,0.262499821870626
4980,ENSG00000102302,FGD1,P98174,S,954,0.202589083020691
4981,ENSG00000115183,TANC1,Q9C0D5,S,1513,0.168657038491223
4982,ENSG00000079277,MKNK1,Q9BUB5,S,433,0.112034740800371
4983,ENSG00000164080,RAD54L2,Q9Y4B4,S,1195,0.150452443477141
4984,ENSG00000043143,JADE2,Q9NQC1,S,15,0.4586593726179
4987,ENSG00000130021,PUDP,Q08623,S,119,0.104355672987873
4988,ENSG00000118193,KIF14,Q15058,S,1292,0.353040150337438
4989,ENSG00000075413,MARK3,P27448,S,42,0.573942612051592
4991,ENSG00000108010,GLRX3,O76003,S,117,0.621876623378796
4993,ENSG00000132254,ARFIP2,P53365,S,336,0.254843998533131
4994,ENSG00000135315,CEP162,Q5TB80,S,184,0.218755756875185
4996,ENSG00000118960,HS1BP3,Q53T59,T,160,0.152452683122277
4997,ENSG00000177409,SAMD9L,Q8IVG5,S,79,0.124640063254637
4998,ENSG00000176953,NFATC2IP,Q8NCF5,S,198,0.401647023201622
4999,ENSG00000118785,SPP1,P10451,S,24,0.299351233916885
5001,ENSG00000106263,EIF3B,P55884,S,81,0.28814711367159
5003,ENSG00000108262,GIT1,Q9Y2X7,Y,545,0.645727405084263
5004,ENSG00000147381,MAGEA4,P43358,S,90,0.732130440571856
5005,ENSG00000103994,ZNF106,Q9H2Y7,S,452,0.347678859912249
5008,ENSG00000149136,SSRP1,Q08945,S,120,0.135588939136395
5009,ENSG00000167716,WDR81,Q562E7,T,1117,0.0496998897651124
5010,ENSG00000143850,PLEKHA6,Q9Y2H5,S,854,0.297566367737924
5012,ENSG00000136167,LCP1,P13796,T,114,0.540062616060315
5013,ENSG00000136155,SCEL,O95171,T,112,0.387300461321568
5014,ENSG00000170684,ZNF296,Q8WUU4,S,69,0.32214559302534
5016,ENSG00000165288,BRWD3,Q6RI45,S,702,0.29710778520396
5018,ENSG00000167861,HID1,Q8IV36,S,589,0.285839587821868
5019,ENSG00000112414,ADGRG6,Q86SQ4,S,1162,0.376635618322683
5021,ENSG00000113615,SEC24A,O95486,T,363,0.34005877813453
5026,ENSG00000171132,PRKCE,Q02156,S,381,0.33365989222703
5028,ENSG00000096717,SIRT1,Q96EB6,T,530,0.539418504781937
5030,ENSG00000196950,SLC39A10,Q9ULF5,S,591,0.40366107489252
5032,ENSG00000145725,PPIP5K2,O43314,S,1110,0.186873277210796
5035,ENSG00000099260,PALMD,Q9NP74,T,270,0.441672255196761
5036,ENSG00000106012,IQCE,Q6IPM2,S,128,0.415682610937531
5039,ENSG00000152270,PDE3B,Q13370,S,296,0.543288463471178
5041,ENSG00000069345,DNAJA2,O60884,S,147,0.250957072857362
5042,ENSG00000103966,EHD4,Q9H223,T,407,0.181269084073087
5043,ENSG00000076706,MCAM,P43121,S,614,0.392262835062725
5045,ENSG00000164168,TMEM184C,Q9NVA4,S,344,0.175861745098546
5047,ENSG00000148429,USP6NL,Q92738,Y,551,0.648186538315396
5049,ENSG00000122786,CALD1,Q05682,T,726,0.256099451807933
5050,ENSG00000171222,SCAND1,P57086,S,51,0.125056826718582
5055,ENSG00000085224,ATRX,P46100,S,596,0.241258664486188
5056,ENSG00000125779,PANK2,Q9BZ23,S,140,0.217824410374363
5058,ENSG00000165891,E2F7,Q96AV8,S,410,0.36371465757566
5059,ENSG00000120278,PLEKHG1,Q9ULL1,S,1165,0.277551938353355
5060,ENSG00000182901,RGS7,P49802,S,241,0.490944295726417
5064,ENSG00000081154,PCNP,Q8WW12,S,108,0.227267835584888
5065,ENSG00000122862,SRGN,P10124,S,144,0.189286557785228
5066,ENSG00000175348,TMEM9B,Q9NQ34,S,142,0.205795830695692
5070,ENSG00000134597,RBMX2,Q9Y388,S,272,0.487187303078519
5071,ENSG00000117519,CNN3,Q15417,T,184,0.28371056660396
5073,ENSG00000168137,SETD5,Q9C0A6,S,541,0.120768839074927
5074,ENSG00000114867,EIF4G1,Q04637,T,667,0.398365030078385
5075,ENSG00000132470,ITGB4,P16144,T,1113,0.106907822838881
5078,ENSG00000156802,ATAD2,Q6PL18,S,1283,0.255372366672241
5079,ENSG00000107263,RAPGEF1,Q13905,S,293,0.386849648475348
5080,ENSG00000172375,C2CD2L,O14523,S,470,0.493471926361517
5081,ENSG00000117394,SLC2A1,P11166,S,475,0.174587336233877
5082,ENSG00000129351,ILF3,Q12906,S,506,0.189402448263352
5087,ENSG00000086758,HUWE1,Q7Z6Z7,S,3116,0.187334398778322
5088,ENSG00000197226,TBC1D9B,Q66K14,S,1238,0.314127336440432
5090,ENSG00000123143,PKN1,Q16512,T,202,0.213916952543433
5098,ENSG00000118518,RNF146,Q9NTX7,S,294,0.246269503845025
5099,ENSG00000167548,KMT2D,O14686,T,1911,0.104854899296301
5101,ENSG00000067191,CACNB1,Q02641,S,193,0.378421068519114
5102,ENSG00000105875,WDR91,A4D1P6,S,326,0.189386835295126
5103,ENSG00000147274,RBMX,P38159,S,173,0.118994243500203
5104,ENSG00000036448,MYOM2,P54296,S,875,0.170334768117574
5105,ENSG00000126822,PLEKHG3,A1L390,S,1154,0.190929417250117
5106,ENSG00000135046,ANXA1,P04083,S,170,0.259188397071395
5108,ENSG00000123130,ACOT9,Q9Y305,S,160,0.438047221135316
5110,ENSG00000185046,ANKS1B,Q7Z6G8,S,738,0.176631653061587
5114,ENSG00000198689,SLC9A6,Q92581,T,573,0.299823488876113
5115,ENSG00000127831,VIL1,P09327,S,724,0.277693323102456
5125,ENSG00000205339,IPO7,O95373,S,1027,0.0798473465726126
5128,ENSG00000143319,ISG20L2,Q9H9L3,T,64,0.207627948920369
5131,ENSG00000143337,TOR1AIP1,Q5JTV8,S,154,0.432533464502315
5132,ENSG00000088930,XRN2,Q9H0D6,S,471,0.406325320654953
5133,ENSG00000205302,SNX2,O60749,T,101,0.535378598687199
5134,ENSG00000183808,RBM12B,Q8IXT5,S,101,0.276915014512641
5135,ENSG00000055118,KCNH2,Q12809,S,1137,0.37401949393676
5136,ENSG00000105726,ATP13A1,Q9HD20,S,945,0.150558844705544
5137,ENSG00000164930,FZD6,O60353,S,683,0.118030547468697
5138,ENSG00000151445,VIPAS39,Q9H9C1,Y,97,0.401868762352162
5139,ENSG00000163565,IFI16,Q16666,S,776,0.282883766853175
5140,ENSG00000142733,MAP3K6,O95382,S,1149,0.236778610115919
5141,ENSG00000198399,ITSN2,Q9NZM3,S,884,0.329967883030793
5143,ENSG00000137076,TLN1,Q9Y490,S,1679,0.117063181820055
5144,ENSG00000026025,VIM,P08670,S,27,0.617366447181063
5147,ENSG00000109171,SLAIN2,Q9P270,S,251,0.358443073789586
5149,ENSG00000184661,CDCA2,Q69YH5,S,98,0.411738929378031
5150,ENSG00000133104,SPART,Q8N0X7,S,393,0.259907644072385
5151,ENSG00000122257,RBBP6,Q7Z6E9,S,1273,0.127430216460889
5154,ENSG00000158161,EYA3,Q99504,S,262,0.440472899762869
5156,ENSG00000163346,PBXIP1,Q96AQ6,S,146,0.437713374043836
5157,ENSG00000099814,CEP170B,Q9Y4F5,T,975,0.281233911714599
5159,ENSG00000114805,PLCH1,Q4KWH8,S,1028,0.230330952834407
5160,ENSG00000196843,ARID5A,Q03989,T,313,0.25141783169148
5163,ENSG00000072501,SMC1A,Q14683,S,951,0.471000138156931
5164,ENSG00000176208,ATAD5,Q96QE3,S,1115,0.195090910899767
5169,ENSG00000048828,FAM120A,Q9NZB2,S,923,0.0956416210762832
5172,ENSG00000139350,NEDD1,Q8NHV4,S,423,0.227628089303437
5173,ENSG00000181704,YIPF6,Q96EC8,S,27,0.198210828952816
5174,ENSG00000108306,FBXL20,Q96IG2,T,417,0.863683845573401
5175,ENSG00000183421,RIPK4,P57078,S,444,0.264411111264219
5177,ENSG00000181163,NPM1,P06748,S,10,0.878296723855151
5179,ENSG00000053501,USE1,Q9NZ43,S,204,0.396233161368282
5180,ENSG00000163788,SNRK,Q9NRH2,S,259,0.268471263882277
5182,ENSG00000101150,TPD52L2,O43399,S,195,0.274217409258902
5184,ENSG00000146648,EGFR,P00533,S,695,0.423324119229137
5185,ENSG00000108239,TBC1D12,O60347,S,315,0.22518084554576
5186,ENSG00000160392,C19orf47,Q8N9M1,S,154,0.277448814403461
5187,ENSG00000149115,TNKS1BP1,Q9C0C2,S,1133,0.243970332866947
5189,ENSG00000079805,DNM2,P50570,T,755,0.287468117120352
5191,ENSG00000175727,MLXIP,Q9HAP2,S,27,0.264680877547227
5192,ENSG00000109062,SLC9A3R1,O14745,S,291,0.458668478373661
5194,ENSG00000214706,IFRD2,Q12894,S,95,0.352028228501922
5195,ENSG00000163006,CCDC138,Q96M89,S,664,0.20729129701108
5196,ENSG00000123485,HJURP,Q8NCD3,S,123,0.390246732477207
5197,ENSG00000158417,EIF5B,O60841,T,303,0.212339190246465
5198,ENSG00000147130,ZMYM3,Q14202,S,172,0.217856126460063
5200,ENSG00000144426,NBEAL1,Q6ZS30,S,2682,0.245325891381364
5201,ENSG00000110075,PPP6R3,Q5H9R7,S,666,0.0781135722796321
5203,ENSG00000196535,MYO18A,Q92614,S,987,0.244703318686464
5204,ENSG00000102316,MAGED2,Q9UNF1,S,197,0.291100177530208
5209,ENSG00000074054,CLASP1,Q7Z460,T,798,0.341945737622472
5210,ENSG00000086061,DNAJA1,P31689,S,112,0.311057922605228
5211,ENSG00000135597,REPS1,Q96D71,S,403,0.218815375337019
5213,ENSG00000273706,LHX1,P48742,S,142,0.372107991669112
5214,ENSG00000138640,FAM13A,O94988,S,888,0.240371092559845
5215,ENSG00000182054,IDH2,P48735,S,301,0.093250315022445
5217,ENSG00000143190,POU2F1,P14859,T,276,0.471968026967209
5218,ENSG00000095951,HIVEP1,P15822,S,841,0.445653823148307
5219,ENSG00000168496,FEN1,P39748,S,352,0.485940391213709
5220,ENSG00000102225,CDK16,Q00536,S,95,0.624632839051571
5221,ENSG00000142655,PEX14,O75381,S,274,0.225578100663833
5222,ENSG00000054523,KIF1B,O60333,S,649,0.0477865118111812
5224,ENSG00000145362,ANK2,Q01484,S,3947,0.270588204453322
5225,ENSG00000138162,TACC2,O95359,S,2321,0.343318131734629
5226,ENSG00000073921,PICALM,Q13492,S,353,0.101667167865445
5229,ENSG00000157077,ZFYVE9,O95405,S,668,0.178128330539909
5234,ENSG00000162402,USP24,Q9UPU5,S,1305,0.193988279507042
5235,ENSG00000133454,MYO18B,Q8IUG5,S,2542,0.0989326416242153
5237,ENSG00000139436,GIT2,Q14161,T,726,0.137646569451949
5239,ENSG00000134283,PPHLN1,Q8NEY8,S,201,0.354356204361044
5241,ENSG00000132005,RFX1,P22670,S,159,0.32701179000029
5243,ENSG00000070748,CHAT,P28329,S,473,0.441765727400725
5244,ENSG00000196781,TLE1,Q04724,S,258,0.179145616886001
5246,ENSG00000167447,SMG8,Q8ND04,T,743,0.266171103986395
5247,ENSG00000131016,AKAP12,Q02952,S,280,0.21627424510714
5250,ENSG00000071205,ARHGAP10,A1A4S6,S,645,0.270624861567434
5252,ENSG00000135913,USP37,Q86T82,S,652,0.368623310087329
5253,ENSG00000092148,HECTD1,Q9ULT8,S,1511,0.173811687850306
5255,ENSG00000133083,DCLK1,O15075,S,334,0.55845857496588
5258,ENSG00000141446,ESCO1,Q5FWF5,S,279,0.362200921762282
5259,ENSG00000162944,RFTN2,Q52LD8,S,453,0.199578184316324
5260,ENSG00000124795,DEK,P35659,S,51,0.47339575572921
5262,ENSG00000131747,TOP2A,P11388,S,1392,0.266354947599444
5263,ENSG00000243156,MICAL3,Q7RTP6,S,1759,0.209264129939625
5264,ENSG00000174485,DENND4A,Q7Z401,S,1587,0.322143525984325
5265,ENSG00000184368,MAP7D2,Q96T17,S,186,0.201367375252076
5266,ENSG00000159592,GPBP1L1,Q9HC44,S,292,0.626507880773928
5268,ENSG00000090615,GOLGA3,Q08378,S,1213,0.091220253468754
5270,ENSG00000158301,GPRASP2,Q96D09,S,512,0.387680537257847
5271,ENSG00000110756,HPS5,Q9UPZ3,S,585,0.217626369262824
5272,ENSG00000182095,TNRC18,O15417,S,416,0.164813208282188
5274,ENSG00000157637,SLC38A10,Q9HBR0,S,802,0.30710559943791
5276,ENSG00000114416,FXR1,P51114,S,420,0.364210416833711
5278,ENSG00000169855,ROBO1,Q9Y6N7,S,1492,0.326942442059952
5280,ENSG00000224940,PRRT4,C9JH25,S,766,0.339069747743364
5290,ENSG00000198842,DUSP27,Q5VZP5,S,1054,0.220682270388684
5291,ENSG00000074755,ZZEF1,O43149,T,1521,0.439563625194835
5293,ENSG00000104067,TJP1,Q07157,T,1425,0.265695574119467
5295,ENSG00000133657,ATP13A3,Q9H7F0,S,1219,0.197728433370607
5296,ENSG00000138592,USP8,P40818,T,692,0.44017080353927
5297,ENSG00000150961,SEC24D,O94855,S,828,0.179335172143752
5299,ENSG00000166197,NOLC1,Q14978,S,85,0.547645304258541
5300,ENSG00000136068,FLNB,O75369,S,2487,0.201617937885357
5303,ENSG00000197555,SIPA1L1,O43166,S,1565,0.300881156813056
5304,ENSG00000070778,PTPN21,Q16825,S,538,0.180102020209353
5305,ENSG00000169375,SIN3A,Q96ST3,T,266,0.326080411258518
5307,ENSG00000057294,PKP2,Q99959,Y,631,0.397314798168556
5308,ENSG00000006194,ZNF263,O14978,S,153,0.155660491133146
5309,ENSG00000168566,SNRNP48,Q6IEG0,S,277,0.251404327223922
5311,ENSG00000023516,AKAP11,Q9UKA4,S,1337,0.286582645008326
5312,ENSG00000110048,OSBP,P22059,S,244,0.0904479629450133
5314,ENSG00000160058,BSDC1,Q9NW68,S,214,0.146892256848451
5315,ENSG00000097007,ABL1,P00519,S,718,0.535605527384143
5316,ENSG00000106772,PRUNE2,Q8WUY3,T,588,0.0639514169987915
5317,ENSG00000129084,PSMA1,P25786,S,177,0.181964941867989
5319,ENSG00000129317,PUS7L,Q9H0K6,S,103,0.285493495767253
5321,ENSG00000135913,USP37,Q86T82,S,650,0.45698088671236
5322,ENSG00000198380,GFPT1,Q06210,T,262,0.297674919897937
5326,ENSG00000165280,VCP,P55072,S,352,0.404278098984539
5327,ENSG00000067066,SP100,P23497,S,193,0.0869170986252972
5329,ENSG00000170456,DENND5B,Q6ZUT9,S,822,0.231910492945783
5330,ENSG00000069849,ATP1B3,P54709,S,8,0.359943952233851
5332,ENSG00000129351,ILF3,Q12906,T,469,0.307859025585113
5335,ENSG00000180921,FAM83H,Q6ZRV2,S,667,0.309700484594655
5336,ENSG00000113645,WWC1,Q8IX03,T,929,0.526210069038034
5337,ENSG00000164327,RICTOR,Q6R327,T,1175,0.313161705069779
5339,ENSG00000196132,MYT1,Q01538,S,94,0.287331745116228
5342,ENSG00000161544,CYGB,Q8WWM9,T,180,0.247142638399476
5348,ENSG00000082153,BZW1,Q7L1Q6,S,413,0.655143943652091
5349,ENSG00000170921,TANC2,Q9HCD6,S,140,0.187742335665572
5350,ENSG00000055609,KMT2C,Q8NEZ4,S,68,0.0760936891916076
5352,ENSG00000104093,DMXL2,Q8TDJ6,S,1287,0.147719822601072
5353,ENSG00000163704,PRRT3,Q5FWE3,S,777,0.148860018986115
5356,ENSG00000184307,ZDHHC23,Q8IYP9,S,206,0.481736719314423
5358,ENSG00000147041,SYTL5,Q8TDW5,S,356,0.245377999186729
5361,ENSG00000173991,TCAP,O15273,S,39,0.231112592971941
5362,ENSG00000140350,ANP32A,P39687,S,77,0.403170677732501
5363,ENSG00000124942,AHNAK,Q09666,T,551,0.194391358688797
5366,ENSG00000083937,CHMP2B,Q9UQN3,T,193,0.116319053103241
5368,ENSG00000135525,MAP7,Q14244,S,672,0.270263369371855
5369,ENSG00000158545,ZC3H18,Q86VM9,S,687,0.119339103606155
5370,ENSG00000112559,MDFI,Q99750,S,138,0.576633141156306
5371,ENSG00000131725,WDR44,Q5JSH3,S,570,0.087241894934017
5372,ENSG00000196220,SRGAP3,O43295,S,1029,0.283669106231406
5374,ENSG00000206053,JPT2,Q9H910,S,144,0.374347527400944
5375,ENSG00000152894,PTPRK,Q15262,S,835,0.0846053985975796
5379,ENSG00000144283,PKP4,Q99569,T,283,0.214182724696132
5380,ENSG00000136111,TBC1D4,O60343,S,644,0.250684929183382
5383,ENSG00000130402,ACTN4,O43707,T,445,0.133849624134211
5384,ENSG00000126822,PLEKHG3,A1L390,S,1169,0.230914793555858
5386,ENSG00000131469,RPL27,P61353,S,86,0.372390856864436
5388,ENSG00000174748,RPL15,P61313,S,97,0.368775469226154
5389,ENSG00000165185,KIAA1958,Q8N8K9,S,291,0.300091525447481
5392,ENSG00000137942,FNBP1L,Q5T0N5,S,505,0.501024274492052
5393,ENSG00000165240,ATP7A,Q04656,S,1469,0.266475834244859
5395,ENSG00000051825,MPHOSPH9,Q99550,S,1137,0.16418891924099
5396,ENSG00000079156,OSBPL6,Q9BZF3,S,35,0.333227835884109
5397,ENSG00000156599,ZDHHC5,Q9C0B5,S,590,0.302398348471176
5401,ENSG00000117616,RSRP1,Q9BUV0,S,282,0.199296527674195
5404,ENSG00000140497,SCAMP2,O15127,S,319,0.526135897530539
5406,ENSG00000185567,AHNAK2,Q8IVF2,T,727,0.09473281338921
5407,ENSG00000169057,MECP2,P51608,S,426,0.372159608178884
5408,ENSG00000197043,ANXA6,P08133,S,422,0.386652944512766
5410,ENSG00000138780,GSTCD,Q8NEC7,S,232,0.333122280989905
5411,ENSG00000142546,NOSIP,Q9Y314,T,30,0.465849533720955
5412,ENSG00000119866,BCL11A,Q9H165,S,628,0.253202177368932
5413,ENSG00000124491,F13A1,P00488,S,688,0.134309215444673
5414,ENSG00000099308,MAST3,O60307,S,57,0.388395072555781
5415,ENSG00000132470,ITGB4,P16144,S,1000,0.126127841580449
5416,ENSG00000132549,VPS13B,Q7Z7G8,S,102,0.13134857902551
5418,ENSG00000099814,CEP170B,Q9Y4F5,S,1179,0.483165814234914
5419,ENSG00000143702,CEP170,Q5SW79,S,619,0.16724485063622
5420,ENSG00000167191,GPRC5B,Q9NZH0,Y,376,0.522100304197828
5421,ENSG00000197136,PCNX3,Q9H6A9,T,599,0.22614455834896
5424,ENSG00000140750,ARHGAP17,Q68EM7,S,706,0.326300950119716
5428,ENSG00000029363,BCLAF1,Q9NYF8,S,422,0.312642934493562
5430,ENSG00000064012,CASP8,Q14790,S,387,0.423195921774277
5433,ENSG00000154359,LONRF1,Q17RB8,S,413,0.228366321868033
5434,ENSG00000166165,CKB,P12277,S,337,0.483478898942604
5435,ENSG00000107957,SH3PXD2A,Q5TCZ1,S,800,0.15990265906157
5437,ENSG00000100146,SOX10,P56693,S,45,0.605394057366789
5439,ENSG00000141027,NCOR1,O75376,S,2202,0.439095227645623
5442,ENSG00000169045,HNRNPH1,P31943,S,21,0.289234975682298
5446,ENSG00000158092,NCK1,P16333,S,262,0.364073571734196
5449,ENSG00000135597,REPS1,Q96D71,S,162,0.61821958956799
5451,ENSG00000014164,ZC3H3,Q8IXZ2,S,211,0.353759200805304
5453,ENSG00000182670,TTC3,P53804,S,1819,0.134805838460788
5454,ENSG00000169047,IRS1,P35568,S,341,0.408183035680247
5456,ENSG00000166689,PLEKHA7,Q6IQ23,T,454,0.305724075706352
5457,ENSG00000168036,CTNNB1,P35222,Y,716,0.44544530238607
5459,ENSG00000122870,BICC1,Q9H694,S,637,0.328958598020403
5460,ENSG00000114302,PRKAR2A,P13861,S,383,0.159413814317305
5461,ENSG00000122512,PMS2,P54278,S,603,0.35047762504659
5462,ENSG00000170468,RIOX1,Q9H6W3,S,109,0.234038445629021
5463,ENSG00000143702,CEP170,Q5SW79,S,627,0.257091623208296
5464,ENSG00000124942,AHNAK,Q09666,Y,5836,0.452007216085698
5469,ENSG00000145362,ANK2,Q01484,S,3277,0.107501149795109
5470,ENSG00000157851,DPYSL5,Q9BPU6,S,561,0.226716027732729
5471,ENSG00000141699,RETREG3,Q86VR2,S,360,0.484591618627804
5472,ENSG00000112297,CRYBG1,Q9Y4K1,S,132,0.308532008157518
5473,ENSG00000272333,KMT2B,Q9UMN6,S,1553,0.0467804956753579
5474,ENSG00000078295,ADCY2,Q08462,T,539,0.142458969804374
5476,ENSG00000158941,CCAR2,Q8N163,S,687,0.201639674979074
5481,ENSG00000197579,TOPORS,Q9NS56,S,864,0.380772598251617
5483,ENSG00000275342,PRAG1,Q86YV5,T,834,0.153064290622485
5485,ENSG00000168071,CCDC88B,A6NC98,S,596,0.263816406765965
5487,ENSG00000075413,MARK3,P27448,T,541,0.303750968781886
5490,ENSG00000196531,NACA,E9PAV3,T,744,0.164397001651303
5491,ENSG00000129680,MAP7D3,Q8IWC1,S,770,0.227412850530208
5494,ENSG00000001497,LAS1L,Q9Y4W2,T,613,0.249388706382107
5496,ENSG00000149499,EML3,Q32P44,T,885,0.392782604300635
5497,ENSG00000140577,CRTC3,Q6UUV7,S,322,0.142350930724614
5500,ENSG00000135315,CEP162,Q5TB80,S,157,0.0905268656358755
5501,ENSG00000184205,TSPYL2,Q9H2G4,S,16,0.421609988971443
5503,ENSG00000197771,MCMBP,Q9BTE3,S,218,0.266376687600846
5506,ENSG00000105939,ZC3HAV1,Q7Z2W4,S,271,0.284544092651474
5508,ENSG00000131016,AKAP12,Q02952,S,1458,0.0736545948722722
5509,ENSG00000170088,TMEM192,Q8IY95,S,269,0.274449192745084
5510,ENSG00000101191,DIDO1,Q9BTC0,S,330,0.0394745967109865
5511,ENSG00000175084,DES,P17661,S,92,0.159594016870368
5513,ENSG00000164916,FOXK1,P85037,S,644,0.390269112533344
5514,ENSG00000120800,UTP20,O75691,T,2064,0.228019844502408
5515,ENSG00000160094,ZNF362,Q5T0B9,S,404,0.658401850144061
5517,ENSG00000130701,RBBP8NL,Q8NC74,S,655,0.370514494019541
5518,ENSG00000173276,ZBTB21,Q9ULJ3,S,415,0.104078528597646
5519,ENSG00000065717,TLE2,Q04725,S,228,0.209172464117098
5520,ENSG00000121966,CXCR4,P61073,S,325,0.612985268395946
5521,ENSG00000164715,LMTK2,Q8IWU2,S,1308,0.200434770758016
5522,ENSG00000177311,ZBTB38,Q8NAP3,S,1166,0.121478871445317
5523,ENSG00000085415,SEH1L,Q96EE3,S,179,0.449520222489776
5524,ENSG00000135540,NHSL1,Q5SYE7,S,858,0.327381838525504
5526,ENSG00000127507,ADGRE2,Q9UHX3,S,811,0.141993135890608
5530,ENSG00000128512,DOCK4,Q8N1I0,S,1799,0.182961919890562
5532,ENSG00000120278,PLEKHG1,Q9ULL1,S,1326,0.129403991251927
5533,ENSG00000046651,OFD1,O75665,S,720,0.238721506922886
5534,ENSG00000130559,CAMSAP1,Q08AD1,T,473,0.180912303652817
5539,ENSG00000130176,CNN1,P51911,T,170,0.196049119393019
5540,ENSG00000177169,ULK1,O75385,T,755,0.108462162734045
5542,ENSG00000141971,MVB12A,Q96EY5,S,87,0.338484476458265
5543,ENSG00000111554,MDM1,Q8TC05,S,543,0.350598862477255
5544,ENSG00000129347,KRI1,Q8N9T8,S,150,0.5040682469615
5545,ENSG00000163946,FAM208A,Q9UK61,T,819,0.317148946927741
5547,ENSG00000179094,PER1,O15534,S,980,0.338404884515062
5548,ENSG00000256683,ZNF350,Q9GZX5,T,283,0.12977680581744
5549,ENSG00000155090,KLF10,Q13118,S,184,0.193931469512346
5550,ENSG00000167522,ANKRD11,Q6UB99,S,556,0.120187957321794
5551,ENSG00000110851,PRDM4,Q9UKN5,S,202,0.471046016908582
5552,ENSG00000157214,STEAP2,Q8NFT2,S,194,0.0949639290896333
5553,ENSG00000163807,KIAA1143,Q96AT1,S,105,0.432305652120057
5554,ENSG00000116459,ATP5PB,P24539,Y,165,0.351331783600368
5555,ENSG00000006194,ZNF263,O14978,T,149,0.0904948558477924
5557,ENSG00000198961,PJA2,O43164,S,429,0.293896211414256
5558,ENSG00000160789,LMNA,P02545,S,428,0.446065971324993
5560,ENSG00000128283,CDC42EP1,Q00587,S,143,0.501915722229738
5562,ENSG00000164897,TMUB1,Q9BVT8,T,71,0.453330096117511
5563,ENSG00000140718,FTO,Q9C0B1,S,184,0.318621003719085
5564,ENSG00000052126,PLEKHA5,Q9HAU0,S,1098,0.1664144961544
5566,ENSG00000133961,NUMB,P49757,S,240,0.326403663888634
5567,ENSG00000162849,KIF26B,Q2KJY2,S,1141,0.237553045972986
5568,ENSG00000110955,ATP5F1B,P06576,S,415,0.286678666122956
5572,ENSG00000171723,GPHN,Q9NQX3,T,266,0.652669785996768
5573,ENSG00000092871,RFFL,Q8WZ73,S,229,0.382903808410873
5576,ENSG00000089169,RPH3A,Q9Y2J0,S,692,0.202477615163255
5577,ENSG00000148516,ZEB1,P37275,S,1036,0.249596884889245
5580,ENSG00000112851,ERBIN,Q96RT1,S,714,0.226079795940904
5582,ENSG00000007171,NOS2,P35228,S,81,0.18869967797572
5583,ENSG00000130528,HRC,P23327,S,401,0.237079146410742
5584,ENSG00000116521,SCAMP3,O14828,S,72,0.373677803698339
5588,ENSG00000117707,PROX1,Q92786,S,467,0.17383211361927
5589,ENSG00000134202,GSTM3,P21266,S,122,0.194852335543604
5590,ENSG00000165119,HNRNPK,P61978,T,39,0.673905624603981
5591,ENSG00000065526,SPEN,Q96T58,S,2412,0.312926093531958
5592,ENSG00000180209,MYLPF,Q96A32,S,17,0.359373812030339
5593,ENSG00000058729,RIOK2,Q9BVS4,S,442,0.377353921541411
5595,ENSG00000101361,NOP56,O00567,S,537,0.420884549135674
5598,ENSG00000086102,NFX1,Q12986,S,50,0.314102140851704
5599,ENSG00000136878,USP20,Q9Y2K6,S,368,0.399901936447469
5600,ENSG00000213658,LAT,O43561,S,101,0.560849416077996
5601,ENSG00000184363,PKP3,Q9Y446,S,118,0.227936142217022
5602,ENSG00000153207,AHCTF1,Q8WYP5,S,2063,0.207204532728984
5604,ENSG00000158941,CCAR2,Q8N163,S,922,0.247000073540684
5606,ENSG00000215041,NEURL4,Q96JN8,S,902,0.298536731109616
5608,ENSG00000132535,DLG4,P78352,S,480,0.199677136524463
5610,ENSG00000145901,TNIP1,Q15025,S,442,0.472793913378731
5611,ENSG00000077097,TOP2B,Q02880,S,1279,0.162566805438679
5612,ENSG00000117625,RCOR3,Q9P2K3,T,163,0.28945417415908
5613,ENSG00000073792,IGF2BP2,Q9Y6M1,T,550,0.260205679573095
5617,ENSG00000171877,FRMD5,Q7Z6J6,S,306,0.449255460759117
5619,ENSG00000188191,PRKAR1B,P31321,S,75,0.331792679175594
5621,ENSG00000130675,MNX1,P50219,S,77,0.649337415183866
5626,ENSG00000041802,LSG1,Q9H089,S,413,0.345000050627144
5627,ENSG00000130749,ZC3H4,Q9UPT8,S,1114,0.317738154761547
5628,ENSG00000171634,BPTF,Q12830,S,1827,0.243233142325059
5629,ENSG00000076826,CAMSAP3,Q9P1Y5,S,1100,0.215875414025031
5630,ENSG00000123908,AGO2,Q9UKV8,S,387,0.501542755639766
5631,ENSG00000074755,ZZEF1,O43149,S,2044,0.10817116679267
5632,ENSG00000134775,FHOD3,Q2V2M9,S,379,0.45298242454926
5634,ENSG00000072518,MARK2,Q7KZI7,S,40,0.559170266981858
5637,ENSG00000176842,IRX5,P78411,S,385,0.199674375563894
5638,ENSG00000167680,SEMA6B,Q9H3T3,S,822,0.239303378822383
5639,ENSG00000113319,RASGRF2,O14827,S,794,0.238160065609393
5640,ENSG00000137171,KLC4,Q9NSK0,T,612,0.34250504172753
5641,ENSG00000153147,SMARCA5,O60264,S,32,0.0937244575038496
5642,ENSG00000130595,TNNT3,P45378,S,167,0.455348676349868
5645,ENSG00000166317,SYNPO2L,Q9H987,S,421,0.227593806921047
5646,ENSG00000143702,CEP170,Q5SW79,T,1343,0.207545068031665
5649,ENSG00000104447,TRPS1,Q9UHF7,T,807,0.401903182557701
5650,ENSG00000106263,EIF3B,P55884,S,152,0.384805228405941
5654,ENSG00000141252,VPS53,Q5VIR6,T,382,0.0933538107649458
5659,ENSG00000198743,SLC5A3,P53794,S,594,0.332000744155202
5660,ENSG00000132670,PTPRA,P18433,S,211,0.515302017609812
5662,ENSG00000075340,ADD2,P35612,S,617,0.558692842410328
5665,ENSG00000198929,NOS1AP,O75052,S,249,0.131267667169282
5666,ENSG00000120896,SORBS3,O60504,S,551,0.429793840518192
5668,ENSG00000120690,ELF1,P32519,S,167,0.369783269767252
5672,ENSG00000115109,EPB41L5,Q9HCM4,S,521,0.344327981080032
5674,ENSG00000157916,RER1,O15258,S,100,0.265060945001885
5676,ENSG00000168386,FILIP1L,Q4L180,S,1082,0.372119564820709
5677,ENSG00000072952,MRVI1,Q9Y6F6,S,657,0.324247089216548
5678,ENSG00000131236,CAP1,O14713,S,25,0.393164830525721
5682,ENSG00000135486,HNRNPA1,P09651,S,4,0.409028951400879
5684,ENSG00000205413,SAMD9,Q5K651,T,160,0.0747178997861126
5685,ENSG00000140199,SLC12A6,Q9UHW9,S,148,0.283358165901699
5686,ENSG00000005073,HOXA11,P31270,S,84,0.16272575124812
5688,ENSG00000040731,CDH10,Q9Y6N8,S,784,0.371968042998211
5689,ENSG00000132005,RFX1,P22670,S,204,0.34392156858935
5690,ENSG00000146701,MDH2,P40926,S,246,0.431812061798109
5693,ENSG00000078061,ARAF,P10398,T,215,0.509636611893873
5695,ENSG00000159784,FAM131B,Q86XD5,S,114,0.127206787831882
5696,ENSG00000092148,HECTD1,Q9ULT8,S,1529,0.0997594963202498
5697,ENSG00000125414,MYH2,Q9UKX2,Y,822,0.315998252045805
5704,ENSG00000104517,UBR5,O95071,T,1729,0.205923018495913
5705,ENSG00000172995,ARPP21,Q9UBL0,S,383,0.370475516109607
5708,ENSG00000173145,NOC3L,Q8WTT2,S,115,0.4154374900913
5710,ENSG00000171219,CDC42BPG,Q6DT37,S,1550,0.19915773718468
5711,ENSG00000167202,TBC1D2B,Q9UPU7,S,949,0.305542727048251
5716,ENSG00000005483,KMT2E,Q8IZD2,T,1147,0.136349970475482
5718,ENSG00000167202,TBC1D2B,Q9UPU7,T,551,0.3358023072828
5719,ENSG00000033327,GAB2,Q9UQC2,S,264,0.452181944002482
5723,ENSG00000142002,DPP9,Q86TI2,T,6,0.311180884703612
5725,ENSG00000107104,KANK1,Q14678,S,195,0.0834819654866072
5726,ENSG00000186472,PCLO,Q9Y6V0,S,429,0.135487393004473
5729,ENSG00000157510,AFAP1L1,Q8TED9,S,104,0.376813915275126
5731,ENSG00000264522,OTUD7B,Q6GQQ9,S,471,0.305150392857913
5732,ENSG00000136872,ALDOB,P05062,S,161,0.0885735213776386
5733,ENSG00000133392,MYH11,P35749,S,1770,0.0639456316281502
5734,ENSG00000165280,VCP,P55072,S,13,0.247906618043991
5735,ENSG00000129691,ASH2L,Q9UBL3,S,316,0.367122624822894
5736,ENSG00000163932,PRKCD,Q05655,S,658,0.256877736192644
5737,ENSG00000101871,MID1,O15344,S,66,0.170658997846904
5739,ENSG00000068308,OTUD5,Q96G74,S,431,0.339863018952319
5740,ENSG00000133106,EPSTI1,Q96J88,T,64,0.251837412310964
5741,ENSG00000090565,RAB11FIP3,O75154,S,102,0.194621707813698
5742,ENSG00000136169,SETDB2,Q96T68,S,318,0.149580461548711
5745,ENSG00000196586,MYO6,Q9UM54,S,1019,0.163621014656935
5747,ENSG00000067798,NAV3,Q8IVL0,S,654,0.343056451845474
5749,ENSG00000057294,PKP2,Q99959,T,281,0.188426667765227
5751,ENSG00000100139,MICALL1,Q8N3F8,S,616,0.363929106053746
5755,ENSG00000182621,PLCB1,Q9NQ66,S,569,0.230907297765528
5756,ENSG00000154553,PDLIM3,Q53GG5,S,252,0.333703981292571
5758,ENSG00000084733,RAB10,P61026,S,188,0.324465949655627
5759,ENSG00000067369,TP53BP1,Q12888,S,520,0.206894426485183
5760,ENSG00000204469,PRRC2A,P48634,S,1387,0.320314372064862
5761,ENSG00000146216,TTBK1,Q5TCY1,T,325,0.210448950697768
5763,ENSG00000164930,FZD6,O60353,S,526,0.306942583042175
5764,ENSG00000178761,FAM219B,Q5XKK7,S,91,0.281336427097692
5766,ENSG00000197380,DACT3,Q96B18,S,348,0.224953660096056
5770,ENSG00000131725,WDR44,Q5JSH3,S,582,0.244232735451512
5771,ENSG00000163110,PDLIM5,Q96HC4,T,216,0.264467235006461
5772,ENSG00000104067,TJP1,Q07157,S,1413,0.186837958810381
5773,ENSG00000196935,SRGAP1,Q7Z6B7,S,938,0.177620960056372
5775,ENSG00000005700,IBTK,Q9P2D0,Y,996,0.414671184734766
5777,ENSG00000101199,ARFGAP1,Q8N6T3,S,346,0.356763537496412
5778,ENSG00000131584,ACAP3,Q96P50,S,387,0.159291728645271
5780,ENSG00000134453,RBM17,Q96I25,S,227,0.341579025970849
5781,ENSG00000104852,SNRNP70,P08621,Y,126,0.692849949664204
5783,ENSG00000088930,XRN2,Q9H0D6,T,478,0.202515357403371
5786,ENSG00000112697,TMEM30A,Q9NV96,T,231,0.117271693741463
5791,ENSG00000250423,KIAA1210,Q9ULL0,S,1022,0.165241793668505
5792,ENSG00000074054,CLASP1,Q7Z460,S,253,0.142696630920325
5795,ENSG00000010270,STARD3NL,O95772,S,210,0.624643739743842
5796,ENSG00000085433,WDR47,O94967,S,578,0.233056231532431
5799,ENSG00000177663,IL17RA,Q96F46,S,801,0.490882230900759
5800,ENSG00000178028,DMAP1,Q9NPF5,S,42,0.326782261816309
5804,ENSG00000120370,GORAB,Q5T7V8,T,109,0.140570419885158
5805,ENSG00000180357,ZNF609,O15014,S,361,0.33181142031549
5806,ENSG00000137802,MAPKBP1,O60336,S,1367,0.14735991751706
5809,ENSG00000117148,ACTL8,Q9H568,S,52,0.585647801777051
5810,ENSG00000174672,BRSK2,Q8IWQ3,S,393,0.370419418312205
5812,ENSG00000008838,MED24,O75448,S,872,0.418020482762898
5813,ENSG00000079308,TNS1,Q9HBL0,S,948,0.121715871454834
5817,ENSG00000186193,SAPCD2,Q86UD0,S,276,0.398223389424826
5819,ENSG00000108848,LUC7L3,O95232,S,395,0.149888739835611
5821,ENSG00000166963,MAP1A,P78559,S,1626,0.0824772718740638
5822,ENSG00000067369,TP53BP1,Q12888,T,382,0.236033621828495
5824,ENSG00000117114,ADGRL2,O95490,S,1400,0.232937444199847
5825,ENSG00000196199,MPHOSPH8,Q99549,T,401,0.254192935120457
5828,ENSG00000124160,NCOA5,Q9HCD5,T,274,0.396092829129671
5829,ENSG00000103351,CLUAP1,Q96AJ1,S,314,0.378043991785381
5833,ENSG00000163362,INAVA,Q3KP66,S,246,0.385659967011979
5835,ENSG00000108666,C17orf75,Q9HAS0,S,24,0.286149368899113
5836,ENSG00000183853,KIRREL1,Q96J84,S,743,0.377983859017524
5838,ENSG00000054523,KIF1B,O60333,S,1655,0.286138248888552
5839,ENSG00000023902,PLEKHO1,Q53GL0,S,342,0.262868709845653
5842,ENSG00000018625,ATP1A2,P50993,S,439,0.138633857701726
5844,ENSG00000100368,CSF2RB,P32927,S,659,0.241580007748699
5846,ENSG00000132004,FBXW9,Q5XUX1,S,54,0.326610453554765
5847,ENSG00000197694,SPTAN1,Q13813,S,1302,0.264415788150126
5848,ENSG00000167257,RNF214,Q8ND24,S,27,0.261921555650585
5850,ENSG00000174780,SRP72,O76094,S,611,0.293901648954977
5852,ENSG00000129351,ILF3,Q12906,S,477,0.343606063075667
5853,ENSG00000258890,CEP95,Q96GE4,S,353,0.198768564108539
5856,ENSG00000110880,CORO1C,Q9ULV4,S,187,0.231895867550044
5857,ENSG00000006459,KDM7A,Q6ZMT4,S,503,0.167047157190176
5858,ENSG00000165699,TSC1,Q92574,S,644,0.246559791160251
5861,ENSG00000104643,MTMR9,Q96QG7,S,548,0.458067485789328
5864,ENSG00000166477,LEO1,Q8WVC0,T,629,0.389666054578387
5868,ENSG00000182809,CRIP2,P52943,Y,77,0.659773171741361
5870,ENSG00000159216,RUNX1,Q01196,S,249,0.619314624016669
5872,ENSG00000139625,MAP3K12,Q12852,S,607,0.222293088854901
5875,ENSG00000102034,ELF4,Q99607,S,648,0.526568030075111
5876,ENSG00000107242,PIP5K1B,O14986,S,448,0.304773144826141
5877,ENSG00000147100,SLC16A2,P36021,S,8,0.154628722077543
5879,ENSG00000106772,PRUNE2,Q8WUY3,S,2325,0.176381289837567
5883,ENSG00000172613,RAD9A,Q99638,S,380,0.582535628788195
5885,ENSG00000171680,PLEKHG5,O94827,S,934,0.391654712822205
5886,ENSG00000171723,GPHN,Q9NQX3,S,295,0.536598990902163
5888,ENSG00000108349,CASC3,O15234,T,357,0.221527905620052
5889,ENSG00000079819,EPB41L2,O43491,S,170,0.228293862016868
5890,ENSG00000158769,F11R,Q9Y624,Y,280,0.910843477192562
5894,ENSG00000103222,ABCC1,P33527,S,930,0.247677627199144
5901,ENSG00000166689,PLEKHA7,Q6IQ23,S,565,0.753979727187374
5903,ENSG00000165209,STRBP,Q96SI9,S,466,0.298746737883562
5904,ENSG00000152240,HAUS1,Q96CS2,S,264,0.123142128746632
5906,ENSG00000158555,GDPD5,Q8WTR4,S,543,0.194400007862803
5908,ENSG00000095787,WAC,Q9BTA9,S,436,0.284414169924825
5909,ENSG00000083896,YTHDC1,Q96MU7,S,294,0.114237104155345
5912,ENSG00000105401,CDC37,Q16543,S,120,0.372512097975512
5914,ENSG00000070081,NUCB2,P80303,S,124,0.124390951037904
5915,ENSG00000185567,AHNAK2,Q8IVF2,S,4962,0.254029953042474
5917,ENSG00000152291,TGOLN2,O43493,S,150,0.220796584634981
5918,ENSG00000197555,SIPA1L1,O43166,S,1367,0.175208379313352
5922,ENSG00000178209,PLEC,Q15149,T,4411,0.142190273653886
5927,ENSG00000134056,MRPS36,P82909,S,61,0.549517181484429
5928,ENSG00000143373,ZNF687,Q8N1G0,S,1082,0.39223288463526
5929,ENSG00000121289,CEP89,Q96ST8,S,44,0.656832345595941
5930,ENSG00000133056,PIK3C2B,O00750,S,155,0.329074783476362
5932,ENSG00000072071,ADGRL1,O94910,S,1447,0.190952585637193
5933,ENSG00000078674,PCM1,Q15154,S,370,0.192919387456031
5935,ENSG00000099942,CRKL,P46109,S,114,0.368159647728776
5937,ENSG00000130762,ARHGEF16,Q5VV41,S,191,0.493497217616719
5939,ENSG00000129667,RHBDF2,Q6PJF5,S,325,0.435922171624848
5941,ENSG00000149269,PAK1,Q13153,T,214,0.432048481595099
5942,ENSG00000085224,ATRX,P46100,S,34,0.322020622272446
5944,ENSG00000112320,SOBP,A7XYQ1,S,597,0.164607879976698
5946,ENSG00000167491,GATAD2A,Q86YP4,T,188,0.122301486941869
5950,ENSG00000063046,EIF4B,P23588,S,57,0.265784955082773
5954,ENSG00000133612,AGAP3,Q96P47,T,324,0.450889712758447
5955,ENSG00000111642,CHD4,Q14839,S,108,0.309020538943181
5960,ENSG00000117395,EBNA1BP2,Q99848,S,270,0.27267017549895
5963,ENSG00000156697,UTP14A,Q9BVJ6,S,14,0.263430104850536
5964,ENSG00000063587,ZNF275,Q9NSD4,S,76,0.185140780620919
5970,ENSG00000114346,ECT2,Q9H8V3,S,391,0.268641304870184
5971,ENSG00000129911,KLF16,Q9BXK1,S,238,0.452118265167479
5973,ENSG00000184661,CDCA2,Q69YH5,S,614,0.359318288433666
5974,ENSG00000104903,LYL1,P12980,S,36,0.339748096331342
5976,ENSG00000019144,PHLDB1,Q86UU1,T,694,0.158214813702236
5977,ENSG00000197077,KIAA1671,Q9BY89,S,1293,0.0960792092223935
5980,ENSG00000204120,GIGYF2,Q6Y7W6,S,19,0.379790270753631
5981,ENSG00000099814,CEP170B,Q9Y4F5,S,536,0.239270618441168
5983,ENSG00000166897,ELFN2,Q5R3F8,S,668,0.452110695070179
5984,ENSG00000092148,HECTD1,Q9ULT8,S,1570,0.258469787000563
5986,ENSG00000091542,ALKBH5,Q6P6C2,S,363,0.299387377477328
5988,ENSG00000149823,VPS51,Q9UID3,S,640,0.186171817016845
5990,ENSG00000083097,DOPEY1,Q5JWR5,S,1237,0.161950012330937
5992,ENSG00000071242,RPS6KA2,Q15349,S,546,0.287728182117187
5994,ENSG00000119321,FKBP15,Q5T1M5,S,346,0.558788603571549
5996,ENSG00000176435,CLEC14A,Q86T13,S,483,0.265350471373526
5999,ENSG00000165802,NSMF,Q6X4W1,S,204,0.269872089797244
6001,ENSG00000168502,MTCL1,Q9Y4B5,S,1434,0.184619302931895
6002,ENSG00000116539,ASH1L,Q9NR48,S,1170,0.386117837222315
6004,ENSG00000197256,KANK2,Q63ZY3,S,92,0.362897678643383
6005,ENSG00000173230,GOLGB1,Q14789,S,491,0.0600200859169121
6006,ENSG00000232434,AJM1,C9J069,S,448,0.231777640659758
6007,ENSG00000095397,WHRN,Q9P202,S,685,0.233320440181661
6008,ENSG00000183207,RUVBL2,Q9Y230,T,360,0.447648182815613
6010,ENSG00000132470,ITGB4,P16144,T,1434,0.320161778717911
6011,ENSG00000196961,AP2A1,O95782,S,655,0.449903918277034
6012,ENSG00000137076,TLN1,Q9Y490,S,1503,0.124460391090312
6015,ENSG00000046651,OFD1,O75665,S,663,0.410524960598659
6017,ENSG00000107890,ANKRD26,Q9UPS8,S,587,0.117967128273756
6018,ENSG00000153317,ASAP1,Q9ULH1,S,1027,0.445029116923855
6019,ENSG00000144283,PKP4,Q99569,Y,1168,0.64982505016898
6021,ENSG00000156735,BAG4,O95429,S,286,0.171336509161832
6022,ENSG00000113645,WWC1,Q8IX03,T,895,0.360157277690358
6023,ENSG00000131558,EXOC4,Q96A65,S,468,0.29960919633678
6024,ENSG00000107372,ZFAND5,O76080,S,72,0.139087833677805
6025,ENSG00000027697,IFNGR1,P15260,S,380,0.223403567397031
6027,ENSG00000179588,ZFPM1,Q8IX07,S,668,0.375371909093121
6030,ENSG00000184305,CCSER1,Q9C0I3,S,448,0.356658183353079
6032,ENSG00000121988,ZRANB3,Q5FWF4,S,588,0.147927830288876
6035,ENSG00000123240,OPTN,Q96CV9,S,171,0.380137728629594
6036,ENSG00000104517,UBR5,O95071,S,110,0.247731057128547
6040,ENSG00000167258,CDK12,Q9NYV4,S,301,0.498795208800036
6044,ENSG00000163104,SMARCAD1,Q9H4L7,S,39,0.253837535613735
6045,ENSG00000167306,MYO5B,Q9ULV0,S,1446,0.0941258028966652
6048,ENSG00000178184,PARD6G,Q9BYG4,S,359,0.214285912667439
6049,ENSG00000178950,GAK,O14976,S,780,0.44429916077964
6050,ENSG00000136643,RPS6KC1,Q96S38,S,823,0.307248508885407
6052,ENSG00000114631,PODXL2,Q9NZ53,S,570,0.401324112053884
6053,ENSG00000090975,PITPNM2,Q9BZ72,S,867,0.223221991145154
6054,ENSG00000109458,GAB1,Q13480,S,276,0.20111297757798
6055,ENSG00000183248,PRR36,Q9H6K5,S,302,0.137761636812377
6063,ENSG00000112210,RAB23,Q9ULC3,S,206,0.354593694716523
6064,ENSG00000123143,PKN1,Q16512,S,916,0.868134108388838
6065,ENSG00000197077,KIAA1671,Q9BY89,S,88,0.210689995129897
6066,ENSG00000108262,GIT1,Q9Y2X7,S,385,0.488706266190124
6067,ENSG00000170525,PFKFB3,Q16875,S,478,0.387239492803569
6068,ENSG00000088247,KHSRP,Q92945,S,131,0.282335486470498
6069,ENSG00000187017,ESPN,B1AK53,S,642,0.100700063289967
6070,ENSG00000124496,TRERF1,Q96PN7,T,746,0.472023447414997
6072,ENSG00000149930,TAOK2,Q9UL54,T,604,0.482803908694173
6074,ENSG00000020633,RUNX3,Q13761,S,251,0.358190127797831
6075,ENSG00000148429,USP6NL,Q92738,S,716,0.440029033746495
6076,ENSG00000054267,ARID4B,Q4LE39,S,912,0.227149623236595
6079,ENSG00000092607,TBX15,Q96SF7,S,7,0.236721174525478
6081,ENSG00000165757,JCAD,Q9P266,S,495,0.0888158611888293
6082,ENSG00000141127,PRPSAP2,O60256,S,240,0.371273665048296
6084,ENSG00000169905,TOR1AIP2,Q8NFQ8,S,72,0.40454804585558
6085,ENSG00000121068,TBX2,Q13207,S,342,0.597624573780871
6086,ENSG00000151240,DIP2C,Q9Y2E4,S,70,0.21911854812468
6087,ENSG00000134769,DTNA,Q9Y4J8,T,585,0.407243295096542
6089,ENSG00000124831,LRRFIP1,Q32MZ4,S,565,0.43783495416636
6090,ENSG00000105767,CADM4,Q8NFZ8,S,377,0.155507097594395
6093,ENSG00000168517,HEXIM2,Q96MH2,S,71,0.436290172884581
6095,ENSG00000061936,SFSWAP,Q12872,Y,296,0.458753578262325
6097,ENSG00000005810,MYCBP2,O75592,S,2871,0.0439363067158213
6098,ENSG00000145901,TNIP1,Q15025,S,79,0.117013981279467
6101,ENSG00000185000,DGAT1,O75907,S,18,0.490917954091481
6104,ENSG00000109107,ALDOC,P09972,S,45,0.47420204389649
6109,ENSG00000151612,ZNF827,Q17R98,S,102,0.270175232074571
6111,ENSG00000154133,ROBO4,Q8WZ75,S,816,0.215022874989025
6112,ENSG00000176049,JAKMIP2,Q96AA8,S,376,0.198666006324358
6115,ENSG00000196914,ARHGEF12,Q9NZN5,S,753,0.13081663687224
6116,ENSG00000143776,CDC42BPA,Q5VT25,S,1616,0.228008351857346
6117,ENSG00000102900,NUP93,Q8N1F7,S,647,0.404101408035441
6118,ENSG00000204569,PPP1R10,Q96QC0,S,337,0.490741029122714
6119,ENSG00000185989,RASA3,Q14644,T,831,0.249625019818575
6120,ENSG00000131711,MAP1B,P46821,S,1994,0.225968155813974
6121,ENSG00000072041,SLC6A15,Q9H2J7,S,701,0.529885185579087
6122,ENSG00000029363,BCLAF1,Q9NYF8,T,840,0.643331838245722
6125,ENSG00000124942,AHNAK,Q09666,Y,836,0.394894931084255
6126,ENSG00000109111,SUPT6H,Q7KZ85,S,1526,0.176972253052647
6127,ENSG00000204634,TBC1D8,O95759,S,445,0.146470243977612
6129,ENSG00000112893,MAN2A1,Q16706,S,82,0.253987631632809
6131,ENSG00000120896,SORBS3,O60504,S,544,0.460250482358522
6133,ENSG00000186871,ERCC6L,Q2NKX8,S,1188,0.310361271017181
6135,ENSG00000138095,LRPPRC,P42704,S,75,0.165586221543825
6136,ENSG00000205542,TMSB4X,P62328,S,31,0.807605103122653
6138,ENSG00000124333,VAMP7,P51809,S,167,0.335706624671433
6144,ENSG00000175203,DCTN2,Q13561,S,83,0.439043990224134
6145,ENSG00000169047,IRS1,P35568,S,892,0.439125220642891
6146,ENSG00000118473,SGIP1,Q9BQI5,S,335,0.301918935705026
6148,ENSG00000023287,RB1CC1,Q8TDY2,S,257,0.218853068048461
6149,ENSG00000164649,CDCA7L,Q96GN5,S,108,0.348178551179551
6150,ENSG00000156639,ZFAND3,Q9H8U3,T,112,0.545122946637372
6151,ENSG00000136478,TEX2,Q8IWB9,T,197,0.270761669512205
6152,ENSG00000102900,NUP93,Q8N1F7,S,72,0.314941641002139
6155,ENSG00000116128,BCL9,O00512,S,878,0.523838013692491
6157,ENSG00000132793,LPIN3,Q9BQK8,S,161,0.285413472373402
6159,ENSG00000128915,ICE2,Q659A1,S,17,0.208758186064505
6162,ENSG00000141527,CARD14,Q9BXL6,S,259,0.276367437316379
6165,ENSG00000160789,LMNA,P02545,S,599,0.26068431937039
6166,ENSG00000067369,TP53BP1,Q12888,S,366,0.381395548615547
6168,ENSG00000174177,CTU2,Q2VPK5,S,419,0.500101965387375
6170,ENSG00000035403,VCL,P18206,S,97,0.133650659763935
6171,ENSG00000170903,MSANTD4,Q8NCY6,S,101,0.207336746406565
6172,ENSG00000136636,KCTD3,Q9Y597,S,806,0.320485462247526
6175,ENSG00000091136,LAMB1,P07942,S,1682,0.0704816742304747
6176,ENSG00000143889,HNRNPLL,Q8WVV9,S,75,0.558407367525329
6177,ENSG00000099968,BCL2L13,Q9BXK5,S,429,0.313753233362402
6180,ENSG00000100354,TNRC6B,Q9UPQ9,S,1461,0.329965220193811
6181,ENSG00000137656,BUD13,Q9BRD0,S,407,0.658250395068749
6182,ENSG00000184281,TSSC4,Q9Y5U2,S,146,0.494139051693377
6183,ENSG00000168646,AXIN2,Q9Y2T1,S,493,0.217136578455828
6184,ENSG00000159212,CLIC6,Q96NY7,S,303,0.169041051513692
6186,ENSG00000110697,PITPNM1,O00562,S,593,0.460735869311422
6188,ENSG00000135631,RAB11FIP5,Q9BXF6,S,280,0.439594077181976
6190,ENSG00000007520,TSR3,Q9UJK0,S,281,0.250968344558384
6192,ENSG00000139697,SBNO1,A3KN83,S,697,0.399469527997136
6194,ENSG00000065618,COL17A1,Q9UMD9,S,93,0.565217469313129
6195,ENSG00000154240,CEP112,Q8N8E3,S,171,0.391106069942712
6198,ENSG00000133392,MYH11,P35749,S,1266,0.074819710633521
6200,ENSG00000106993,CDC37L1,Q7L3B6,S,32,0.509614931781768
6202,ENSG00000118900,UBN1,Q9NPG3,S,1025,0.309915962034665
6206,ENSG00000140396,NCOA2,Q15596,S,660,0.21738997174073
6207,ENSG00000153140,CETN3,O15182,S,135,0.632696540665961
6208,ENSG00000160685,ZBTB7B,O15156,S,487,0.165976016226587
6209,ENSG00000163110,PDLIM5,Q96HC4,S,260,0.265025964175172
6211,ENSG00000009307,CSDE1,O75534,S,482,0.275361110091008
6212,ENSG00000157191,NECAP2,Q9NVZ3,S,181,0.548406633579761
6216,ENSG00000103264,FBXO31,Q5XUX0,S,33,0.309481170084622
6217,ENSG00000144567,RETREG2,Q8NC44,S,344,0.437794323569703
6218,ENSG00000186001,LRCH3,Q96II8,S,516,0.518532014009106
6219,ENSG00000101745,ANKRD12,Q6UB98,S,630,0.170184963000195
6220,ENSG00000141456,PELP1,Q8IZL8,T,1014,0.255903380292778
6221,ENSG00000092148,HECTD1,Q9ULT8,S,1945,0.180311135533993
6222,ENSG00000198053,SIRPA,P78324,Y,496,0.790499384579039
6226,ENSG00000162300,ZFPL1,O95159,T,223,0.392206021892705
6227,ENSG00000067900,ROCK1,Q13464,S,1102,0.327695059507881
6228,ENSG00000172175,MALT1,Q9UDY8,S,42,0.24058837911427
6229,ENSG00000002822,MAD1L1,Q9Y6D9,T,423,0.498521286568254
6232,ENSG00000223501,VPS52,Q8N1B4,S,355,0.391501995330433
6234,ENSG00000129675,ARHGEF6,Q15052,S,150,0.32786231062345
6235,ENSG00000006453,BAIAP2L1,Q9UHR4,T,257,0.560369512178448
6236,ENSG00000179889,PDXDC1,Q6P996,T,691,0.508641870868916
6237,ENSG00000160299,PCNT,O95613,S,2279,0.123983372726675
6241,ENSG00000130024,PHF10,Q8WUB8,S,323,0.353447440522329
6242,ENSG00000136636,KCTD3,Q9Y597,S,808,0.373361309955254
6243,ENSG00000113739,STC2,O76061,S,288,0.352752018864214
6244,ENSG00000185022,MAFF,Q9ULX9,S,18,0.230896691475363
6245,ENSG00000143799,PARP1,P09874,S,177,0.247242881949407
6246,ENSG00000170681,CAVIN4,Q5BKX8,S,258,0.133794447403226
6247,ENSG00000116691,MIIP,Q5JXC2,S,113,0.321492438409395
6248,ENSG00000185800,DMWD,Q09019,S,652,0.429919774007595
6251,ENSG00000035403,VCL,P18206,S,383,0.157161663700357
6255,ENSG00000137497,NUMA1,Q14980,S,1872,0.209244311862849
6256,ENSG00000137936,BCAR3,O75815,S,363,0.523492670720945
6259,ENSG00000116754,SRSF11,Q05519,S,456,0.356802640687739
6260,ENSG00000118058,KMT2A,Q03164,S,142,0.262680383709219
6262,ENSG00000146872,TLK2,Q86UE8,S,41,0.315176170957018
6263,ENSG00000070778,PTPN21,Q16825,S,863,0.123570075820715
6264,ENSG00000104369,JPH1,Q9HDC5,S,157,0.49734048432916
6265,ENSG00000185950,IRS2,Q9Y4H2,S,406,0.193061100728617
6266,ENSG00000132824,SERINC3,Q13530,S,369,0.29117903161978
6267,ENSG00000146426,TIAM2,Q8IVF5,S,1545,0.174501814833471
6271,ENSG00000163939,PBRM1,Q86U86,S,1116,0.184248282389006
6274,ENSG00000047188,YTHDC2,Q9H6S0,S,1183,0.323163004337227
6276,ENSG00000112394,SLC16A10,Q8TF71,S,268,0.123163053460398
6277,ENSG00000118520,ARG1,P05089,Y,50,0.43325089552493
6279,ENSG00000077684,JADE1,Q6IE81,S,392,0.205193530817614
6281,ENSG00000138434,SSFA2,P28290,S,380,0.102185400566547
6283,ENSG00000155324,GRAMD2B,Q96HH9,S,242,0.283278829215691
6290,ENSG00000124198,ARFGEF2,Q9Y6D5,S,348,0.301485814200511
6291,ENSG00000154358,OBSCN,Q5VST9,S,2509,0.115035933370627
6292,ENSG00000135049,AGTPBP1,Q9UPW5,S,1142,0.171784428193122
6294,ENSG00000110237,ARHGEF17,Q96PE2,S,147,0.0955429095927863
6295,ENSG00000198467,TPM2,P07951,T,282,0.265419889873502
6296,ENSG00000100364,KIAA0930,Q6ICG6,T,271,0.387678284222335
6297,ENSG00000196235,SUPT5H,O00267,T,775,0.647414911375947
6298,ENSG00000170579,DLGAP1,O14490,S,415,0.212882745582995
6300,ENSG00000010270,STARD3NL,O95772,Y,209,0.7102106498032
6301,ENSG00000130699,TAF4,O00268,S,109,0.257291905827869
6303,ENSG00000197555,SIPA1L1,O43166,S,1443,0.314852806610108
6308,ENSG00000170390,DCLK2,Q8N568,S,51,0.350981922862734
6309,ENSG00000140044,JDP2,Q8WYK2,S,151,0.328567337855018
6310,ENSG00000114346,ECT2,Q9H8V3,S,880,0.367081505652293
6313,ENSG00000151445,VIPAS39,Q9H9C1,T,104,0.310072747611475
6317,ENSG00000111647,UHRF1BP1L,A0JNW5,S,1009,0.0618192892660679
6322,ENSG00000130598,TNNI2,P48788,S,59,0.095678062942972
6325,ENSG00000178295,GEN1,Q17RS7,S,893,0.36403117452367
6326,ENSG00000164587,RPS14,P62263,S,139,0.702613093068884
6327,ENSG00000129116,PALLD,Q8WX93,S,479,0.249029606778835
6330,ENSG00000164327,RICTOR,Q6R327,S,1101,0.190964601254088
6332,ENSG00000140263,SORD,Q00796,S,206,0.377249052495
6333,ENSG00000145241,CENPC,Q03188,S,277,0.290474654284623
6334,ENSG00000138434,SSFA2,P28290,S,902,0.131646561400197
6335,ENSG00000125266,EFNB2,P52799,S,260,0.702128137439906
6340,ENSG00000141298,SSH2,Q76I76,S,25,0.132461058471081
6341,ENSG00000049759,NEDD4L,Q96PU5,Y,485,0.655951177416996
6343,ENSG00000124406,ATP8A1,Q9Y2Q0,S,9,0.1746199887448
6345,ENSG00000102226,USP11,P51784,S,938,0.325012298765988
6346,ENSG00000114646,CSPG5,O95196,S,543,0.175173560055746
6347,ENSG00000163482,STK36,Q9NRP7,S,159,0.347616167281747
6348,ENSG00000196935,SRGAP1,Q7Z6B7,S,1010,0.471890186240515
6349,ENSG00000144283,PKP4,Q99569,S,83,0.330466283323894
6350,ENSG00000198648,STK39,Q9UEW8,S,401,0.247023241044235
6352,ENSG00000116641,DOCK7,Q96N67,S,873,0.187350101291435
6353,ENSG00000157557,ETS2,P15036,S,313,0.394745630758758
6354,ENSG00000177666,PNPLA2,Q96AD5,S,476,0.273051866101195
6355,ENSG00000100884,CPNE6,O95741,S,556,0.166774131743849
6356,ENSG00000140323,DISP2,A7MBM2,S,1175,0.532162954824162
6357,ENSG00000102030,NAA10,P41227,S,228,0.369644761246486
6358,ENSG00000135596,MICAL1,Q8TDZ2,T,908,0.241261445588065
6359,ENSG00000178950,GAK,O14976,S,1091,0.0668888383130197
6361,ENSG00000163462,TRIM46,Q7Z4K8,S,627,0.440914400914873
6363,ENSG00000130158,DOCK6,Q96HP0,S,880,0.403542509961637
6364,ENSG00000145945,FAM50B,Q9Y247,S,121,0.251689647311589
6365,ENSG00000122122,SASH3,O75995,S,149,0.289669246316651
6367,ENSG00000130726,TRIM28,Q13263,T,599,0.296923726341559
6368,ENSG00000172572,PDE3A,Q14432,T,580,0.299213784291861
6369,ENSG00000198758,EPS8L3,Q8TE67,S,441,0.129466018023127
6371,ENSG00000067334,DNTTIP2,Q5QJE6,S,145,0.449842790922849
6372,ENSG00000148498,PARD3,Q8TEW0,S,1143,0.0830500115938381
6373,ENSG00000148291,SURF2,Q15527,T,184,0.26742310634656
6375,ENSG00000151491,EPS8,Q12929,S,661,0.280935088019175
6376,ENSG00000153827,TRIP12,Q14669,S,1322,0.398296963377887
6378,ENSG00000047849,MAP4,P27816,S,983,0.223698954847354
6380,ENSG00000029153,ARNTL2,Q8WYA1,S,540,0.404395024722879
6381,ENSG00000168259,DNAJC7,Q99615,S,393,0.476796289928305
6384,ENSG00000177469,CAVIN1,Q6NZI2,S,389,0.450735753500147
6389,ENSG00000147642,SYBU,Q9NX95,S,99,0.660489974214936
6391,ENSG00000031823,RANBP3,Q9H6Z4,S,219,0.422679856185455
6393,ENSG00000101096,NFATC2,Q13469,S,367,0.211044624221144
6394,ENSG00000120458,MSANTD2,Q6P1R3,S,27,0.452065584926309
6395,ENSG00000111786,SRSF9,Q13242,Y,214,0.607436930716458
6396,ENSG00000140262,TCF12,Q99081,S,559,0.602265811943934
6397,ENSG00000062194,GPBP1,Q86WP2,S,381,0.438426388453535
6398,ENSG00000138688,KIAA1109,Q2LD37,S,3196,0.108422422801252
6399,ENSG00000139926,FRMD6,Q96NE9,S,609,0.156390523963774
6402,ENSG00000128604,IRF5,Q13568,S,446,0.722345676134658
6403,ENSG00000173230,GOLGB1,Q14789,S,1966,0.121129576455468
6406,ENSG00000144567,RETREG2,Q8NC44,S,347,0.439449122923612
6407,ENSG00000104093,DMXL2,Q8TDJ6,S,960,0.208800114593186
6408,ENSG00000068654,POLR1A,O95602,S,1489,0.164846293339363
6409,ENSG00000157557,ETS2,P15036,S,310,0.488516795400097
6410,ENSG00000143195,ILDR2,Q71H61,S,569,0.495116730394626
6412,ENSG00000147140,NONO,Q15233,T,410,0.496141349828777
6413,ENSG00000177106,EPS8L2,Q9H6S3,S,480,0.432489572019044
6415,ENSG00000093167,LRRFIP2,Q9Y608,S,333,0.375458293544933
6418,ENSG00000093010,COMT,P21964,S,267,0.428574281889946
6419,ENSG00000137497,NUMA1,Q14980,S,1947,0.194214154460743
6420,ENSG00000197256,KANK2,Q63ZY3,T,149,0.201639950439412
6421,ENSG00000162194,LBHD1,Q9BQE6,S,282,0.460468438429701
6426,ENSG00000172375,C2CD2L,O14523,S,619,0.454789699209969
6427,ENSG00000163788,SNRK,Q9NRH2,S,599,0.0987667653082734
6428,ENSG00000060069,CTDP1,Q9Y5B0,S,456,0.232312967993495
6429,ENSG00000162402,USP24,Q9UPU5,S,2072,0.104973988131871
6430,ENSG00000164327,RICTOR,Q6R327,S,1585,0.238895401926777
6432,ENSG00000101856,PGRMC1,O00264,Y,180,0.890769229497513
6433,ENSG00000144824,PHLDB2,Q86SQ0,S,896,0.178348535358522
6436,ENSG00000069345,DNAJA2,O60884,S,395,0.48333669922104
6437,ENSG00000004975,DVL2,O14641,S,169,0.426603213543371
6438,ENSG00000140682,TGFB1I1,O43294,S,140,0.443722450814791
6442,ENSG00000184661,CDCA2,Q69YH5,S,291,0.354957141024764
6443,ENSG00000069248,NUP133,Q8WUM0,S,72,0.304253349454583
6444,ENSG00000148498,PARD3,Q8TEW0,S,962,0.392330559143376
6447,ENSG00000109787,KLF3,P57682,S,100,0.381250926847701
6448,ENSG00000115760,BIRC6,Q9NR09,T,574,0.216676611269955
6451,ENSG00000166897,ELFN2,Q5R3F8,T,493,0.561254583162307
6454,ENSG00000115464,USP34,Q70CQ2,S,681,0.058460726756693
6455,ENSG00000115524,SF3B1,O75533,T,273,0.578329516250184
6456,ENSG00000020577,SAMD4A,Q9UPU9,S,292,0.325940815195329
6457,ENSG00000187193,MT1X,P80297,S,8,0.486659365814028
6458,ENSG00000173210,ABLIM3,O94929,S,280,0.367005196289336
6460,ENSG00000148429,USP6NL,Q92738,S,781,0.228245350685712
6461,ENSG00000169057,MECP2,P51608,S,65,0.11445455564375
6463,ENSG00000109320,NFKB1,P19838,T,943,0.152944564403131
6465,ENSG00000107816,LZTS2,Q9BRK4,S,277,0.254104623824371
6467,ENSG00000100815,TRIP11,Q15643,S,464,0.34574604141276
6469,ENSG00000166689,PLEKHA7,Q6IQ23,S,986,0.406548846904317
6470,ENSG00000155792,DEPTOR,Q8TB45,S,287,0.369055070687515
6473,ENSG00000134909,ARHGAP32,A7KAX9,S,1220,0.17738927293361
6474,ENSG00000065609,SNAP91,O60641,S,306,0.162225670437158
6477,ENSG00000174672,BRSK2,Q8IWQ3,T,509,0.529472624452419
6478,ENSG00000163125,RPRD2,Q5VT52,S,479,0.460089659793048
6480,ENSG00000148773,MKI67,P46013,S,235,0.310503017363238
6482,ENSG00000047849,MAP4,P27816,T,627,0.168911163134238
6484,ENSG00000138385,SSB,P05455,S,325,0.287727516567289
6487,ENSG00000171533,MAP6,Q96JE9,S,812,0.228844129000061
6489,ENSG00000085511,MAP3K4,Q9Y6R4,S,503,0.10771666408491
6491,ENSG00000179151,EDC3,Q96F86,S,233,0.470257037227541
6492,ENSG00000156384,SFR1,Q86XK3,S,61,0.529193452405441
6493,ENSG00000105699,LSR,Q86X29,T,435,0.252835432658365
6495,ENSG00000042445,RETSAT,Q6NUM9,S,484,0.353024711042306
6496,ENSG00000132694,ARHGEF11,O15085,T,1461,0.270364618019855
6500,ENSG00000160218,TRAPPC10,P48553,S,710,0.296711512481674
6502,ENSG00000155816,FMN2,Q9NZ56,S,509,0.0657514264111543
6505,ENSG00000105327,BBC3,Q96PG8,S,160,0.254653532318757
6508,ENSG00000132155,RAF1,P04049,S,233,0.507413837498162
6510,ENSG00000133121,STARD13,Q9Y3M8,S,334,0.273521702749867
6511,ENSG00000260903,XKR7,Q5GH72,S,13,0.165923601095481
6512,ENSG00000134780,DAGLA,Q9Y4D2,S,847,0.116963570550592
6515,ENSG00000080845,DLGAP4,Q9Y2H0,S,620,0.17265219605368
6519,ENSG00000110841,PPFIBP1,Q86W92,T,39,0.28602057084616
6520,ENSG00000180370,PAK2,Q13177,T,143,0.566461189856141
6521,ENSG00000125534,PPDPF,Q9H3Y8,S,25,0.41837179601963
6523,ENSG00000170515,PA2G4,Q9UQ80,S,2,0.717244067847729
6527,ENSG00000134954,ETS1,P14921,S,285,0.442918806094202
6529,ENSG00000114857,NKTR,P30414,S,611,0.108432245879848
6530,ENSG00000071655,MBD3,O95983,S,86,0.326847436410825
6534,ENSG00000177169,ULK1,O75385,T,764,0.384787912709089
6537,ENSG00000137601,NEK1,Q96PY6,S,664,0.350636860376455
6538,ENSG00000156709,AIFM1,O95831,S,118,0.356537786033518
6545,ENSG00000095951,HIVEP1,P15822,S,523,0.114866091371587
6548,ENSG00000099381,SETD1A,O15047,S,1545,0.364626510721304
6550,ENSG00000105699,LSR,Q86X29,S,363,0.292224650351344
6555,ENSG00000100139,MICALL1,Q8N3F8,S,589,0.206115989099963
6556,ENSG00000111961,SASH1,O94885,S,721,0.475335990420953
6558,ENSG00000076826,CAMSAP3,Q9P1Y5,S,863,0.154096029863428
6559,ENSG00000168944,CEP120,Q8N960,S,347,0.117604998030834
6562,ENSG00000167978,SRRM2,Q9UQ35,S,2438,0.093764467868265
6564,ENSG00000140534,TICRR,Q7Z2Z1,S,1303,0.261958846770586
6567,ENSG00000152518,ZFP36L2,P47974,S,59,0.416618825657628
6569,ENSG00000143093,STRIP1,Q5VSL9,S,788,0.210344029556377
6572,ENSG00000151065,DCP1B,Q8IZD4,S,511,0.519654986711906
6574,ENSG00000161681,SHANK1,Q9Y566,S,413,0.181802511808288
6575,ENSG00000087884,AAMDC,Q9H7C9,T,121,0.207516545360658
6577,ENSG00000126217,MCF2L,O15068,T,972,0.123826539024232
6578,ENSG00000102893,PHKB,Q93100,T,702,0.426379413432672
6579,ENSG00000169592,INO80E,Q8NBZ0,T,201,0.236397531131478
6582,ENSG00000121152,NCAPH,Q15003,S,201,0.314407073451028
6584,ENSG00000148719,DNAJB12,Q9NXW2,S,81,0.160088109996988
6585,ENSG00000123358,NR4A1,P22736,S,205,0.422580983556741
6588,ENSG00000133392,MYH11,P35749,S,1314,0.0674917327440347
6591,ENSG00000170027,YWHAG,P61981,Y,117,0.371980685820387
6592,ENSG00000142661,MYOM3,Q5VTT5,S,90,0.264642577229826
6593,ENSG00000082898,XPO1,O14980,S,183,0.106969145407477
6594,ENSG00000099308,MAST3,O60307,S,711,0.229511486694003
6597,ENSG00000100106,TRIOBP,Q9H2D6,T,1997,0.100699316875272
6601,ENSG00000163798,SLC4A1AP,Q9BWU0,S,532,0.457578749930486
6603,ENSG00000108518,PFN1,P07737,S,57,0.319678463887774
6604,ENSG00000164329,PAPD4,Q6PIY7,S,95,0.562420936259262
6605,ENSG00000146670,CDCA5,Q96FF9,S,107,0.309362735768139
6608,ENSG00000162402,USP24,Q9UPU5,S,1372,0.44988946724985
6610,ENSG00000070047,PHRF1,Q9P1Y6,S,1093,0.233614124668412
6611,ENSG00000143126,CELSR2,Q9HCU4,S,2675,0.14097330724844
6613,ENSG00000141905,NFIC,P08651,S,264,0.141659231916761
6614,ENSG00000171723,GPHN,Q9NQX3,T,199,0.368635190827455
6615,ENSG00000144283,PKP4,Q99569,S,1187,0.389353146558512
6616,ENSG00000136280,CCM2,Q9BSQ5,S,251,0.164476752107615
6617,ENSG00000102189,EEA1,Q15075,S,356,0.283513536590478
6619,ENSG00000171862,PTEN,P60484,S,294,0.386505900206013
6620,ENSG00000154358,OBSCN,Q5VST9,S,238,0.292160224400434
6622,ENSG00000162434,JAK1,P23458,S,228,0.274430918256264
6623,ENSG00000197077,KIAA1671,Q9BY89,S,1574,0.258122700899622
6624,ENSG00000123200,ZC3H13,Q5T200,S,1452,0.209540291182768
6625,ENSG00000070047,PHRF1,Q9P1Y6,S,1091,0.107362752242868
6627,ENSG00000181195,PENK,P01210,S,251,0.12989887835003
6631,ENSG00000113448,PDE4D,Q08499,S,255,0.530820349782661
6632,ENSG00000112851,ERBIN,Q96RT1,T,1016,0.0882143968152849
6633,ENSG00000107719,PALD1,Q9ULE6,T,89,0.161862961049048
6634,ENSG00000164209,SLC25A46,Q96AG3,S,37,0.393131207376271
6640,ENSG00000164715,LMTK2,Q8IWU2,T,602,0.251321834371714
6641,ENSG00000151491,EPS8,Q12929,S,660,0.254652646977089
6646,ENSG00000175130,MARCKSL1,P49006,S,165,0.456869035095677
6648,ENSG00000204394,VARS,P26640,S,527,0.310681278109304
6650,ENSG00000048828,FAM120A,Q9NZB2,S,1077,0.213445633765684
6653,ENSG00000141027,NCOR1,O75376,S,1981,0.566271027560642
6654,ENSG00000132485,ZRANB2,O95218,S,277,0.120325399633037
6655,ENSG00000187244,BCAM,P50895,S,621,0.313972922496262
6656,ENSG00000131381,RBSN,Q9H1K0,S,217,0.508957086107105
6659,ENSG00000154447,SH3RF1,Q7Z6J0,S,532,0.457659144580106
6660,ENSG00000115648,MLPH,Q9BV36,S,574,0.537356947681638
6663,ENSG00000055332,EIF2AK2,P19525,S,92,0.419441554087881
6664,ENSG00000167978,SRRM2,Q9UQ35,S,957,0.15186985579782
6665,ENSG00000146426,TIAM2,Q8IVF5,S,1583,0.117004835167646
6666,ENSG00000152270,PDE3B,Q13370,S,280,0.23998772816853
6671,ENSG00000183323,CCDC125,Q86Z20,S,58,0.236294708904958
6674,ENSG00000132155,RAF1,P04049,S,612,0.327930528629945
6677,ENSG00000112561,TFEB,P19484,S,466,0.568733926114558
6680,ENSG00000164620,RELL2,Q8NC24,S,52,0.18418056956334
6681,ENSG00000136478,TEX2,Q8IWB9,S,751,0.339079588908981
6682,ENSG00000122223,CD244,Q9BZW8,S,336,0.149315603306352
6684,ENSG00000197226,TBC1D9B,Q66K14,S,1144,0.32516457180057
6685,ENSG00000198561,CTNND1,O60716,S,864,0.337606692799085
6686,ENSG00000168386,FILIP1L,Q4L180,S,959,0.0718578089586923
6687,ENSG00000080503,SMARCA2,P51531,S,670,0.20181581285675
6688,ENSG00000129422,MTUS1,Q9ULD2,S,279,0.204626656570303
6692,ENSG00000138162,TACC2,O95359,S,197,0.190634926779978
6693,ENSG00000084733,RAB10,P61026,T,75,0.230284966908911
6694,ENSG00000198160,MIER1,Q8N108,S,373,0.334731535363453
6696,ENSG00000159166,LAD1,O00515,S,298,0.167416035693534
6698,ENSG00000177200,CHD9,Q3L8U1,S,2058,0.289312544842231
6701,ENSG00000160058,BSDC1,Q9NW68,S,418,0.142175130124929
6702,ENSG00000164327,RICTOR,Q6R327,S,1577,0.191625983705645
6704,ENSG00000137497,NUMA1,Q14980,S,1145,0.166418316461582
6708,ENSG00000005436,GCFC2,P16383,T,213,0.343484826167083
6709,ENSG00000117016,RIMS3,Q9UJD0,S,22,0.330807476780772
6710,ENSG00000067141,NEO1,Q92859,T,1198,0.268910344286918
6711,ENSG00000131473,ACLY,P53396,T,447,0.554689199470034
6713,ENSG00000106415,GLCCI1,Q86VQ1,S,341,0.493528671356866
6714,ENSG00000082397,EPB41L3,Q9Y2J2,S,11,0.225164913105163
6718,ENSG00000152767,FARP1,Q9Y4F1,S,23,0.308195545896094
6719,ENSG00000136274,NACAD,O15069,T,1134,0.173509467834692
6720,ENSG00000067248,DHX29,Q7Z478,S,71,0.261324184352057
6721,ENSG00000178096,BOLA1,Q9Y3E2,S,123,0.597501936738808
6722,ENSG00000128923,MINDY2,Q8NBR6,S,72,0.183502664879586
6723,ENSG00000129534,MIS18BP1,Q6P0N0,S,192,0.262894866584613
6724,ENSG00000175115,PACS1,Q6VY07,S,451,0.101686922277513
6727,ENSG00000188878,FBF1,Q8TES7,S,359,0.308612055275346
6733,ENSG00000092201,SUPT16H,Q9Y5B9,T,903,0.224207117225091
6734,ENSG00000178567,EPM2AIP1,Q7L775,S,146,0.189322854202675
6735,ENSG00000167978,SRRM2,Q9UQ35,S,1657,0.200738355583033
6747,ENSG00000167670,CHAF1A,Q13111,S,873,0.463544720216953
6751,ENSG00000106992,AK1,O14965,S,51,0.319365646150219
6755,ENSG00000118412,CASP8AP2,Q9UKL3,S,815,0.0505818441428291
6758,ENSG00000006453,BAIAP2L1,Q9UHR4,S,261,0.535925870488987
6759,ENSG00000160447,PKN3,Q6P5Z2,T,860,0.542760824242415
6762,ENSG00000136274,NACAD,O15069,S,1133,0.0668826311798873
6764,ENSG00000095539,SEMA4G,Q9NTN9,S,837,0.202178403298728
6767,ENSG00000144136,SLC20A1,Q8WUM9,S,288,0.370145178146409
6768,ENSG00000140526,ABHD2,P08910,S,415,0.331611505599967
6773,ENSG00000136478,TEX2,Q8IWB9,S,746,0.272148645696043
6775,ENSG00000186566,GPATCH8,Q9UKJ3,T,1115,0.308363312649916
6776,ENSG00000168264,IRF2BP2,Q7Z5L9,T,392,0.381315301997267
6777,ENSG00000102802,MEDAG,Q5VYS4,S,274,0.189384245123982
6778,ENSG00000180776,ZDHHC20,Q5W0Z9,S,330,0.400956431274783
6779,ENSG00000169398,PTK2,Q05397,S,705,0.263387591222372
6781,ENSG00000159202,UBE2Z,Q9H832,S,337,0.431737660757938
6782,ENSG00000111077,TNS2,Q63HR2,S,893,0.263199974140131
6783,ENSG00000078403,MLLT10,P55197,S,686,0.618953571445736
6784,ENSG00000103994,ZNF106,Q9H2Y7,S,661,0.178781605465724
6785,ENSG00000135597,REPS1,Q96D71,S,390,0.24021792834852
6786,ENSG00000066739,ATG2B,Q96BY7,S,495,0.161514713857799
6787,ENSG00000198382,UVRAG,Q9P2Y5,S,554,0.323613509374036
6789,ENSG00000008838,MED24,O75448,S,873,0.512578562740277
6790,ENSG00000172366,MCRIP2,Q9BUT9,S,80,0.523905357530804
6791,ENSG00000122966,CIT,O14578,S,1322,0.238895673293697
6792,ENSG00000072736,NFATC3,Q12968,S,1063,0.365338878844761
6793,ENSG00000099901,RANBP1,P43487,S,21,0.320101853813083
6796,ENSG00000173621,LRFN4,Q6PJG9,S,610,0.294360083745931
6797,ENSG00000167770,OTUB1,Q96FW1,S,16,0.481544791430788
6799,ENSG00000166833,NAV2,Q8IVL1,S,1877,0.0718915497928522
6803,ENSG00000126062,TMEM115,Q12893,S,267,0.312252165961442
6804,ENSG00000120053,GOT1,P17174,Y,71,0.579393914402841
6805,ENSG00000225663,MCRIP1,C9JLW8,T,30,0.664957648755447
6806,ENSG00000167978,SRRM2,Q9UQ35,S,1648,0.327362950919047
6809,ENSG00000160551,TAOK1,Q7L7X3,S,987,0.39921713641499
6810,ENSG00000128011,LRFN1,Q9P244,S,705,0.414269337805821
6811,ENSG00000121741,ZMYM2,Q9UBW7,S,1060,0.200679531126774
6812,ENSG00000106052,TAX1BP1,Q86VP1,S,212,0.13487379598338
6813,ENSG00000115355,CCDC88A,Q3V6T2,T,1650,0.0865203053360716
6821,ENSG00000117707,PROX1,Q92786,S,136,0.229601506419238
6822,ENSG00000130723,PRRC2B,Q5JSZ5,S,1136,0.367097471693534
6824,ENSG00000177459,ERICH5,Q6P6B1,S,169,0.142192881681037
6827,ENSG00000237441,RGL2,O15211,S,736,0.447799288302085
6829,ENSG00000197948,FCHSD1,Q86WN1,S,444,0.158873428228904
6830,ENSG00000105755,ETHE1,O95571,S,19,0.382936738596267
6832,ENSG00000118200,CAMSAP2,Q08AD1,S,1290,0.216899389315431
6833,ENSG00000072195,SPEG,Q15772,S,2500,0.117327564313782
6837,ENSG00000100934,SEC23A,Q15436,S,588,0.20207835984299
6839,ENSG00000090989,EXOC1,Q9NV70,S,491,0.221691595702758
6840,ENSG00000066032,CTNNA2,P26232,S,640,0.242605116950042
6841,ENSG00000145819,ARHGAP26,Q9UNA1,S,584,0.177707637336626
6843,ENSG00000115816,CEBPZ,Q03701,T,156,0.296273203718355
6850,ENSG00000018510,AGPS,O00116,S,589,0.176559110344748
6851,ENSG00000047849,MAP4,P27816,T,687,0.310362383036067
6852,ENSG00000047648,ARHGAP6,O43182,S,637,0.299247287016598
6854,ENSG00000031823,RANBP3,Q9H6Z4,S,241,0.265307648206638
6855,ENSG00000134138,MEIS2,O14770,S,198,0.333349915091216
6857,ENSG00000143924,EML4,Q9HC35,T,96,0.174095397801792
6860,ENSG00000166169,POLL,Q9UGP5,S,177,0.430083030179091
6861,ENSG00000085832,EPS15,P42566,Y,849,0.403910435492
6865,ENSG00000109971,HSPA8,P11142,Y,15,0.444288968546851
6867,ENSG00000160255,ITGB2,P05107,S,745,0.469404234686415
6868,ENSG00000125414,MYH2,Q9UKX2,Y,1353,0.393958645557693
6877,ENSG00000185049,NELFA,Q9H3P2,T,297,0.485173219613573
6883,ENSG00000141456,PELP1,Q8IZL8,S,658,0.2058550106665
6884,ENSG00000182253,SYNM,O15061,T,656,0.140410297127643
6886,ENSG00000064655,EYA2,O00167,S,260,0.186270733490355
6888,ENSG00000114503,NCBP2,P52298,S,11,0.156126996902815
6894,ENSG00000141052,MYOCD,Q8IZQ8,S,773,0.154079239422438
6896,ENSG00000090776,EFNB1,P98172,Y,317,0.721551649505731
6899,ENSG00000138668,HNRNPD,O14979,T,127,0.35721149425202
6900,ENSG00000021826,CPS1,P31327,S,794,0.171263626356135
6903,ENSG00000196914,ARHGEF12,Q9NZN5,S,1308,0.0704426876771868
6904,ENSG00000118518,RNF146,Q9NTX7,S,293,0.188646502633731
6906,ENSG00000038382,TRIO,O75962,S,1809,0.212388227770056
6912,ENSG00000165929,TC2N,Q8N9U0,T,216,0.337530731327096
6913,ENSG00000105662,CRTC1,Q6UUV9,S,64,0.396538722868582
6915,ENSG00000159069,FBXW5,Q969U6,S,275,0.352819312999771
6916,ENSG00000101940,WDR13,Q9H1Z4,S,70,0.414011811564312
6917,ENSG00000096401,CDC5L,Q99459,T,377,0.778082689829111
6918,ENSG00000117394,SLC2A1,P11166,S,473,0.509619181434219
6920,ENSG00000149115,TNKS1BP1,Q9C0C2,S,857,0.0470479830022843
6924,ENSG00000164591,MYOZ3,Q8TDC0,S,31,0.207430635870517
6925,ENSG00000109971,HSPA8,P11142,S,637,0.226370711469183
6926,ENSG00000130479,MAP1S,Q66K74,S,600,0.201134469960773
6927,ENSG00000152969,JAKMIP1,Q96N16,T,381,0.434449787032738
6928,ENSG00000119280,C1orf198,Q9H425,T,247,0.167087938545172
6930,ENSG00000183092,BEGAIN,Q9BUH8,S,229,0.143253872215999
6933,ENSG00000126821,SGPP1,Q9BX95,S,101,0.314796653725223
6935,ENSG00000176619,LMNB2,Q03252,S,301,0.309545621663434
6937,ENSG00000141027,NCOR1,O75376,T,1479,0.156420571959341
6938,ENSG00000139218,SCAF11,Q99590,S,1127,0.292557759293548
6939,ENSG00000114867,EIF4G1,Q04637,S,1209,0.340609781316221
6940,ENSG00000149782,PLCB3,Q01970,S,632,0.19926309653392
6943,ENSG00000099381,SETD1A,O15047,S,1169,0.179887123377341
6945,ENSG00000103375,AQP8,O94778,S,21,0.188338265361167
6951,ENSG00000107937,GTPBP4,Q9BZE4,S,470,0.525768624976792
6952,ENSG00000008294,SPAG9,O60271,S,265,0.27046193380327
6953,ENSG00000198382,UVRAG,Q9P2Y5,S,571,0.171645315496862
6954,ENSG00000173801,JUP,P14923,S,94,0.169753432270611
6955,ENSG00000068796,KIF2A,O00139,S,585,0.115671781411036
6956,ENSG00000183853,KIRREL1,Q96J84,S,560,0.334552659739786
6958,ENSG00000187840,EIF4EBP1,Q13541,T,68,0.618982711490314
6960,ENSG00000021826,CPS1,P31327,S,1090,0.221830025044449
6961,ENSG00000168143,FAM83B,Q5T0W9,S,780,0.263943941631807
6962,ENSG00000138411,HECW2,Q9P2P5,S,1170,0.0569037574135889
6963,ENSG00000123200,ZC3H13,Q5T200,S,336,0.301577286852113
6964,ENSG00000159685,CHCHD6,Q9BRQ6,S,75,0.106317638917575
6965,ENSG00000151715,TMEM45B,Q96B21,S,270,0.394054930672954
6966,ENSG00000140992,PDPK1,O15530,S,25,0.365618520058771
6968,ENSG00000204120,GIGYF2,Q6Y7W6,T,382,0.533513573816906
6969,ENSG00000173276,ZBTB21,Q9ULJ3,T,416,0.23015121542735
6970,ENSG00000116521,SCAMP3,O14828,T,88,0.539770177007298
6972,ENSG00000147394,ZNF185,O15231,S,468,0.284104762994164
6975,ENSG00000096433,ITPR3,Q14573,S,2090,0.180785235742087
6978,ENSG00000105738,SIPA1L3,O60292,S,170,0.367892513873859
6980,ENSG00000112062,MAPK14,Q16539,S,28,0.321836083580274
6981,ENSG00000272886,DCP1A,Q9NPI6,S,451,0.115058955098071
6983,ENSG00000067334,DNTTIP2,Q5QJE6,S,330,0.329883972947858
6986,ENSG00000142627,EPHA2,P29317,S,901,0.667184302017179
6988,ENSG00000157214,STEAP2,Q8NFT2,S,483,0.253153613461599
6989,ENSG00000165959,CLMN,Q96JQ2,S,905,0.200805939990943
6990,ENSG00000176248,ANAPC2,Q9UJX6,T,466,0.248405251194706
6991,ENSG00000122257,RBBP6,Q7Z6E9,S,1535,0.218508009134367
6992,ENSG00000112851,ERBIN,Q96RT1,S,826,0.181700382153283
6994,ENSG00000112739,PRPF4B,Q13523,S,507,0.280716086977628
6998,ENSG00000196535,MYO18A,Q92614,S,806,0.197762862170457
6999,ENSG00000148773,MKI67,P46013,S,125,0.365320090852273
7004,ENSG00000102804,TSC22D1,Q15714,S,267,0.10740082251494
7007,ENSG00000152061,RABGAP1L,Q5R372,S,459,0.131422211958664
7011,ENSG00000079841,RIMS1,Q86UR5,S,1331,0.17558867129572
7013,ENSG00000168944,CEP120,Q8N960,S,441,0.110045618262554
7015,ENSG00000253729,PRKDC,P78527,S,687,0.25409868799151
7016,ENSG00000114757,PEX5L,Q8IYB4,S,261,0.554239950733709
7021,ENSG00000197535,MYO5A,Q9Y4I1,S,1115,0.325142171036648
7022,ENSG00000112787,FBRSL1,Q9HCM7,T,1020,0.440298136533182
7023,ENSG00000087470,DNM1L,O00429,S,572,0.248585159609913
7026,ENSG00000153048,CARHSP1,Q9Y2V2,S,26,0.430874809427134
7029,ENSG00000136546,SCN7A,Q01118,T,794,0.0826940449404887
7031,ENSG00000073614,KDM5A,P29375,S,1365,0.0468131995368359
7034,ENSG00000116337,AMPD2,Q01433,S,151,0.392182517873553
7039,ENSG00000063245,EPN1,Q9Y6I3,T,464,0.457334953443596
7040,ENSG00000116141,MARK1,Q9P0L2,S,403,0.396263761587851
7042,ENSG00000135540,NHSL1,Q5SYE7,S,639,0.146900964437645
7043,ENSG00000178209,PLEC,Q15149,S,4384,0.434163130334129
7044,ENSG00000164190,NIPBL,Q6KC79,S,2515,0.212377359003302
7045,ENSG00000114790,ARHGEF26,Q96DR7,S,333,0.107780524105356
7046,ENSG00000163166,IWS1,Q96ST2,T,67,0.40239082451328
7048,ENSG00000160299,PCNT,O95613,S,3302,0.297048121681247
7049,ENSG00000198944,SOWAHA,Q2M3V2,S,260,0.324386386726777
7051,ENSG00000124198,ARFGEF2,Q9Y6D5,S,1525,0.329547601545335
7053,ENSG00000066422,ZBTB11,O95625,S,817,0.324516285880209
7054,ENSG00000167323,STIM1,Q13586,T,665,0.290413599879576
7057,ENSG00000165494,PCF11,O94913,T,1535,0.0501344834834441
7058,ENSG00000142864,SERBP1,Q8NC51,S,394,0.554127753650268
7060,ENSG00000141446,ESCO1,Q5FWF5,S,412,0.304192296964427
7064,ENSG00000140332,TLE3,Q04726,S,245,0.59570695438588
7072,ENSG00000126767,ELK1,P19419,S,202,0.183153827888199
7073,ENSG00000165699,TSC1,Q92574,S,282,0.192960173424121
7074,ENSG00000091436,MAP3K20,Q9NYL2,S,268,0.308781988371176
7075,ENSG00000111816,FRK,P42685,Y,387,0.595712341834322
7076,ENSG00000087589,CASS4,Q9NQ75,T,233,0.327370102736847
7078,ENSG00000065548,ZC3H15,Q8WU90,S,231,0.552846434055895
7079,ENSG00000251322,SHANK3,Q9BYB0,S,373,0.161018455493058
7080,ENSG00000168615,ADAM9,Q13443,S,752,0.376359296955721
7084,ENSG00000077684,JADE1,Q6IE81,S,743,0.477305025446649
7085,ENSG00000272333,KMT2B,Q9UMN6,S,493,0.110541412872436
7087,ENSG00000168096,ANKS3,Q6ZW76,S,371,0.36581786447237
7088,ENSG00000214655,ZSWIM8,A7E2V4,S,593,0.162258026676644
7096,ENSG00000010810,FYN,P06241,S,25,0.360124933743251
7098,ENSG00000109686,SH3D19,Q5HYK7,S,150,0.293604973222256
7099,ENSG00000171988,JMJD1C,Q15652,S,1058,0.171062808704906
7105,ENSG00000002834,LASP1,Q14847,T,63,0.356521606936221
7106,ENSG00000163539,CLASP2,O75122,S,1027,0.259120959782512
7108,ENSG00000114923,SLC4A3,P48751,S,297,0.260689613378014
7110,ENSG00000019144,PHLDB1,Q86UU1,S,501,0.261303472833982
7113,ENSG00000112742,TTK,P33981,T,33,0.411766568969735
7114,ENSG00000133226,SRRM1,Q8IYB3,S,901,0.438368885715773
7115,ENSG00000187867,PALM3,A6NDB9,S,124,0.515918792774477
7117,ENSG00000009413,REV3L,O60673,S,449,0.247805730978565
7118,ENSG00000070159,PTPN3,P26045,S,441,0.0817499524038229
7120,ENSG00000165795,NDRG2,Q9UN36,S,335,0.39579475938129
7122,ENSG00000169957,ZNF768,Q9H5H4,S,17,0.358736989904444
7123,ENSG00000137076,TLN1,Q9Y490,S,458,0.0933894689132832
7124,ENSG00000009307,CSDE1,O75534,S,123,0.383939069258828
7126,ENSG00000170776,AKAP13,Q12802,T,1943,0.215369028417528
7127,ENSG00000127947,PTPN12,Q05209,S,514,0.37128114014582
7130,ENSG00000137161,CNPY3,Q9BT09,S,273,0.445600093822196
7131,ENSG00000107295,SH3GL2,Q99962,T,282,0.283938620365394
7133,ENSG00000196405,EVL,Q9UI08,S,341,0.381513629042226
7134,ENSG00000100395,L3MBTL2,Q969R5,S,695,0.2491476059338
7135,ENSG00000162302,RPS6KA4,O75676,S,681,0.496131964804385
7137,ENSG00000091622,PITPNM3,Q9BZ71,S,504,0.331810774948312
7138,ENSG00000137776,SLTM,Q9NWH9,S,139,0.248300453872494
7139,ENSG00000196961,AP2A1,O95782,S,792,0.118846924777814
7141,ENSG00000137992,DBT,P11182,S,220,0.499450017452123
7142,ENSG00000142856,ITGB3BP,Q13352,S,71,0.326151988800727
7145,ENSG00000275591,XKR5,Q6UX68,S,622,0.147928958601773
7146,ENSG00000126391,FRMD8,Q9BZ67,S,418,0.165856961208184
7147,ENSG00000196531,NACA,E9PAV3,S,1042,0.172792407090402
7148,ENSG00000168385,SEPT2,Q15019,Y,17,0.550099274169187
7149,ENSG00000047932,GOPC,Q9HD26,T,441,0.192870207497795
7150,ENSG00000123737,EXOSC9,Q06265,S,394,0.882497555193875
7151,ENSG00000154305,MIA3,Q5JRA6,S,1431,0.143625696890746
7152,ENSG00000101746,NOL4,O94818,S,353,0.423735975153338
7153,ENSG00000140299,BNIP2,Q12982,S,114,0.43971375337791
7156,ENSG00000107140,TESK1,Q15569,S,437,0.731232926608564
7157,ENSG00000090020,SLC9A1,P19634,S,729,0.265614709082498
7159,ENSG00000090615,GOLGA3,Q08378,S,395,0.253893275802125
7164,ENSG00000122545,SEPT7,Q16181,S,77,0.573435750918949
7166,ENSG00000069188,SDK2,Q58EX2,S,2026,0.454397125191097
7171,ENSG00000118971,CCND2,P30279,S,279,0.430193966943768
7174,ENSG00000169876,MUC17,Q685J3,S,4428,0.216508192045234
7175,ENSG00000075702,WDR62,O43379,S,1405,0.192201862210931
7176,ENSG00000177425,PAWR,Q96IZ0,T,163,0.520420328690167
7178,ENSG00000105289,TJP3,O95049,S,106,0.346338509720958
7180,ENSG00000151491,EPS8,Q12929,S,574,0.270546865923692
7181,ENSG00000181016,LSMEM1,Q8N8F7,S,38,0.231181521769411
7185,ENSG00000156983,BRPF1,P55201,S,865,0.249289770071612
7186,ENSG00000153827,TRIP12,Q14669,S,1250,0.14202477619714
7189,ENSG00000157765,SLC34A2,O95436,T,58,0.258600765230751
7191,ENSG00000184708,EIF4ENIF1,Q9NRA8,S,693,0.206187501697324
7192,ENSG00000102531,FNDC3A,Q9Y2H6,S,234,0.230939804001484
7193,ENSG00000180357,ZNF609,O15014,T,722,0.246131971112645
7196,ENSG00000106415,GLCCI1,Q86VQ1,S,345,0.456657048540822
7198,ENSG00000137656,BUD13,Q9BRD0,S,402,0.369215191725553
7200,ENSG00000197694,SPTAN1,Q13813,Y,1411,0.389531888464993
7201,ENSG00000146352,CLVS2,Q5SYC1,S,302,0.270369818235016
7203,ENSG00000107554,DNMBP,Q6XZF7,S,1436,0.132302713370909
7204,ENSG00000154358,OBSCN,Q5VST9,S,7091,0.0991934956620538
7205,ENSG00000113319,RASGRF2,O14827,T,748,0.22530061206088
7207,ENSG00000031081,ARHGAP31,Q2M1Z3,S,595,0.0604957884700311
7210,ENSG00000100207,TCF20,Q9UGU0,S,1367,0.235620488691424
7212,ENSG00000179348,GATA2,P23769,S,182,0.61361549822283
7215,ENSG00000167291,TBC1D16,Q8TBP0,S,221,0.120381762454613
7216,ENSG00000215421,ZNF407,Q9C0G0,S,426,0.189203329486622
7217,ENSG00000174231,PRPF8,Q6P2Q9,S,1358,0.268248131657864
7218,ENSG00000065717,TLE2,Q04725,S,307,0.210519401220431
7219,ENSG00000103769,RAB11A,P62491,S,190,0.264028165632261
7221,ENSG00000088387,DOCK9,Q9BZ29,S,1288,0.213061856241128
7227,ENSG00000149294,NCAM1,P13591,T,798,0.208138207891036
7233,ENSG00000147697,GSDMC,Q9BYG8,S,197,0.228741222136611
7234,ENSG00000136068,FLNB,O75369,S,440,0.195744919760644
7237,ENSG00000173276,ZBTB21,Q9ULJ3,T,431,0.368287346184152
7239,ENSG00000089472,HEPH,Q9BQS7,S,1155,0.182121229169958
7240,ENSG00000162522,KIAA1522,Q9P206,S,215,0.267090833615953
7241,ENSG00000131711,MAP1B,P46821,T,340,0.276271823020951
7245,ENSG00000170776,AKAP13,Q12802,S,2805,0.181343899086418
7248,ENSG00000138398,PPIG,Q13427,S,376,0.442627626186989
7249,ENSG00000153071,DAB2,P98082,T,730,0.296477896950424
7251,ENSG00000112561,TFEB,P19484,S,469,0.396876327854192
7252,ENSG00000111665,CDCA3,Q99618,S,64,0.305450195472311
7254,ENSG00000157404,KIT,P10721,S,943,0.4048571768452
7258,ENSG00000185950,IRS2,Q9Y4H2,S,770,0.523735726370043
7260,ENSG00000175984,DENND2C,Q68D51,S,445,0.211834499851466
7262,ENSG00000160767,FAM189B,P81408,S,574,0.416108355732995
7263,ENSG00000105289,TJP3,O95049,S,105,0.134957610963942
7264,ENSG00000185359,HGS,O14964,S,240,0.47864650907714
7266,ENSG00000146063,TRIM41,Q8WV44,S,447,0.444031956209614
7268,ENSG00000198689,SLC9A6,Q92581,S,589,0.197836051121006
7269,ENSG00000138162,TACC2,O95359,S,1313,0.119721853185112
7271,ENSG00000090905,TNRC6A,Q8NDV7,S,1944,0.422283306180129
7272,ENSG00000130985,UBA1,P22314,S,21,0.340022029947679
7274,ENSG00000056586,RC3H2,Q9HBD1,S,738,0.417224263451337
7277,ENSG00000169710,FASN,P49327,S,1237,0.0816253465114813
7279,ENSG00000103657,HERC1,Q15751,S,1328,0.359811792944948
7280,ENSG00000112739,PRPF4B,Q13523,Y,140,0.431492726509065
7281,ENSG00000048028,USP28,Q96RU2,T,1048,0.183146114839205
7283,ENSG00000163697,APBB2,Q92870,S,337,0.280647071413769
7284,ENSG00000157657,ZNF618,Q5T7W0,S,429,0.267693514965984
7286,ENSG00000171988,JMJD1C,Q15652,T,1978,0.331195760367794
7287,ENSG00000109458,GAB1,Q13480,S,209,0.18646737441808
7288,ENSG00000179912,R3HDM2,Q9Y2K5,S,143,0.677376570090357
7290,ENSG00000142945,KIF2C,Q99661,S,22,0.331554492430248
7291,ENSG00000198198,SZT2,Q5T011,S,1389,0.114097317577745
7292,ENSG00000163171,CDC42EP3,Q9UKI2,S,124,0.278447992550949
7297,ENSG00000099381,SETD1A,O15047,S,1004,0.123931358172643
7299,ENSG00000114742,WDR48,Q8TAF3,S,586,0.257986166978934
7300,ENSG00000049130,KITLG,P21583,S,261,0.270073668075421
7301,ENSG00000065883,CDK13,Q14004,S,348,0.2306388163952
7302,ENSG00000165699,TSC1,Q92574,S,511,0.293042161980628
7303,ENSG00000131037,EPS8L1,Q8TE68,S,116,0.105936754024742
7306,ENSG00000139083,ETV6,P41212,S,131,0.463933284557365
7307,ENSG00000075539,FRYL,O94915,T,1922,0.1741573827652
7309,ENSG00000054118,THRAP3,Q9Y2W1,S,237,0.263544835883093
7310,ENSG00000136274,NACAD,O15069,S,1307,0.311013426027862
7312,ENSG00000184014,DENND5A,Q6IQ26,S,739,0.327530722724704
7313,ENSG00000107957,SH3PXD2A,Q5TCZ1,S,567,0.284512791516145
7317,ENSG00000008441,NFIX,Q14938,S,322,0.16694563433747
7318,ENSG00000075391,RASAL2,Q9UJF2,S,95,0.422830043956533
7320,ENSG00000136628,EPRS,P07814,T,467,0.370528260801416
7322,ENSG00000070759,TESK2,Q96S53,S,456,0.748489440942341
7324,ENSG00000163565,IFI16,Q16666,S,168,0.468611007077787
7325,ENSG00000153551,CMTM7,Q96FZ5,S,14,0.125923248240961
7326,ENSG00000101557,USP14,P54578,S,230,0.28806541400312
7328,ENSG00000100239,PPP6R2,O75170,S,771,0.432082266487701
7331,ENSG00000115977,AAK1,Q2M2I8,S,670,0.271229268974479
7332,ENSG00000171747,LGALS4,P56470,S,258,0.14276696697447
7333,ENSG00000188559,RALGAPA2,Q2PPJ7,S,701,0.0714722317603613
7334,ENSG00000133026,MYH10,P35580,S,641,0.0640861190658421
7335,ENSG00000019144,PHLDB1,Q86UU1,T,172,0.269450317462806
7336,ENSG00000134313,KIDINS220,Q9ULH0,S,1471,0.263709260433982
7337,ENSG00000159086,PAXBP1,Q9Y5B6,T,68,0.178539262196579
7338,ENSG00000074054,CLASP1,Q7Z460,S,1085,0.179996953172888
7339,ENSG00000112039,FANCE,Q9HB96,S,180,0.262668063704445
7343,ENSG00000136628,EPRS,P07814,S,825,0.20389169162492
7344,ENSG00000091732,ZC3HC1,Q86WB0,S,338,0.536538720404871
7347,ENSG00000114391,RPL24,P83731,T,83,0.498453579541549
7348,ENSG00000134243,SORT1,Q99523,T,812,0.139693652610649
7349,ENSG00000137312,FLOT1,O75955,Y,203,0.523848467147851
7350,ENSG00000106415,GLCCI1,Q86VQ1,S,79,0.550016202775156
7351,ENSG00000111206,FOXM1,Q08050,S,730,0.370589961029409
7352,ENSG00000161021,MAML1,Q92585,S,360,0.20106784746476
7353,ENSG00000168710,AHCYL1,O43865,Y,28,0.546698895233319
7354,ENSG00000132613,MTSS1L,Q765P7,S,569,0.500860600609856
7355,ENSG00000100604,CHGA,P10645,S,300,0.25153279397923
7356,ENSG00000163348,PYGO2,Q9BRQ0,T,302,0.594191159409707
7357,ENSG00000177030,DEAF1,O75398,T,171,0.614809048464866
7359,ENSG00000182253,SYNM,O15061,S,824,0.153800650870937
7360,ENSG00000130147,SH3BP4,Q9P0V3,S,44,0.208886464903854
7361,ENSG00000182481,KPNA2,P52292,T,73,0.297122778790265
7364,ENSG00000073350,LLGL2,Q6P1M3,S,1015,0.145057108578411
7365,ENSG00000215421,ZNF407,Q9C0G0,S,952,0.132396992610772
7371,ENSG00000102302,FGD1,P98174,S,235,0.198546618517029
7373,ENSG00000083097,DOPEY1,Q5JWR5,S,1023,0.127033546280287
7375,ENSG00000187634,SAMD11,Q96NU1,T,485,0.350617556078027
7376,ENSG00000152767,FARP1,Q9Y4F1,S,1042,0.246264855513817
7377,ENSG00000145349,CAMK2D,Q13557,S,494,0.144904775375254
7378,ENSG00000137309,HMGA1,P17096,T,39,0.487826216110277
7379,ENSG00000172534,HCFC1,P51610,T,413,0.217640057415943
7380,ENSG00000007384,RHBDF1,Q96CC6,S,188,0.379758423593677
7383,ENSG00000174791,RIN1,Q13671,S,349,0.300734661098771
7386,ENSG00000123146,ADGRE5,P48960,S,831,0.475303177105926
7388,ENSG00000081913,PHLPP1,O60346,S,131,0.110314790103066
7389,ENSG00000153815,CMIP,Q8IY22,S,377,0.376466541827652
7393,ENSG00000181163,NPM1,P06748,S,106,0.428323569692122
7396,ENSG00000166963,MAP1A,P78559,S,114,0.478292983394693
7398,ENSG00000169057,MECP2,P51608,S,359,0.418046105122602
7399,ENSG00000110092,CCND1,P24385,T,286,0.574666580781185
7401,ENSG00000183963,SMTN,P53814,S,712,0.104821703719302
7402,ENSG00000108262,GIT1,Q9Y2X7,T,480,0.254666428184374
7404,ENSG00000139132,FGD4,Q96M96,T,52,0.442463488081281
7406,ENSG00000154310,TNIK,Q9UKE5,S,892,0.114465213872947
7408,ENSG00000143337,TOR1AIP1,Q5JTV8,T,166,0.201719372171192
7409,ENSG00000059122,FLYWCH1,Q4VC44,S,696,0.202043301453984
7410,ENSG00000082397,EPB41L3,Q9Y2J2,S,495,0.213649707893063
7411,ENSG00000148840,PPRC1,Q5VV67,S,536,0.102305453997618
7415,ENSG00000213654,GPSM3,Q9Y4H4,S,59,0.385965448049679
7416,ENSG00000158417,EIF5B,O60841,S,295,0.220235094405281
7418,ENSG00000182095,TNRC18,O15417,S,1540,0.375578987057428
7419,ENSG00000020633,RUNX3,Q13761,T,231,0.607576341278977
7426,ENSG00000115548,KDM3A,Q9Y4C1,S,447,0.12533685345934
7427,ENSG00000105357,MYH14,Q7Z406,T,1330,0.0834493374236016
7428,ENSG00000139926,FRMD6,Q96NE9,S,415,0.0984124468683916
7430,ENSG00000131016,AKAP12,Q02952,S,742,0.0852175153939133
7431,ENSG00000113504,SLC12A7,Q9Y666,S,40,0.381877911154924
7432,ENSG00000137478,FCHSD2,O94868,S,669,0.561680558355553
7433,ENSG00000084676,NCOA1,Q15788,S,700,0.114005412545863
7434,ENSG00000092621,PHGDH,O43175,S,326,0.230202080602479
7437,ENSG00000011275,RNF216,Q9NWF9,S,38,0.175633435883862
7440,ENSG00000038219,BOD1L1,Q8NFC6,S,635,0.363392618532634
7441,ENSG00000128915,ICE2,Q659A1,S,624,0.153725977084499
7442,ENSG00000136243,NUPL2,O15504,S,313,0.457847269926546
7444,ENSG00000067225,PKM,P14618,S,55,0.336079071685751
7446,ENSG00000072518,MARK2,Q7KZI7,S,533,0.32497899930108
7447,ENSG00000244486,SCARF2,Q96GP6,S,543,0.187488186299772
7453,ENSG00000106829,TLE4,Q04727,S,264,0.336535967865352
7456,ENSG00000068400,GRIPAP1,Q4V328,S,664,0.107972596211194
7457,ENSG00000169375,SIN3A,Q96ST3,S,1161,0.115429164827373
7459,ENSG00000100345,MYH9,P35579,S,1713,0.31747917661594
7460,ENSG00000141376,BCAS3,Q9H6U6,S,838,0.201306690687712
7461,ENSG00000176095,IP6K1,Q92551,S,375,0.107960016208998
7465,ENSG00000105738,SIPA1L3,O60292,T,205,0.15658077213539
7469,ENSG00000085733,CTTN,Q14247,S,150,0.662303927028713
7471,ENSG00000066468,FGFR2,P21802,S,453,0.405803282931687
7472,ENSG00000142655,PEX14,O75381,S,265,0.460466938799084
7473,ENSG00000147130,ZMYM3,Q14202,T,826,0.262033725549559
7474,ENSG00000119509,INVS,Q9Y283,S,661,0.293288375962392
7475,ENSG00000125970,RALY,Q9UKM9,S,106,0.535778220531855
7476,ENSG00000105245,NUMBL,Q9Y6R0,S,324,0.732727916259525
7477,ENSG00000159086,PAXBP1,Q9Y5B6,S,155,0.278241927246496
7479,ENSG00000131711,MAP1B,P46821,T,2032,0.0550890530127076
7484,ENSG00000275023,MLLT6,P55198,S,261,0.204548674224834
7486,ENSG00000131018,SYNE1,Q8NF91,S,8665,0.140523077933486
7487,ENSG00000163110,PDLIM5,Q96HC4,S,372,0.215590906054838
7490,ENSG00000145362,ANK2,Q01484,T,3816,0.0582846669086986
7491,ENSG00000183186,C2CD4C,Q8TF44,S,74,0.112092054700345
7493,ENSG00000117676,RPS6KA1,Q15418,S,363,0.753973597064392
7495,ENSG00000053254,FOXN3,O00409,S,97,0.52559219839048
7497,ENSG00000170776,AKAP13,Q12802,S,2398,0.364214027983854
7499,ENSG00000127152,BCL11B,Q9C0K0,T,417,0.466691948733518
7500,ENSG00000167522,ANKRD11,Q6UB99,S,1692,0.303914437943177
7501,ENSG00000128591,FLNC,Q14315,S,1848,0.243290615547694
7505,ENSG00000122591,FAM126A,Q9BYI3,S,376,0.268095637917499
7511,ENSG00000090889,KIF4A,O95239,S,1017,0.210517468542181
7512,ENSG00000166716,ZNF592,Q92610,T,6,0.306787038342455
7513,ENSG00000134909,ARHGAP32,A7KAX9,S,904,0.0520703751443834
7518,ENSG00000186198,SLC51B,Q86UW2,S,88,0.1524061461992
7521,ENSG00000063176,SPHK2,Q9NRA0,S,387,0.485721415098406
7527,ENSG00000075702,WDR62,O43379,S,52,0.254232915852294
7529,ENSG00000167685,ZNF444,Q8N0Y2,S,235,0.487949339388922
7531,ENSG00000064999,ANKS1A,Q92625,T,632,0.0619342521437326
7533,ENSG00000169641,LUZP1,Q86V48,S,905,0.446432078439378
7535,ENSG00000115825,PRKD3,O94806,S,216,0.422119194512948
7538,ENSG00000189171,S100A13,Q99584,S,62,0.361202520937966
7539,ENSG00000172164,SNTB1,Q13884,S,231,0.347255047180506
7543,ENSG00000180900,SCRIB,Q14160,S,1561,0.303388754415679
7546,ENSG00000129911,KLF16,Q9BXK1,T,55,0.414782534711445
7547,ENSG00000171940,ZNF217,O75362,S,421,0.274438570016693
7549,ENSG00000124942,AHNAK,Q09666,Y,1469,0.390348993941608
7551,ENSG00000171877,FRMD5,Q7Z6J6,S,396,0.237840638053759
7553,ENSG00000144136,SLC20A1,Q8WUM9,S,265,0.55481760374983
7555,ENSG00000116350,SRSF4,Q08170,S,450,0.342523438945668
7556,ENSG00000100345,MYH9,P35579,S,197,0.117432034650348
7557,ENSG00000168502,MTCL1,Q9Y4B5,T,621,0.167392616447531
7559,ENSG00000115355,CCDC88A,Q3V6T2,S,245,0.238005862225622
7560,ENSG00000099331,MYO9B,Q13459,T,2001,0.102360305599994
7561,ENSG00000149474,KAT14,Q9H8E8,S,285,0.328509229014415
7562,ENSG00000137216,TMEM63B,Q5T3F8,S,115,0.303662446335609
7563,ENSG00000057294,PKP2,Q99959,S,131,0.285401406058499
7565,ENSG00000081277,PKP1,Q13835,T,189,0.319289014652817
7566,ENSG00000160796,NBEAL2,Q6ZNJ1,S,2013,0.271535810230432
7569,ENSG00000148158,SNX30,Q5VWJ9,S,67,0.612778460924537
7571,ENSG00000124507,PACSIN1,Q9BY11,T,184,0.483587109123684
7572,ENSG00000111679,PTPN6,P29350,S,557,0.437001504015303
7573,ENSG00000123562,MORF4L2,Q15014,S,90,0.18709676627721
7575,ENSG00000228672,PROB1,E7EW31,S,427,0.162601799765208
7576,ENSG00000152767,FARP1,Q9Y4F1,S,403,0.314688364036719
7578,ENSG00000132005,RFX1,P22670,S,942,0.0850633187472783
7580,ENSG00000159140,SON,P18583,S,1570,0.153756304351352
7581,ENSG00000110713,NUP98,P52948,S,618,0.220907816987049
7583,ENSG00000186638,KIF24,Q5T7B8,S,1268,0.1794222189467
7584,ENSG00000213585,VDAC1,P21796,S,46,0.276889357878866
7588,ENSG00000023516,AKAP11,Q9UKA4,S,1340,0.347703576874258
7589,ENSG00000089220,PEBP1,P30086,T,51,0.48750208833257
7590,ENSG00000110619,CARS,P49589,S,19,0.483159044881873
7595,ENSG00000125779,PANK2,Q9BZ23,T,142,0.241778051170498
7596,ENSG00000116539,ASH1L,Q9NR48,S,1162,0.462672493815587
7599,ENSG00000138193,PLCE1,Q9P212,S,1096,0.262267913852732
7600,ENSG00000162736,NCSTN,Q92542,S,708,0.19375807675365
7601,ENSG00000141540,TTYH2,Q9BSA4,Y,494,0.648024787162086
7602,ENSG00000198947,DMD,P11532,S,3537,0.259150802168595
7604,ENSG00000116117,PARD3B,Q8TEW8,Y,1000,0.695025971171684
7607,ENSG00000148110,MFSD14B,Q5SR56,S,465,0.117507893069652
7609,ENSG00000131725,WDR44,Q5JSH3,S,197,0.227012514512092
7610,ENSG00000102900,NUP93,Q8N1F7,T,49,0.663808284097052
7612,ENSG00000143621,ILF2,Q12905,T,388,0.477894412455355
7613,ENSG00000138592,USP8,P40818,S,434,0.173192904731211
7614,ENSG00000100425,BRD1,O95696,S,808,0.4624973547999
7615,ENSG00000171604,CXXC5,Q7LFL8,T,53,0.429207070326922
7616,ENSG00000120156,TEK,Q02763,S,1119,0.539596621067921
7618,ENSG00000166963,MAP1A,P78559,S,2056,0.137336329401037
7619,ENSG00000131781,FMO5,P49326,S,54,0.453189780346183
7620,ENSG00000164484,TMEM200A,Q86VY9,S,19,0.243019532958827
7621,ENSG00000143442,POGZ,Q7Z3K3,S,333,0.339427130982029
7622,ENSG00000215301,DDX3X,O00571,S,61,0.283914910627789
7624,ENSG00000106012,IQCE,Q6IPM2,S,322,0.480316760354699
7625,ENSG00000166197,NOLC1,Q14978,S,637,0.277434551877189
7626,ENSG00000182010,RTKN2,Q8IZC4,S,571,0.193509555926309
7627,ENSG00000172493,AFF1,P51825,S,206,0.436356167188122
7633,ENSG00000150672,DLG2,Q15700,S,65,0.199725978898787
7634,ENSG00000196531,NACA,E9PAV3,S,585,0.155896504657197
7638,ENSG00000137106,GRHPR,Q9UBQ7,S,36,0.190148633680641
7639,ENSG00000165819,METTL3,Q86U44,S,30,0.280607430109957
7640,ENSG00000083635,NUFIP1,Q9UHK0,S,403,0.544107990093091
7641,ENSG00000203485,INF2,Q27J81,S,589,0.260749151840743
7642,ENSG00000005156,LIG3,P49916,S,241,0.279163819321338
7644,ENSG00000130303,BST2,Q10589,S,5,0.11188060105985
7645,ENSG00000135837,CEP350,Q5VT06,S,1259,0.485773995563916
7646,ENSG00000084072,PPIE,Q9UNP9,S,97,0.348671158373159
7647,ENSG00000124126,PREX1,Q8TCU6,S,1182,0.231007644010398
7648,ENSG00000178028,DMAP1,Q9NPF5,S,418,0.314124404228641
7649,ENSG00000100207,TCF20,Q9UGU0,S,1007,0.340435636956979
7651,ENSG00000141027,NCOR1,O75376,S,1756,0.350951087690318
7656,ENSG00000151693,ASAP2,O43150,T,845,0.168617300373554
7657,ENSG00000077463,SIRT6,Q8N6T7,S,326,0.281440524256996
7659,ENSG00000138771,SHROOM3,Q8TF72,S,818,0.17999982355897
7660,ENSG00000084710,EFR3B,Q9Y2G0,S,214,0.277384474117322
7661,ENSG00000133315,MACROD1,Q9BQ69,S,92,0.114061086770872
7664,ENSG00000128016,ZFP36,P26651,T,257,0.520072611419933
7666,ENSG00000142867,BCL10,O95999,S,138,0.564549288843856
7667,ENSG00000144677,CTDSPL,O15194,S,33,0.394311312360618
7668,ENSG00000179889,PDXDC1,Q6P996,S,718,0.568824612767589
7669,ENSG00000113643,RARS,P54136,S,378,0.283229260379658
7676,ENSG00000152503,TRIM36,Q9NQ86,S,279,0.162598437214412
7679,ENSG00000165494,PCF11,O94913,T,513,0.173183506608864
7680,ENSG00000104067,TJP1,Q07157,S,313,0.307101327379192
7681,ENSG00000134222,PSRC1,Q6PGN9,S,140,0.492847166183205
7683,ENSG00000164889,SLC4A2,P04920,S,151,0.225875770351017
7684,ENSG00000173402,DAG1,Q14118,T,790,0.506228870313001
7685,ENSG00000130402,ACTN4,O43707,S,606,0.0959162595039137
7689,ENSG00000115687,PASK,Q96RG2,T,874,0.198527827156864
7690,ENSG00000196628,TCF4,P15884,S,92,0.433258721032768
7691,ENSG00000066933,MYO9A,B2RTY4,S,1364,0.211402128217599
7693,ENSG00000101040,ZMYND8,Q9ULU4,T,404,0.240935576495025
7698,ENSG00000158290,CUL4B,Q13620,S,193,0.281012681269169
7699,ENSG00000129422,MTUS1,Q9ULD2,S,774,0.0856998738269791
7701,ENSG00000148834,GSTO1,P78417,S,8,0.364408379080643
7702,ENSG00000127527,EPS15L1,Q9UBC2,T,366,0.589552837925307
7704,ENSG00000086758,HUWE1,Q7Z6Z7,S,3824,0.0677126235293726
7705,ENSG00000161202,DVL3,Q92997,T,135,0.300966851202736
7706,ENSG00000112531,QKI,Q96PU8,S,188,0.193905610432875
7709,ENSG00000136504,KAT7,O95251,S,158,0.332851717637188
7711,ENSG00000111731,C2CD5,Q86YS7,S,284,0.216226807880411
7713,ENSG00000160410,SHKBP1,Q8TBC3,T,163,0.708892873147384
7714,ENSG00000148468,FAM171A1,Q5VUB5,T,357,0.260271150711376
7716,ENSG00000164830,OXR1,Q8N573,S,294,0.136504415422489
7718,ENSG00000163946,FAM208A,Q9UK61,Y,638,0.357317465517439
7721,ENSG00000176248,ANAPC2,Q9UJX6,S,532,0.245597646588208
7724,ENSG00000105221,AKT2,P31751,T,451,0.810410409436552
7725,ENSG00000137076,TLN1,Q9Y490,S,425,0.859537456250247
7727,ENSG00000144747,TMF1,P82094,S,338,0.31542119359191
7728,ENSG00000120549,KIAA1217,Q5T5P2,S,326,0.402490992663089
7729,ENSG00000156508,EEF1A1,P68104,S,224,0.228956927091257
7732,ENSG00000215114,UBXN2B,Q14CS0,S,231,0.467100475987142
7734,ENSG00000138688,KIAA1109,Q2LD37,S,1290,0.117933020641553
7737,ENSG00000203485,INF2,Q27J81,S,1147,0.310295456192159
7738,ENSG00000136068,FLNB,O75369,T,994,0.206561463547344
7739,ENSG00000065361,ERBB3,P21860,S,717,0.245793409191148
7743,ENSG00000160789,LMNA,P02545,T,27,0.579500048475821
7744,ENSG00000135723,FHOD1,Q9Y613,T,495,0.317540636425905
7745,ENSG00000134369,NAV1,Q8NEY1,S,964,0.288547023340533
7749,ENSG00000085449,WDFY1,Q8IWB7,S,408,0.404576604202064
7750,ENSG00000119321,FKBP15,Q5T1M5,S,307,0.33795510012127
7751,ENSG00000145214,DGKQ,P52824,S,17,0.335408197796277
7752,ENSG00000102804,TSC22D1,Q15714,S,1066,0.200795671612322
7753,ENSG00000143702,CEP170,Q5SW79,T,840,0.249181161120295
7754,ENSG00000136643,RPS6KC1,Q96S38,S,558,0.0993816572710037
7756,ENSG00000146147,MLIP,Q5VWP3,S,135,0.253287769050269
7757,ENSG00000170390,DCLK2,Q8N568,S,47,0.462686086307703
7759,ENSG00000197299,BLM,P54132,S,304,0.465598145806006
7761,ENSG00000047644,WWC3,Q9ULE0,S,809,0.116714866158721
7766,ENSG00000275410,HNF1B,P35680,S,80,0.331922659562924
7768,ENSG00000058056,USP13,Q92995,S,104,0.335746818075489
7770,ENSG00000070047,PHRF1,Q9P1Y6,T,1218,0.0364966974679231
7771,ENSG00000100207,TCF20,Q9UGU0,S,1134,0.137417150002627
7772,ENSG00000167173,C15orf39,Q6ZRI6,S,467,0.328849795402285
7773,ENSG00000106105,GARS,P41250,S,651,0.160691911543609
7775,ENSG00000177169,ULK1,O75385,S,588,0.340475523802944
7779,ENSG00000047578,KIAA0556,O60303,S,758,0.229353053656626
7780,ENSG00000169047,IRS1,P35568,S,1145,0.372587315530569
7782,ENSG00000169062,UPF3A,Q9H1J1,S,341,0.435665821274154
7785,ENSG00000144233,AMMECR1L,Q6DCA0,S,74,0.487376701217542
7787,ENSG00000247077,PGAM5,Q96HS1,S,80,0.450369952878362
7788,ENSG00000263001,GTF2I,P78347,S,231,0.092896609663824
7789,ENSG00000100354,TNRC6B,Q9UPQ9,S,563,0.281127459928827
7790,ENSG00000146463,ZMYM4,Q5VZL5,T,1101,0.25736568984424
7791,ENSG00000143776,CDC42BPA,Q5VT25,S,674,0.240433907531117
7794,ENSG00000162650,ATXN7L2,Q5T6C5,S,475,0.502703872695338
7797,ENSG00000173548,SNX33,Q8WV41,S,73,0.411719061085949
7798,ENSG00000148773,MKI67,P46013,S,579,0.314446175731964
7799,ENSG00000064042,LIMCH1,Q9UPQ0,S,435,0.308408388035658
7801,ENSG00000112851,ERBIN,Q96RT1,S,660,0.237964604258852
7802,ENSG00000141738,GRB7,Q14451,S,81,0.525676819485651
7803,ENSG00000033800,PIAS1,O75925,S,488,0.577189234375055
7804,ENSG00000064042,LIMCH1,Q9UPQ0,S,299,0.322426646464888
7805,ENSG00000115207,GTF3C2,Q8WUA4,S,597,0.33791940411862
7809,ENSG00000214513,NOTO,A8MTQ0,S,9,0.224929548910581
7813,ENSG00000109111,SUPT6H,Q7KZ85,T,1539,0.340591834631901
7814,ENSG00000120318,ARAP3,Q8WWN8,S,1480,0.296198793977474
7817,ENSG00000069248,NUP133,Q8WUM0,S,1133,0.224322464555816
7820,ENSG00000124535,WRNIP1,Q96S55,S,133,0.236113710490752
7824,ENSG00000144476,ACKR3,P25106,S,355,0.456870857026569
7825,ENSG00000183186,C2CD4C,Q8TF44,S,273,0.38291145864494
7827,ENSG00000136167,LCP1,P13796,S,265,0.256164533289937
7828,ENSG00000157741,UBN2,Q6ZU65,S,250,0.459891848612347
7829,ENSG00000110697,PITPNM1,O00562,S,621,0.232862581193082
7830,ENSG00000184640,SEPT9,Q9UHD8,T,38,0.403686762290149
7832,ENSG00000163788,SNRK,Q9NRH2,S,570,0.325389560070004
7834,ENSG00000138594,TMOD3,Q9NYL9,S,59,0.111169021674932
7835,ENSG00000156030,ELMSAN1,Q6PJG2,T,698,0.33937201421612
7836,ENSG00000141298,SSH2,Q76I76,S,690,0.117980099425513
7839,ENSG00000109586,GALNT7,Q86SF2,S,103,0.312613730604961
7840,ENSG00000185344,ATP6V0A2,Q9Y487,S,700,0.351786146593186
7842,ENSG00000138688,KIAA1109,Q2LD37,S,4904,0.0637794818479493
7845,ENSG00000144567,RETREG2,Q8NC44,S,379,0.288730563307574
7847,ENSG00000170242,USP47,Q96K76,S,946,0.252938931244944
7848,ENSG00000186635,ARAP1,Q96P48,T,97,0.110454185282721
7852,ENSG00000092621,PHGDH,O43175,S,362,0.297555002355845
7854,ENSG00000167257,RNF214,Q8ND24,S,494,0.214927411955645
7855,ENSG00000102109,PCSK1N,Q9UHG2,S,209,0.143640573703625
7860,ENSG00000178950,GAK,O14976,S,326,0.200554626058188
7861,ENSG00000204859,ZBTB48,P10074,S,179,0.535415545629619
7863,ENSG00000072133,RPS6KA6,Q9UK32,S,389,0.376395677783395
7864,ENSG00000013619,MAMLD1,Q13495,S,676,0.173309570707171
7865,ENSG00000106829,TLE4,Q04727,S,265,0.711901196182201
7866,ENSG00000174791,RIN1,Q13671,S,333,0.444183960149717
7871,ENSG00000120896,SORBS3,O60504,S,563,0.4280170010112
7872,ENSG00000061987,MON2,Q7Z3U7,S,298,0.346399347639096
7873,ENSG00000109689,STIM2,Q9P246,S,344,0.169582080777459
7874,ENSG00000154102,C16orf74,Q96GX8,S,21,0.142011496606353
7875,ENSG00000104067,TJP1,Q07157,T,1167,0.148895705250372
7878,ENSG00000167971,CASKIN1,Q8WXD9,S,1067,0.461758050409123
7879,ENSG00000198728,LDB1,Q86U70,S,265,0.623384389441045
7880,ENSG00000130150,MOSPD2,Q8NHP6,S,267,0.134110597461077
7881,ENSG00000170873,MTSS1,O43312,S,594,0.467736295543935
7884,ENSG00000057294,PKP2,Q99959,Y,86,0.45066251100783
7885,ENSG00000178950,GAK,O14976,S,770,0.336670056432364
7887,ENSG00000149289,ZC3H12C,Q9C0D7,S,651,0.17966313281435
7889,ENSG00000148498,PARD3,Q8TEW0,S,1046,0.137575658091418
7890,ENSG00000104728,ARHGEF10,O15013,S,1283,0.343632487667982
7891,ENSG00000185950,IRS2,Q9Y4H2,S,1237,0.481787203609121
7893,ENSG00000133961,NUMB,P49757,S,295,0.697550932953939
7894,ENSG00000158417,EIF5B,O60841,S,588,0.370307843419964
7895,ENSG00000147050,KDM6A,O15550,S,818,0.458466775784075
7897,ENSG00000166963,MAP1A,P78559,S,2124,0.0922872276279723
7898,ENSG00000214530,STARD10,Q9Y365,S,7,0.13867556537051
7900,ENSG00000142655,PEX14,O75381,S,252,0.438861099840643
7901,ENSG00000197321,SVIL,O95425,S,194,0.0765325423845581
7902,ENSG00000198000,NOL8,Q76FK4,S,329,0.27063728832674
7907,ENSG00000034677,RNF19A,Q9NV58,S,69,0.306505744068821
7910,ENSG00000038382,TRIO,O75962,S,2508,0.211121065286958
7912,ENSG00000146842,TMEM209,Q96SK2,S,221,0.652278586993532
7913,ENSG00000158710,TAGLN2,P37802,S,11,0.401523332216732
7914,ENSG00000167548,KMT2D,O14686,S,654,0.180113842995451
7915,ENSG00000141027,NCOR1,O75376,S,2358,0.354176403733691
7916,ENSG00000143776,CDC42BPA,Q5VT25,S,1693,0.296988784661127
7918,ENSG00000038219,BOD1L1,Q8NFC6,S,484,0.463812272076668
7919,ENSG00000119866,BCL11A,Q9H165,T,326,0.106466532978575
7920,ENSG00000180370,PAK2,Q13177,S,42,0.310379039161683
7921,ENSG00000102054,RBBP7,Q16576,S,109,0.352363572750027
7924,ENSG00000050327,ARHGEF5,A5YM69,T,193,0.113675250495783
7925,ENSG00000106554,CHCHD3,Q9NX63,S,50,0.496108736759718
7926,ENSG00000164808,SPIDR,Q14159,S,826,0.158419118506042
7928,ENSG00000140718,FTO,Q9C0B1,S,260,0.378005603801871
7930,ENSG00000141027,NCOR1,O75376,S,2438,0.553928178768781
7931,ENSG00000113441,LNPEP,Q9UIQ6,S,86,0.191304805541676
7932,ENSG00000085224,ATRX,P46100,S,704,0.229726191275459
7933,ENSG00000189159,JPT1,Q9UK76,S,150,0.384258192466406
7935,ENSG00000119392,GLE1,Q53GS7,S,88,0.469016645917523
7936,ENSG00000089169,RPH3A,Q9Y2J0,S,263,0.227728356489759
7937,ENSG00000111961,SASH1,O94885,S,239,0.126987279058398
7939,ENSG00000165914,TTC7B,Q86TV6,S,625,0.302562383297561
7943,ENSG00000179981,TSHZ1,Q6ZSZ6,S,765,0.322294975921204
7947,ENSG00000175745,NR2F1,P10589,S,46,0.119298227695472
7950,ENSG00000021826,CPS1,P31327,S,537,0.200732749115898
7953,ENSG00000105662,CRTC1,Q6UUV9,T,75,0.102970401610817
7955,ENSG00000160917,CPSF4,O95639,S,212,0.401723654924494
7956,ENSG00000064703,DDX20,Q9UHI6,S,187,0.394298287106118
7958,ENSG00000066654,THUMPD1,Q9NXG2,S,119,0.28280940477941
7959,ENSG00000137824,RMDN3,Q96TC7,S,393,0.326304986344213
7960,ENSG00000134240,HMGCS2,P54868,S,433,0.616738958282758
7962,ENSG00000135842,FAM129A,Q9BZQ8,S,611,0.156960136774637
7963,ENSG00000115760,BIRC6,Q9NR09,S,486,0.207157804857993
7964,ENSG00000123066,MED13L,Q71F56,S,553,0.357237487627743
7968,ENSG00000134686,PHC2,Q8IXK0,S,701,0.329556374491581
7969,ENSG00000109920,FNBP4,Q8N3X1,S,438,0.335400793018337
7970,ENSG00000046604,DSG2,Q14126,S,1093,0.223720713967231
7972,ENSG00000177469,CAVIN1,Q6NZI2,S,387,0.413104685506294
7973,ENSG00000137776,SLTM,Q9NWH9,S,533,0.0712563673943058
7974,ENSG00000141551,CSNK1D,P48730,S,356,0.543887481737599
7975,ENSG00000095139,ARCN1,P48444,S,223,0.321172460709
7976,ENSG00000157782,CABP1,Q9NZU7,S,176,0.199811286338182
7979,ENSG00000128011,LRFN1,Q9P244,S,649,0.29268891045217
7981,ENSG00000090905,TNRC6A,Q8NDV7,S,286,0.089393049881687
7982,ENSG00000155495,MAGEC1,O60732,S,207,0.343807711810481
7983,ENSG00000159140,SON,P18583,S,1648,0.156225503572896
7985,ENSG00000167522,ANKRD11,Q6UB99,S,1859,0.282148941375236
7987,ENSG00000169609,C15orf40,Q8WUR7,S,116,0.412666483377122
7989,ENSG00000166128,RAB8B,Q92930,S,112,0.385721609942864
7990,ENSG00000144711,IQSEC1,Q6DN90,S,892,0.236762492706608
7992,ENSG00000112079,STK38,Q15208,S,281,0.862686109426406
7993,ENSG00000144635,DYNC1LI1,Q9Y6G9,T,213,0.539293190552939
7995,ENSG00000099194,SCD,O00767,T,199,0.338447151199826
7996,ENSG00000105289,TJP3,O95049,Y,361,0.403789294077107
7997,ENSG00000135766,EGLN1,Q9GZT9,S,174,0.209949631762398
7998,ENSG00000136167,LCP1,P13796,T,291,0.274489291824591
8001,ENSG00000055955,ITIH4,Q14624,S,225,0.197369298111161
8002,ENSG00000099204,ABLIM1,O14639,T,467,0.533212903731672
8003,ENSG00000181827,RFX7,Q2KHR2,S,349,0.363931719162148
8005,ENSG00000112297,CRYBG1,Q9Y4K1,S,102,0.249093410367965
8006,ENSG00000165480,SKA3,Q8IX90,S,152,0.528689521989456
8007,ENSG00000009694,TENM1,Q9UKZ4,S,105,0.114229885698402
8008,ENSG00000161682,FAM171A2,A8MVW0,S,669,0.678899928865593
8009,ENSG00000152495,CAMK4,Q16566,S,356,0.357458081144519
8010,ENSG00000114166,KAT2B,Q92831,S,117,0.165709672789593
8011,ENSG00000141447,OSBPL1A,Q9BXW6,S,469,0.0685808182381557
8015,ENSG00000112658,SRF,P11831,S,221,0.782669965527506
8019,ENSG00000183741,CBX6,O95503,S,107,0.576798726238553
8020,ENSG00000152503,TRIM36,Q9NQ86,S,462,0.148963303046218
8023,ENSG00000118873,RAB3GAP2,Q9H2M9,S,875,0.077897937079229
8025,ENSG00000134250,NOTCH2,Q04721,T,2385,0.328307845818226
8026,ENSG00000130396,AFDN,P55196,S,589,0.228363616590638
8028,ENSG00000125257,ABCC4,O15439,S,629,0.215198124548983
8035,ENSG00000213402,PTPRCAP,Q14761,T,100,0.398707954950362
8037,ENSG00000173517,PEAK1,Q9H792,Y,1107,0.471055274018228
8039,ENSG00000137818,RPLP1,P05386,S,104,0.76792615481977
8040,ENSG00000144120,TMEM177,Q53S58,S,297,0.199800478129097
8045,ENSG00000132780,NASP,P49321,S,705,0.230144412525031
8047,ENSG00000169813,HNRNPF,P52597,S,23,0.419006149665787
8048,ENSG00000144283,PKP4,Q99569,S,1138,0.230015733199066
8049,ENSG00000120802,TMPO,P42166,S,272,0.421343660410605
8053,ENSG00000005194,CIAPIN1,Q6FI81,S,272,0.46328061985037
8056,ENSG00000165795,NDRG2,Q9UN36,S,355,0.328065561646809
8057,ENSG00000156599,ZDHHC5,Q9C0B5,S,372,0.298852497026439
8058,ENSG00000124789,NUP153,P49790,S,203,0.286021677513601
8064,ENSG00000157827,FMNL2,Q96PY5,S,679,0.201224680240525
8070,ENSG00000169375,SIN3A,Q96ST3,T,260,0.213424683849563
8073,ENSG00000143363,PRUNE1,Q86TP1,T,410,0.562566422396003
8074,ENSG00000137699,TRIM29,Q14134,S,98,0.192401789032057
8075,ENSG00000196531,NACA,E9PAV3,S,1713,0.112808719009708
8078,ENSG00000100603,SNW1,Q13573,S,402,0.372674908423407
8079,ENSG00000077157,PPP1R12B,O60237,S,447,0.236121068093119
8080,ENSG00000257103,LSM14A,Q8ND56,S,178,0.591107616872259
8083,ENSG00000168958,MFF,Q9GZY8,S,21,0.195516255820389
8085,ENSG00000108349,CASC3,O15234,S,47,0.3142112536358
8088,ENSG00000198171,DDRGK1,Q96HY6,S,308,0.334473658500985
8090,ENSG00000197555,SIPA1L1,O43166,T,239,0.379442755484327
8091,ENSG00000088367,EPB41L1,Q9H4G0,S,437,0.312457717403611
8093,ENSG00000275066,SYNRG,Q9UMZ2,S,1006,0.254017804066551
8095,ENSG00000101361,NOP56,O00567,S,511,0.291609622534939
8096,ENSG00000104812,GYS1,P13807,S,652,0.487756243585173
8098,ENSG00000034677,RNF19A,Q9NV58,S,284,0.423721972474794
8101,ENSG00000135540,NHSL1,Q5SYE7,S,166,0.209838717604049
8104,ENSG00000156030,ELMSAN1,Q6PJG2,T,655,0.572022167173645
8105,ENSG00000115267,IFIH1,Q9BYX4,S,1022,0.284950529748062
8106,ENSG00000116871,MAP7D1,Q3KQU3,S,517,0.195898791686848
8107,ENSG00000061936,SFSWAP,Q12872,S,889,0.290570489801638
8108,ENSG00000198353,HOXC4,P09017,T,251,0.348159150312539
8112,ENSG00000005339,CREBBP,Q92793,S,2364,0.388798646628367
8113,ENSG00000101161,PRPF6,O94906,S,263,0.153290180009188
8115,ENSG00000090621,PABPC4,Q13310,S,315,0.452170743921735
8117,ENSG00000253729,PRKDC,P78527,S,1790,0.274228468014946
8118,ENSG00000121775,TMEM39B,Q9GZU3,S,45,0.339251286608686
8119,ENSG00000113368,LMNB1,P20700,T,549,0.134636437051066
8120,ENSG00000120800,UTP20,O75691,S,2637,0.172918632762426
8121,ENSG00000166439,RNF169,Q8NCN4,S,542,0.239395735143268
8122,ENSG00000167447,SMG8,Q8ND04,S,656,0.149008827671609
8123,ENSG00000164219,PGGT1B,P53609,S,12,0.152301300949851
8124,ENSG00000132613,MTSS1L,Q765P7,S,342,0.576408063522606
8131,ENSG00000179134,SAMD4B,Q5PRF9,S,594,0.255929301615875
8132,ENSG00000177354,C10orf71,Q711Q0,S,323,0.148807331757649
8135,ENSG00000130175,PRKCSH,P14314,S,24,0.284523091144425
8137,ENSG00000163104,SMARCAD1,Q9H4L7,S,37,0.230988114332024
8138,ENSG00000139218,SCAF11,Q99590,T,799,0.211901402225111
8139,ENSG00000179083,FAM133A,Q8N9E0,S,149,0.162228745062757
8140,ENSG00000100207,TCF20,Q9UGU0,S,1755,0.212571755502061
8141,ENSG00000234545,FAM133B,Q5BKY9,S,194,0.606790311343453
8145,ENSG00000104221,BRF2,Q9HAW0,T,379,0.393400074916008
8147,ENSG00000149179,C11orf49,Q9H6J7,S,304,0.468753138632132
8148,ENSG00000131759,RARA,P10276,S,445,0.913136134068771
8149,ENSG00000182827,ACBD3,Q9H3P7,S,344,0.141738454307188
8156,ENSG00000110237,ARHGEF17,Q96PE2,S,1663,0.153600133572777
8159,ENSG00000166925,TSC22D4,Q9Y3Q8,S,207,0.246048845574893
8161,ENSG00000100354,TNRC6B,Q9UPQ9,S,1011,0.178439742330767
8162,ENSG00000073350,LLGL2,Q6P1M3,T,963,0.3633943069456
8163,ENSG00000076826,CAMSAP3,Q9P1Y5,S,384,0.135657275941558
8164,ENSG00000156599,ZDHHC5,Q9C0B5,S,684,0.496502892697935
8166,ENSG00000124789,NUP153,P49790,S,297,0.183462025710462
8168,ENSG00000086015,MAST2,Q6P0Q8,S,108,0.099391448032387
8169,ENSG00000181826,RELL1,Q8IUW5,S,148,0.244544190711672
8170,ENSG00000163635,ATXN7,O15265,S,840,0.392030196899408
8172,ENSG00000011523,CEP68,Q76N32,S,478,0.510486897127923
8173,ENSG00000007047,MARK4,Q96L34,S,545,0.354675605705767
8174,ENSG00000198087,CD2AP,Q9Y5K6,T,565,0.413599096260307
8177,ENSG00000159788,RGS12,O14924,S,879,0.305521263291025
8179,ENSG00000143398,PIP5K1A,Q99755,S,475,0.392766045252095
8180,ENSG00000104133,SPG11,Q96JI7,S,1961,0.362671190181187
8183,ENSG00000164695,CHMP4C,Q96CF2,S,214,0.577810689207828
8186,ENSG00000196924,FLNA,P21333,S,1522,0.135804693062325
8189,ENSG00000129003,VPS13C,Q709C8,S,842,0.265447902944664
8190,ENSG00000092439,TRPM7,Q96QT4,S,1468,0.233532371901841
8192,ENSG00000173210,ABLIM3,O94929,Y,376,0.490930504905305
8193,ENSG00000176531,PHLDB3,Q6NSJ2,S,63,0.133757636656998
8194,ENSG00000105523,FAM83E,Q2M2I3,S,342,0.409270846440924
8196,ENSG00000167978,SRRM2,Q9UQ35,S,2343,0.236583885222699
8197,ENSG00000026025,VIM,P08670,T,202,0.271525595391076
8200,ENSG00000135631,RAB11FIP5,Q9BXF6,S,244,0.23405795295408
8201,ENSG00000184445,KNTC1,P50748,S,1045,0.196744213915059
8202,ENSG00000023516,AKAP11,Q9UKA4,S,1103,0.164051055582582
8203,ENSG00000110514,MADD,Q8WXG6,S,230,0.0792085669787718
8204,ENSG00000089199,CHGB,P05060,T,330,0.0897278299468163
8205,ENSG00000067225,PKM,P14618,S,346,0.472772445277419
8206,ENSG00000101152,DNAJC5,Q9H3Z4,Y,17,0.525661124342099
8207,ENSG00000204469,PRRC2A,P48634,T,1353,0.226772166348524
8208,ENSG00000033327,GAB2,Q9UQC2,S,285,0.327744131257702
8210,ENSG00000085733,CTTN,Q14247,S,98,0.292021579722017
8213,ENSG00000169554,ZEB2,O60315,S,353,0.156054683100393
8214,ENSG00000006638,TBXA2R,P21731,S,329,0.628351490134971
8218,ENSG00000198586,TLK1,Q9UKI8,T,78,0.137903054286536
8225,ENSG00000166479,TMX3,Q96JJ7,S,415,0.343044235484233
8228,ENSG00000134278,SPIRE1,Q08AE8,S,682,0.41797222108012
8230,ENSG00000102030,NAA10,P41227,S,231,0.312027332423508
8231,ENSG00000092439,TRPM7,Q96QT4,S,1361,0.2273899007583
8232,ENSG00000143772,ITPKB,P27987,S,204,0.336836618998076
8233,ENSG00000171853,TRAPPC12,Q8WVT3,S,290,0.096683139730312
8236,ENSG00000275342,PRAG1,Q86YV5,S,730,0.0828074486094698
8237,ENSG00000099834,CDHR5,Q9HBB8,S,770,0.210039514996458
8238,ENSG00000086061,DNAJA1,P31689,S,340,0.405820583366773
8239,ENSG00000276234,TADA2A,O75478,S,361,0.201494294692115
8241,ENSG00000158856,DMTN,Q08495,T,304,0.401697941364271
8242,ENSG00000159082,SYNJ1,O43426,S,830,0.170438736454165
8245,ENSG00000136243,NUPL2,O15504,S,104,0.272459756189286
8247,ENSG00000181163,NPM1,P06748,S,112,0.380119383551827
8248,ENSG00000143924,EML4,Q9HC35,T,897,0.497848177316318
8249,ENSG00000106346,USP42,Q9H9J4,S,494,0.153155904588178
8250,ENSG00000184486,POU3F2,P20265,S,341,0.673313081762912
8254,ENSG00000136715,SAP130,Q9H0E3,S,875,0.477317776376098
8256,ENSG00000064787,BCAS1,O75363,S,535,0.161220343651094
8258,ENSG00000134152,KATNBL1,Q9H079,S,61,0.300398230595029
8259,ENSG00000005156,LIG3,P49916,S,913,0.418478262569489
8265,ENSG00000177189,RPS6KA3,P51812,S,386,0.664173296021452
8266,ENSG00000172375,C2CD2L,O14523,T,621,0.404656616426932
8267,ENSG00000088367,EPB41L1,Q9H4G0,T,550,0.467799850617711
8269,ENSG00000133401,PDZD2,O15018,S,1422,0.114393402899822
8270,ENSG00000131711,MAP1B,P46821,T,2000,0.0409210073512285
8273,ENSG00000119866,BCL11A,Q9H165,S,625,0.582024458505902
8274,ENSG00000010818,HIVEP2,P31629,S,702,0.115045723147246
8275,ENSG00000115839,RAB3GAP1,Q15042,S,664,0.198491563459323
8276,ENSG00000125398,SOX9,P48436,T,239,0.342428475226941
8278,ENSG00000118804,STBD1,O95210,S,190,0.34994440333559
8279,ENSG00000138771,SHROOM3,Q8TF72,S,1069,0.113155258523409
8280,ENSG00000140750,ARHGAP17,Q68EM7,T,753,0.345689871966013
8281,ENSG00000172530,BANP,Q8N9N5,S,90,0.41552194792698
8283,ENSG00000038358,EDC4,Q6P2E9,T,738,0.162588960161902
8284,ENSG00000172493,AFF1,P51825,S,199,0.324519393560098
8287,ENSG00000134352,IL6ST,P40189,S,667,0.564236140486408
8288,ENSG00000175115,PACS1,Q6VY07,S,781,0.337072178629265
8291,ENSG00000130522,JUND,P17535,S,251,0.443939513230668
8296,ENSG00000102981,PARD6A,Q9NPB6,S,109,0.426958248116865
8299,ENSG00000176994,SMCR8,Q8TEV9,T,511,0.249305110989909
8301,ENSG00000004534,RBM6,P78332,T,923,0.279178944540573
8302,ENSG00000065526,SPEN,Q96T58,S,1636,0.187469180172297
8304,ENSG00000132394,EEFSEC,P57772,T,545,0.418434463216501
8305,ENSG00000119953,SMNDC1,O75940,S,63,0.391283916523497
8307,ENSG00000111596,CNOT2,Q9NZN8,S,63,0.12237266940758
8308,ENSG00000196632,WNK3,Q9BYP7,S,62,0.236330256289248
8310,ENSG00000137166,FOXP4,Q8IVH2,S,86,0.607161341351149
8312,ENSG00000164877,MICALL2,Q8IY33,T,221,0.139916229286523
8313,ENSG00000181163,NPM1,P06748,S,214,0.38406550484188
8314,ENSG00000109171,SLAIN2,Q9P270,S,160,0.233644016470019
8318,ENSG00000106571,GLI3,P10071,S,45,0.140345382110015
8319,ENSG00000074416,MGLL,Q99685,S,196,0.142160444425769
8321,ENSG00000040199,PHLPP2,Q6ZVD8,S,1189,0.146637045847028
8323,ENSG00000101096,NFATC2,Q13469,S,814,0.317388295910945
8324,ENSG00000166974,MAPRE2,Q15555,S,230,0.185882725152395
8328,ENSG00000146122,DAAM2,Q86T65,S,656,0.217870419919206
8330,ENSG00000196150,ZNF250,P15622,S,168,0.18156034498526
8337,ENSG00000081059,TCF7,P36402,S,40,0.227159328476339
8338,ENSG00000099812,MISP,Q8IVT2,T,172,0.473626565036939
8341,ENSG00000087365,SF3B2,Q13435,S,344,0.278141355903828
8344,ENSG00000143772,ITPKB,P27987,T,449,0.10959313096142
8345,ENSG00000132563,REEP2,Q9BRK0,S,150,0.322204669501577
8346,ENSG00000167716,WDR81,Q562E7,S,1113,0.111938371712862
8347,ENSG00000083896,YTHDC1,Q96MU7,S,315,0.274214017678498
8348,ENSG00000198718,TOGARAM1,Q9Y4F4,S,836,0.154586247625665
8351,ENSG00000120690,ELF1,P32519,S,432,0.283566641031265
8356,ENSG00000134852,CLOCK,O15516,S,460,0.209607145734967
8357,ENSG00000104447,TRPS1,Q9UHF7,S,391,0.11030752514967
8358,ENSG00000197958,RPL12,P30050,T,128,0.128326461102577
8363,ENSG00000145362,ANK2,Q01484,S,2534,0.265378188470479
8364,ENSG00000204175,GPRIN2,O60269,S,140,0.23097530721442
8366,ENSG00000114867,EIF4G1,Q04637,S,1185,0.315069061982728
8367,ENSG00000143569,UBAP2L,Q14157,S,262,0.137064683673205
8368,ENSG00000139613,SMARCC2,Q8TAQ2,S,745,0.0757655383875755
8369,ENSG00000008323,PLEKHG6,Q3KR16,S,668,0.147975690185066
8373,ENSG00000115207,GTF3C2,Q8WUA4,S,765,0.212215529032994
8374,ENSG00000106443,PHF14,O94880,S,598,0.103004698477406
8375,ENSG00000080503,SMARCA2,P51531,S,1568,0.341815063234368
8377,ENSG00000150477,KIAA1328,Q86T90,S,521,0.346153577211124
8378,ENSG00000133083,DCLK1,O15075,S,305,0.491710802853245
8381,ENSG00000137221,TJAP1,Q5JTD0,S,214,0.477355535217012
8383,ENSG00000185963,BICD2,Q8TD16,S,608,0.441808732474188
8384,ENSG00000135905,DOCK10,Q96BY6,T,196,0.279273893736343
8385,ENSG00000108021,FAM208B,Q5VWN6,S,1539,0.245410188815097
8391,ENSG00000072832,CRMP1,Q14194,S,14,0.258470784653799
8395,ENSG00000070476,ZXDC,Q2QGD7,S,651,0.244866477964924
8396,ENSG00000068724,TTC7A,Q9ULT0,T,693,0.299319882066181
8397,ENSG00000062194,GPBP1,Q86WP2,S,379,0.209384805133235
8399,ENSG00000130779,CLIP1,P30622,S,1305,0.192290239625431
8402,ENSG00000012660,ELOVL5,Q9NYP7,S,283,0.292602785351465
8404,ENSG00000149269,PAK1,Q13153,S,149,0.385843231471202
8409,ENSG00000144369,FAM171B,Q6P995,S,688,0.335725557924224
8413,ENSG00000228672,PROB1,E7EW31,S,789,0.301995388707698
8416,ENSG00000163635,ATXN7,O15265,S,571,0.222842322223993
8417,ENSG00000196935,SRGAP1,Q7Z6B7,S,941,0.264136896336641
8419,ENSG00000013275,PSMC4,P43686,S,19,0.129952509162856
8420,ENSG00000168522,FNTA,P49354,S,57,0.141016770036166
8421,ENSG00000012048,BRCA1,P38398,S,1542,0.217144752733974
8424,ENSG00000119318,RAD23B,P54727,T,159,0.344911863175137
8428,ENSG00000206579,XKR4,Q5GH76,T,211,0.252050866993984
8429,ENSG00000049759,NEDD4L,Q96PU5,S,448,0.699852876290494
8434,ENSG00000165684,SNAPC4,Q5SXM2,S,597,0.179625278143348
8438,ENSG00000134313,KIDINS220,Q9ULH0,S,1329,0.34988302256993
8439,ENSG00000138031,ADCY3,O60266,S,525,0.328239464730426
8446,ENSG00000108262,GIT1,Q9Y2X7,T,364,0.285235179443847
8448,ENSG00000154358,OBSCN,Q5VST9,S,7116,0.123148513782008
8450,ENSG00000101871,MID1,O15344,S,524,0.213097887752381
8451,ENSG00000198771,RCSD1,Q6JBY9,S,82,0.475511725588685
8452,ENSG00000100106,TRIOBP,Q9H2D6,Y,2325,0.565195982293119
8453,ENSG00000037474,NSUN2,Q08J23,S,724,0.0825879733661541
8454,ENSG00000167258,CDK12,Q9NYV4,S,265,0.385317572271032
8457,ENSG00000144488,ESPNL,Q6ZVH7,S,635,0.220786109836938
8463,ENSG00000182718,ANXA2,A6NMY6,T,105,0.141811667382082
8464,ENSG00000196367,TRRAP,Q9Y4A5,S,2530,0.149558540329
8467,ENSG00000101384,JAG1,P78504,S,1210,0.170233039979005
8468,ENSG00000144824,PHLDB2,Q86SQ0,S,173,0.0931926155338027
8469,ENSG00000132694,ARHGEF11,O15085,S,245,0.264841691996354
8471,ENSG00000166483,WEE1,P30291,S,127,0.446639542196744
8472,ENSG00000204469,PRRC2A,P48634,S,2113,0.259296660530135
8474,ENSG00000130224,LRCH2,Q5VUJ6,S,351,0.4450888673491
8478,ENSG00000106628,POLD2,P49005,S,15,0.59408680211174
8480,ENSG00000180209,MYLPF,Q96A32,S,20,0.184247521629449
8481,ENSG00000183808,RBM12B,Q8IXT5,S,375,0.209713078087377
8483,ENSG00000166848,TERF2IP,Q9NYB0,T,230,0.45181747580971
8485,ENSG00000104957,CCDC130,P13994,S,286,0.384828512171958
8486,ENSG00000049759,NEDD4L,Q96PU5,S,342,0.670861225849017
8487,ENSG00000163166,IWS1,Q96ST2,S,213,0.236559720501055
8489,ENSG00000135837,CEP350,Q5VT06,S,1818,0.2386142463363
8490,ENSG00000099954,CECR2,Q9BXF3,T,546,0.267848006384483
8491,ENSG00000147799,ARHGAP39,Q9C0H5,S,246,0.331504342387031
8492,ENSG00000101079,NDRG3,Q9UGV2,S,352,0.326982483700189
8493,ENSG00000090924,PLEKHG2,Q9H7P9,T,1257,0.393767860589279
8494,ENSG00000196642,RABL6,Q3YEC7,S,471,0.505977564377826
8495,ENSG00000156709,AIFM1,O95831,S,100,0.195237660519152
8496,ENSG00000048707,VPS13D,Q5THJ4,S,1603,0.223706333952006
8497,ENSG00000120802,TMPO,P42166,S,354,0.384819138385589
8499,ENSG00000167548,KMT2D,O14686,T,366,0.22388920545442
8502,ENSG00000099917,MED15,Q96RN5,T,603,0.452065873651118
8503,ENSG00000128815,WDFY4,Q6ZS81,S,2305,0.130633354168708
8507,ENSG00000067369,TP53BP1,Q12888,S,103,0.145952551677985
8509,ENSG00000156030,ELMSAN1,Q6PJG2,T,628,0.391269175067669
8511,ENSG00000143614,GATAD2B,Q8WXI9,S,17,0.2713018845968
8512,ENSG00000166333,ILK,Q13418,T,181,0.791276582336821
8513,ENSG00000155324,GRAMD2B,Q96HH9,S,58,0.46150705568997
8514,ENSG00000103507,BCKDK,O14874,S,339,0.186882173373694
8517,ENSG00000213024,NUP62,P37198,S,418,0.468561622802054
8518,ENSG00000118482,PHF3,Q92576,S,1952,0.146239054682984
8519,ENSG00000165650,PDZD8,Q8NEN9,T,79,0.155345014545053
8520,ENSG00000122786,CALD1,Q05682,S,235,0.104117632639896
8523,ENSG00000153898,MCOLN2,Q8IZK6,S,558,0.264158608636166
8524,ENSG00000169946,ZFPM2,Q8WW38,S,900,0.215914904284696
8525,ENSG00000138709,LARP1B,Q659C4,S,136,0.291844393229975
8526,ENSG00000130669,PAK4,O96013,T,187,0.52873667739679
8528,ENSG00000184216,IRAK1,P51617,S,131,0.415784506171083
8529,ENSG00000134744,ZCCHC11,Q5TAX3,S,134,0.301321599734642
8530,ENSG00000159086,PAXBP1,Q9Y5B6,S,108,0.144283425548744
8531,ENSG00000198889,DCAF12L1,Q5VU92,S,23,0.19504559803764
8532,ENSG00000131791,PRKAB2,O43741,S,183,0.468419997097602
8534,ENSG00000135315,CEP162,Q5TB80,T,176,0.299525875683726
8535,ENSG00000184916,JAG2,Q9Y219,T,1155,0.302911037406982
8536,ENSG00000141441,GAREM1,Q9H706,S,565,0.236775171044978
8537,ENSG00000132694,ARHGEF11,O15085,S,213,0.310330023598966
8539,ENSG00000168016,TRANK1,O15050,S,596,0.0814621454008387
8540,ENSG00000075426,FOSL2,P15408,S,235,0.0935256949496212
8541,ENSG00000144824,PHLDB2,Q86SQ0,S,387,0.243643723311521
8543,ENSG00000111142,METAP2,P50579,S,49,0.275846274712518
8544,ENSG00000163545,NUAK2,Q9H093,S,462,0.273783322631767
8547,ENSG00000143702,CEP170,Q5SW79,S,463,0.16084883400314
8548,ENSG00000085832,EPS15,P42566,S,467,0.234750318222688
8552,ENSG00000179632,MAF1,Q9H063,S,214,0.277314622194653
8556,ENSG00000183963,SMTN,P53814,S,715,0.0974442760218046
8558,ENSG00000170921,TANC2,Q9HCD6,S,22,0.100095951108924
8561,ENSG00000117114,ADGRL2,O95490,S,1365,0.218651468027078
8562,ENSG00000166716,ZNF592,Q92610,S,404,0.257202021163388
8563,ENSG00000105254,TBCB,Q99426,S,31,0.121398528463598
8564,ENSG00000101745,ANKRD12,Q6UB98,S,428,0.276807715654627
8565,ENSG00000144369,FAM171B,Q6P995,S,504,0.250616539656314
8566,ENSG00000136527,TRA2B,P62995,S,215,0.303801949009054
8567,ENSG00000116871,MAP7D1,Q3KQU3,S,548,0.427942926467339
8571,ENSG00000124496,TRERF1,Q96PN7,S,621,0.226495803087945
8572,ENSG00000096401,CDC5L,Q99459,T,438,0.667649658740883
8579,ENSG00000103194,USP10,Q14694,S,355,0.367669684857004
8580,ENSG00000102054,RBBP7,Q16576,S,99,0.410044550045788
8582,ENSG00000127483,HP1BP3,Q5SSJ5,S,512,0.373854013656066
8583,ENSG00000139436,GIT2,Q14161,Y,392,0.503243378182645
8584,ENSG00000130052,STARD8,Q92502,S,235,0.3500525128074
8586,ENSG00000196141,SPATS2L,Q9NUQ6,T,118,0.29338532585589
8587,ENSG00000075292,ZNF638,Q14966,S,1245,0.0940620093690889
8588,ENSG00000197321,SVIL,O95425,S,319,0.1389326299161
8589,ENSG00000164506,STXBP5,Q5T5C0,S,904,0.097420297382286
8591,ENSG00000171813,PWWP2B,Q6NUJ5,S,84,0.240075697457723
8592,ENSG00000173702,MUC13,Q9H3R2,S,495,0.476913897370656
8595,ENSG00000158856,DMTN,Q08495,S,14,0.391205695325989
8597,ENSG00000149596,JPH2,Q9BR39,S,182,0.52137989129902
8598,ENSG00000101745,ANKRD12,Q6UB98,S,1255,0.35826753737659
8599,ENSG00000141030,COPS3,Q9UNS2,S,421,0.320257053262491
8601,ENSG00000003989,SLC7A2,P52569,S,24,0.277828385787238
8604,ENSG00000167978,SRRM2,Q9UQ35,T,2247,0.237439024053719
8608,ENSG00000197555,SIPA1L1,O43166,S,1391,0.263210005758936
8609,ENSG00000103222,ABCC1,P33527,T,931,0.207119803032778
8610,ENSG00000186834,HEXIM1,O94992,S,233,0.319152364278803
8611,ENSG00000065613,SLK,Q9H2G2,S,565,0.278133976279227
8612,ENSG00000104067,TJP1,Q07157,S,994,0.129772053048244
8614,ENSG00000106803,SEC61B,P60468,T,5,0.453988364550403
8617,ENSG00000105127,AKAP8,O43823,S,353,0.12090580340955
8618,ENSG00000142675,CNKSR1,Q969H4,T,293,0.464723322988129
8619,ENSG00000130396,AFDN,P55196,S,1782,0.170210347275428
8624,ENSG00000125414,MYH2,Q9UKX2,S,1305,0.308676113562708
8626,ENSG00000047634,SCML1,Q9UN30,S,150,0.44922871533846
8627,ENSG00000104728,ARHGEF10,O15013,S,1229,0.109937430934927
8630,ENSG00000213658,LAT,O43561,S,106,0.365608861867197
8631,ENSG00000183878,UTY,O14607,S,793,0.121651815088725
8632,ENSG00000072110,ACTN1,P12814,S,890,0.355136284400224
8633,ENSG00000163349,HIPK1,Q86Z02,S,967,0.227549141515956
8634,ENSG00000066455,GOLGA5,Q8TBA6,T,90,0.237605235007295
8635,ENSG00000164970,FAM219A,Q8IW50,S,98,0.344207128012563
8637,ENSG00000126705,AHDC1,Q5TGY3,S,849,0.258495260974306
8638,ENSG00000065978,YBX1,P67809,S,36,0.300266449418942
8639,ENSG00000124067,SLC12A4,Q9UP95,S,46,0.346554920800392
8640,ENSG00000054523,KIF1B,O60333,S,1487,0.511968405641478
8641,ENSG00000058729,RIOK2,Q9BVS4,Y,445,0.432513639514414
8643,ENSG00000179134,SAMD4B,Q5PRF9,T,407,0.345154376303338
8644,ENSG00000155545,MIER3,Q7Z3K6,S,168,0.385558532463986
8646,ENSG00000131374,TBC1D5,Q92609,S,44,0.465837315789717
8650,ENSG00000163840,DTX3L,Q8TDB6,S,212,0.250481688056888
8651,ENSG00000106443,PHF14,O94880,T,292,0.366217433045638
8653,ENSG00000122218,COPA,P53621,S,895,0.165998210922661
8654,ENSG00000197763,TXNRD3,Q86VQ6,S,41,0.356543668739791
8655,ENSG00000143217,NECTIN4,Q96NY8,S,432,0.128618697668315
8656,ENSG00000185666,SYN3,O14994,S,462,0.408609674682048
8662,ENSG00000198561,CTNND1,O60716,S,943,0.561261441908532
8665,ENSG00000120899,PTK2B,Q14289,S,394,0.226186206384814
8667,ENSG00000154240,CEP112,Q8N8E3,S,195,0.296462088489047
8669,ENSG00000154556,SORBS2,O94875,T,1053,0.205620611475372
8671,ENSG00000170456,DENND5B,Q6ZUT9,S,178,0.39649850148047
8673,ENSG00000139746,RBM26,Q5T8P6,S,795,0.270085156746127
8674,ENSG00000106665,CLIP2,Q9UDT6,S,314,0.37983296829522
8676,ENSG00000131116,ZNF428,Q96B54,T,108,0.44360583484357
8681,ENSG00000137497,NUMA1,Q14980,S,77,0.259338526840385
8682,ENSG00000092201,SUPT16H,Q9Y5B9,S,455,0.216299804156616
8683,ENSG00000068438,FTSJ1,Q9UET6,S,328,0.246771912123505
8685,ENSG00000130726,TRIM28,Q13263,S,417,0.229475268435513
8688,ENSG00000135341,MAP3K7,O43318,S,455,0.329384233501558
8690,ENSG00000176619,LMNB2,Q03252,S,175,0.276860505108998
8692,ENSG00000151292,CSNK1G3,Q9Y6M4,S,344,0.26997476987295
8693,ENSG00000131746,TNS4,Q8IZW8,S,253,0.490669648191758
8694,ENSG00000133121,STARD13,Q9Y3M8,S,416,0.275685861693432
8695,ENSG00000197822,OCLN,Q16625,S,277,0.140435508799275
8698,ENSG00000031081,ARHGAP31,Q2M1Z3,S,1036,0.150528387921886
8699,ENSG00000151725,CENPU,Q71F23,S,194,0.342778013150533
8700,ENSG00000104447,TRPS1,Q9UHF7,S,1041,0.348266256164171
8702,ENSG00000136111,TBC1D4,O60343,T,811,0.084411554777286
8706,ENSG00000044115,CTNNA1,P35221,S,268,0.327765113627932
8707,ENSG00000184661,CDCA2,Q69YH5,S,1000,0.340282629916771
8710,ENSG00000042062,RIPOR3,Q96MK2,Y,342,0.368572993140912
8711,ENSG00000138688,KIAA1109,Q2LD37,S,2363,0.202419527388184
8714,ENSG00000142686,C1orf216,Q8TAB5,S,125,0.231738174716777
8715,ENSG00000106278,PTPRZ1,P23471,T,1687,0.148273822921081
8716,ENSG00000119906,SLF2,Q8IX21,T,711,0.314896065689574
8717,ENSG00000103534,TMC5,Q6UXY8,S,143,0.0831258088572638
8719,ENSG00000179889,PDXDC1,Q6P996,S,757,0.366072274846102
8720,ENSG00000147041,SYTL5,Q8TDW5,T,247,0.35610290694732
8721,ENSG00000152104,PTPN14,Q15678,Y,485,0.524498145933899
8722,ENSG00000187800,PEAR1,Q5VY43,S,795,0.110158426394403
8725,ENSG00000125817,CENPB,P07199,S,400,0.268603975556231
8726,ENSG00000163558,PRKCI,P41743,S,247,0.364539353677972
8727,ENSG00000152223,EPG5,Q9HCE0,S,1393,0.316041594034497
8728,ENSG00000167994,RAB3IL1,Q8TBN0,S,194,0.499029653146668
8729,ENSG00000079156,OSBPL6,Q9BZF3,S,208,0.249137568439468
8730,ENSG00000124212,PTGIS,Q16647,S,221,0.216624849552903
8733,ENSG00000137857,DUOX1,Q9NRD9,S,637,0.210529404524719
8734,ENSG00000164877,MICALL2,Q8IY33,T,723,0.130366787657311
8735,ENSG00000110344,UBE4A,Q14139,S,940,0.288130125254226
8736,ENSG00000067900,ROCK1,Q13464,S,1146,0.0834624958686333
8739,ENSG00000077420,APBB1IP,Q7Z5R6,T,534,0.462346009885524
8742,ENSG00000130700,GATA5,Q9BWX5,S,313,0.365349522058716
8743,ENSG00000175931,UBE2O,Q9C0C9,S,839,0.582429032325713
8747,ENSG00000143614,GATAD2B,Q8WXI9,T,289,0.200116527883491
8748,ENSG00000104915,STX10,O60499,S,134,0.398636326223104
8749,ENSG00000068308,OTUD5,Q96G74,S,508,0.592205319399955
8753,ENSG00000116350,SRSF4,Q08170,S,448,0.611574624618546
8754,ENSG00000136828,RALGPS1,Q5JS13,S,298,0.382239565901451
8756,ENSG00000151466,SCLT1,Q96NL6,S,681,0.243705811453682
8757,ENSG00000152270,PDE3B,Q13370,S,441,0.267462793563431
8762,ENSG00000131626,PPFIA1,Q13136,S,239,0.414529825929128
8765,ENSG00000116852,KIF21B,O75037,S,1240,0.166987696583794
8768,ENSG00000197694,SPTAN1,Q13813,T,1258,0.0418145447179263
8769,ENSG00000131149,GSE1,Q14687,S,913,0.18475388035886
8771,ENSG00000082701,GSK3B,P49841,S,21,0.279270969928161
8773,ENSG00000198752,CDC42BPB,Q9Y5S2,S,1686,0.30674617688355
8775,ENSG00000134369,NAV1,Q8NEY1,T,727,0.109022096027059
8780,ENSG00000164867,NOS3,P29474,T,636,0.206903776947971
8781,ENSG00000155903,RASA2,Q15283,S,560,0.3332928822944
8783,ENSG00000108352,RAPGEFL1,Q9UHV5,S,302,0.159641654449971
8784,ENSG00000167971,CASKIN1,Q8WXD9,S,724,0.205145631529563
8785,ENSG00000198842,DUSP27,Q5VZP5,S,1065,0.108447730820294
8788,ENSG00000266714,MYO15B,Q96JP2,T,1189,0.180340431348032
8790,ENSG00000205531,NAP1L4,Q99733,T,111,0.217338596980669
8791,ENSG00000163029,SMC6,Q96SB8,S,11,0.166534694406074
8792,ENSG00000148291,SURF2,Q15527,S,59,0.168702283900972
8795,ENSG00000272886,DCP1A,Q9NPI6,S,319,0.401236795797915
8796,ENSG00000175203,DCTN2,Q13561,Y,86,0.700585094574731
8797,ENSG00000140332,TLE3,Q04726,T,312,0.704201385410101
8806,ENSG00000102316,MAGED2,Q9UNF1,S,162,0.548747478133879
8807,ENSG00000163565,IFI16,Q16666,T,123,0.415279820242619
8809,ENSG00000146676,PURB,Q96QR8,S,298,0.279887910257066
8812,ENSG00000102935,ZNF423,Q2M1K9,S,50,0.304860798624389
8815,ENSG00000214872,SMTNL1,A8MU46,S,16,0.180657883776368
8816,ENSG00000169660,HEXDC,Q8WVB3,S,477,0.228923378460391
8817,ENSG00000145901,TNIP1,Q15025,T,101,0.108470582748163
8818,ENSG00000083642,PDS5B,Q9NTI5,T,1255,0.335411573445092
8819,ENSG00000114354,TFG,Q92734,S,150,0.319035817115666
8820,ENSG00000154832,CXXC1,Q9P0U4,S,138,0.36611980417719
8825,ENSG00000132466,ANKRD17,O75179,S,1635,0.26337070032364
8826,ENSG00000184363,PKP3,Q9Y446,S,135,0.169460604513273
8827,ENSG00000164591,MYOZ3,Q8TDC0,S,49,0.300891757171338
8832,ENSG00000277443,MARCKS,P29966,S,252,0.121772526495976
8833,ENSG00000064042,LIMCH1,Q9UPQ0,S,379,0.500008786230951
8834,ENSG00000168564,CDKN2AIP,Q9NXV6,S,181,0.249745307780295
8835,ENSG00000146463,ZMYM4,Q5VZL5,S,1091,0.220263714585243
8838,ENSG00000197822,OCLN,Q16625,S,313,0.464510280896148
8839,ENSG00000070495,JMJD6,Q6NYC1,S,390,0.505537290884602
8843,ENSG00000109787,KLF3,P57682,S,78,0.665685962555031
8844,ENSG00000151503,NCAPD3,P42695,S,517,0.258736048332678
8847,ENSG00000141570,CBX8,Q9HC52,S,130,0.241580011169018
8851,ENSG00000163539,CLASP2,O75122,S,453,0.385342100026086
8855,ENSG00000175048,ZDHHC14,Q8IZN3,S,446,0.529104252958162
8856,ENSG00000136628,EPRS,P07814,S,747,0.250002754587663
8859,ENSG00000083844,ZNF264,O43296,S,155,0.374955301916107
8860,ENSG00000130706,ADRM1,Q16186,S,220,0.290829438242772
8861,ENSG00000151445,VIPAS39,Q9H9C1,S,90,0.376487164852997
8862,ENSG00000140398,NEIL1,Q96FI4,S,207,0.263267105719803
8863,ENSG00000128595,CALU,O43852,Y,47,0.583555224770351
8864,ENSG00000136122,BORA,Q6PGQ7,S,299,0.481585461890141
8866,ENSG00000059573,ALDH18A1,P54886,S,429,0.267725253962078
8868,ENSG00000153094,BCL2L11,O43521,S,94,0.59930451193117
8870,ENSG00000177963,RIC8A,Q9NPQ8,T,443,0.354813320709802
8872,ENSG00000130723,PRRC2B,Q5JSZ5,S,1754,0.172836180745671
8876,ENSG00000139921,TMX1,Q9H3N1,S,280,0.387081092045472
8878,ENSG00000168758,SEMA4C,Q9C0C4,S,832,0.269731229297289
8881,ENSG00000078674,PCM1,Q15154,S,1765,0.310565122911131
8883,ENSG00000176619,LMNB2,Q03252,S,426,0.322729007870968
8884,ENSG00000181904,C5orf24,Q7Z6I8,S,180,0.139692896983785
8886,ENSG00000146038,DCDC2,Q9UHG0,S,270,0.507510392727297
8887,ENSG00000143924,EML4,Q9HC35,S,61,0.293334653699861
8888,ENSG00000129116,PALLD,Q8WX93,S,399,0.0884635905274031
8890,ENSG00000129347,KRI1,Q8N9T8,S,622,0.284473959023675
8891,ENSG00000110514,MADD,Q8WXG6,S,689,0.201044373264988
8895,ENSG00000019144,PHLDB1,Q86UU1,S,463,0.23772615134344
8897,ENSG00000111348,ARHGDIB,P52566,S,44,0.459384996338558
8903,ENSG00000149499,EML3,Q32P44,S,197,0.279477171228406
8904,ENSG00000112297,CRYBG1,Q9Y4K1,S,461,0.24123819353639
8907,ENSG00000124942,AHNAK,Q09666,T,324,0.289736960919379
8908,ENSG00000150627,WDR17,Q8IZU2,S,333,0.331552274863796
8910,ENSG00000160050,CCDC28B,Q9BUN5,S,115,0.146735400285683
8911,ENSG00000172375,C2CD2L,O14523,T,422,0.492781935310971
8912,ENSG00000147601,TERF1,P54274,S,435,0.460766315286704
8913,ENSG00000145349,CAMK2D,Q13557,S,333,0.515893687113626
8915,ENSG00000127152,BCL11B,Q9C0K0,S,129,0.514533624674069
8917,ENSG00000149564,ESAM,Q96AP7,S,359,0.321052312830181
8918,ENSG00000119714,GPR68,Q15743,S,328,0.148181500145439
8920,ENSG00000135870,RC3H1,Q5TC82,S,779,0.424508824575497
8921,ENSG00000173175,ADCY5,O95622,S,666,0.335551938175363
8922,ENSG00000099991,CABIN1,Q9Y6J0,S,2159,0.601900472631574
8923,ENSG00000171492,LRRC8D,Q7L1W4,S,242,0.265020104468009
8924,ENSG00000110841,PPFIBP1,Q86W92,S,364,0.0951158756193017
8925,ENSG00000119638,NEK9,Q8TD19,S,738,0.120214489355166
8926,ENSG00000180182,MED14,O60244,S,1136,0.467729438490272
8927,ENSG00000168264,IRF2BP2,Q7Z5L9,S,423,0.503629893213698
8930,ENSG00000089639,GMIP,Q9P107,S,425,0.432523878204734
8932,ENSG00000085511,MAP3K4,Q9Y6R4,S,63,0.210145836080155
8933,ENSG00000185201,IFITM2,Q01629,T,7,0.243235307177896
8935,ENSG00000057019,DCBLD2,Q96PD2,T,593,0.562235947500631
8936,ENSG00000141750,STAC2,Q6ZMT1,S,221,0.239522237690284
8937,ENSG00000104093,DMXL2,Q8TDJ6,S,463,0.117754086850408
8940,ENSG00000100604,CHGA,P10645,S,98,0.163465814050917
8945,ENSG00000128829,EIF2AK4,Q9P2K8,S,572,0.114963349213079
8948,ENSG00000275066,SYNRG,Q9UMZ2,S,494,0.150766500538376
8950,ENSG00000137486,ARRB1,P49407,T,381,0.202279007509461
8952,ENSG00000141527,CARD14,Q9BXL6,S,290,0.151153532191208
8956,ENSG00000197879,MYO1C,O00159,S,29,0.111930147153837
8958,ENSG00000166501,PRKCB,P05771,S,234,0.166095144811143
8960,ENSG00000011566,MAP4K3,Q8IVH8,S,398,0.239139943102232
8961,ENSG00000065135,GNAI3,P08754,S,62,0.564550293109451
8964,ENSG00000151445,VIPAS39,Q9H9C1,S,95,0.313553069032551
8965,ENSG00000141499,WRAP53,Q9BUR4,T,81,0.2767575425132
8966,ENSG00000148735,PLEKHS1,Q5SXH7,S,170,0.178406088486265
8967,ENSG00000181555,SETD2,Q9BYW2,S,1988,0.325385737101504
8970,ENSG00000124831,LRRFIP1,Q32MZ4,S,766,0.362387530799622
8971,ENSG00000086758,HUWE1,Q7Z6Z7,S,2887,0.25310930206403
8972,ENSG00000180448,ARHGAP45,Q92619,S,99,0.413880991052347
8974,ENSG00000183530,PRR14L,Q5THK1,S,1485,0.111799757495132
8976,ENSG00000146834,MEPCE,Q7L2J0,T,287,0.243250169697572
8977,ENSG00000141699,RETREG3,Q86VR2,S,350,0.42730751772752
8978,ENSG00000117523,PRRC2C,Q9Y520,T,1500,0.266330842570722
8980,ENSG00000185950,IRS2,Q9Y4H2,S,639,0.227985091302478
8981,ENSG00000119401,TRIM32,Q13049,S,335,0.49127629863297
8986,ENSG00000057704,TMCC3,Q9ULS5,T,176,0.316737162662042
8987,ENSG00000180900,SCRIB,Q14160,S,446,0.150749204178304
8989,ENSG00000159216,RUNX1,Q01196,S,435,0.43181955025788
8990,ENSG00000106665,CLIP2,Q9UDT6,S,49,0.222234678782792
8991,ENSG00000141644,MBD1,Q9UIS9,S,391,0.36350884630631
8992,ENSG00000100139,MICALL1,Q8N3F8,S,418,0.2031505571742
8994,ENSG00000011426,ANLN,Q9NQW6,S,295,0.573438348721797
8995,ENSG00000100345,MYH9,P35579,Y,1408,0.608633867087699
8996,ENSG00000205476,CCDC85C,A6NKD9,S,185,0.346901033641561
8997,ENSG00000089351,GRAMD1A,Q96CP6,S,257,0.267908221733765
8998,ENSG00000180357,ZNF609,O15014,S,252,0.266384947717506
9000,ENSG00000083642,PDS5B,Q9NTI5,S,1165,0.275072672317155
9004,ENSG00000122786,CALD1,Q05682,S,656,0.599911395448489
9008,ENSG00000136280,CCM2,Q9BSQ5,S,15,0.622496387988959
9009,ENSG00000147457,CHMP7,Q8WUX9,S,410,0.341980566438551
9010,ENSG00000145362,ANK2,Q01484,S,2666,0.193271405968895
9012,ENSG00000140553,UNC45A,Q9H3U1,S,4,0.252645722502429
9014,ENSG00000078674,PCM1,Q15154,S,180,0.14727943160289
9015,ENSG00000116871,MAP7D1,Q3KQU3,S,123,0.218635794738152
9018,ENSG00000172869,DMXL1,Q9Y485,T,663,0.138040492509135
9019,ENSG00000124486,USP9X,Q93008,S,2443,0.655848923012072
9020,ENSG00000179348,GATA2,P23769,S,290,0.287931420129009
9021,ENSG00000182795,C1orf116,Q9BW04,S,133,0.404177365309715
9022,ENSG00000090861,AARS,P49588,S,484,0.330055333265274
9023,ENSG00000169129,AFAP1L2,Q8N4X5,Y,54,0.743145102988272
9025,ENSG00000075151,EIF4G3,O43432,S,1218,0.229585814863132
9026,ENSG00000197380,DACT3,Q96B18,T,315,0.2836222630617
9031,ENSG00000118689,FOXO3,O43524,S,438,0.143145863556993
9034,ENSG00000116128,BCL9,O00512,S,102,0.267774591082984
9035,ENSG00000168769,TET2,Q6N021,S,334,0.0945894255766205
9037,ENSG00000198920,KIAA0753,Q2KHM9,S,672,0.155192385244978
9039,ENSG00000177119,ANO6,Q4KMQ2,S,156,0.331580756718437
9040,ENSG00000061938,TNK2,Q07912,S,102,0.354534182358437
9041,ENSG00000078674,PCM1,Q15154,S,1697,0.243477383377296
9042,ENSG00000151929,BAG3,O95817,S,385,0.311315706854305
9043,ENSG00000153048,CARHSP1,Q9Y2V2,S,93,0.274445024569372
9044,ENSG00000165185,KIAA1958,Q8N8K9,S,84,0.227028640760092
9047,ENSG00000173153,ESRRA,P11474,S,26,0.352556844123878
9049,ENSG00000157259,GATAD1,Q8WUU5,S,235,0.214071019524611
9053,ENSG00000141503,MINK1,Q8N4C8,S,918,0.467507344020252
9054,ENSG00000196950,SLC39A10,Q9ULF5,T,553,0.347671144170666
9055,ENSG00000165699,TSC1,Q92574,S,584,0.309749005282138
9058,ENSG00000124177,CHD6,Q8TD26,S,36,0.259146123258892
9059,ENSG00000134532,SOX5,P35711,S,411,0.697877695297566
9062,ENSG00000163872,YEATS2,Q9ULM3,S,610,0.155928368408667
9063,ENSG00000159259,CHAF1B,Q13112,T,503,0.535278230109846
9064,ENSG00000239306,RBM14,Q96PK6,S,555,0.226351421361906
9067,ENSG00000153071,DAB2,P98082,S,742,0.126517400369419
9071,ENSG00000087053,MTMR2,Q13614,S,631,0.599082478952544
9072,ENSG00000171517,LPAR3,Q9UBY5,S,325,0.265943883876432
9074,ENSG00000111490,TBC1D30,Q9Y2I9,S,118,0.218822189768697
9075,ENSG00000164902,PHAX,Q9H814,T,349,0.360493741755303
9076,ENSG00000047849,MAP4,P27816,S,742,0.227402895931633
9078,ENSG00000068097,HEATR6,Q6AI08,S,336,0.295738246366542
9083,ENSG00000163362,INAVA,Q3KP66,S,387,0.259151048033706
9084,ENSG00000163904,SENP2,Q9HC62,S,32,0.44363780929093
9085,ENSG00000168994,PXDC1,Q5TGL8,S,150,0.265388620988343
9087,ENSG00000135069,PSAT1,Q9Y617,S,344,0.642426953682234
9088,ENSG00000138468,SENP7,Q9BQF6,S,444,0.523764206827667
9089,ENSG00000109458,GAB1,Q13480,S,253,0.314026233243244
9090,ENSG00000046651,OFD1,O75665,S,827,0.260481642065871
9092,ENSG00000090020,SLC9A1,P19634,S,602,0.393337172163373
9093,ENSG00000138771,SHROOM3,Q8TF72,T,1070,0.0614764309634663
9094,ENSG00000159461,AMFR,Q9UKV5,S,602,0.268904713299839
9095,ENSG00000152767,FARP1,Q9Y4F1,S,613,0.145957487280918
9099,ENSG00000124177,CHD6,Q8TD26,S,1839,0.246825942481994
9100,ENSG00000179632,MAF1,Q9H063,S,60,0.858931367481602
9101,ENSG00000184863,RBM33,Q96EV2,T,946,0.338637956581371
9102,ENSG00000134597,RBMX2,Q9Y388,S,232,0.120959195689114
9103,ENSG00000171634,BPTF,Q12830,S,1681,0.137139966185763
9105,ENSG00000105778,AVL9,Q8NBF6,S,323,0.236689175033869
9106,ENSG00000203485,INF2,Q27J81,S,382,0.0730405161081831
9107,ENSG00000060656,PTPRU,Q92729,T,867,0.25415514463442
9108,ENSG00000139618,BRCA2,P51587,S,3319,0.215511165544762
9110,ENSG00000124120,TTPAL,Q9BTX7,S,16,0.203438287522164
9111,ENSG00000140262,TCF12,Q99081,S,98,0.508447656883142
9112,ENSG00000104067,TJP1,Q07157,S,297,0.261212201459906
9113,ENSG00000136518,ACTL6A,O96019,S,86,0.276755580944146
9114,ENSG00000187840,EIF4EBP1,Q13541,Y,34,0.680997089127833
9115,ENSG00000125753,VASP,P50552,T,327,0.386957258331724
9116,ENSG00000088367,EPB41L1,Q9H4G0,S,461,0.293675453787889
9117,ENSG00000198216,CACNA1E,Q15878,S,793,0.160514758879812
9118,ENSG00000102981,PARD6A,Q9NPB6,S,278,0.42681024185592
9120,ENSG00000149564,ESAM,Q96AP7,T,334,0.229950701397324
9121,ENSG00000117595,IRF6,O14896,T,425,0.242883251531415
9128,ENSG00000090905,TNRC6A,Q8NDV7,S,1585,0.412829966685291
9130,ENSG00000154305,MIA3,Q5JRA6,S,1666,0.300305636100681
9131,ENSG00000198142,SOWAHC,Q53LP3,S,230,0.119841550756819
9134,ENSG00000174780,SRP72,O76094,S,625,0.530156529463437
9135,ENSG00000161202,DVL3,Q92997,S,116,0.330640868291503
9136,ENSG00000109458,GAB1,Q13480,S,367,0.173421526444048
9138,ENSG00000110063,DCPS,Q96C86,S,72,0.121543562186594
9143,ENSG00000106829,TLE4,Q04727,T,334,0.617227821312793
9151,ENSG00000146826,C7orf43,Q8WVR3,S,491,0.24890260509289
9153,ENSG00000103404,USP31,Q70CQ4,S,887,0.327607494278599
9154,ENSG00000087460,GNAS,Q5JWF2,S,532,0.249801952826331
9155,ENSG00000178913,TAF7,Q15545,S,201,0.599545787966602
9157,ENSG00000038219,BOD1L1,Q8NFC6,S,2843,0.125242849239718
9158,ENSG00000111647,UHRF1BP1L,A0JNW5,S,423,0.321253522052786
9160,ENSG00000136628,EPRS,P07814,T,746,0.21331168073892
9163,ENSG00000154274,C4orf19,Q8IY42,S,47,0.409037045236198
9164,ENSG00000186834,HEXIM1,O94992,S,66,0.16172356572804
9165,ENSG00000117602,RCAN3,Q9UKA8,S,203,0.437546355839904
9168,ENSG00000164985,PSIP1,O75475,S,513,0.338129455228873
9169,ENSG00000130717,UCK1,Q9HA47,T,251,0.302444198105972
9172,ENSG00000048828,FAM120A,Q9NZB2,S,462,0.206452020315301
9173,ENSG00000179889,PDXDC1,Q6P996,T,414,0.368342738408549
9177,ENSG00000174306,ZHX3,Q9H4I2,S,899,0.0901565199121166
9178,ENSG00000264522,OTUD7B,Q6GQQ9,T,547,0.276253302183545
9179,ENSG00000140694,PARN,O95453,S,583,0.262964321156493
9182,ENSG00000142949,PTPRF,P10586,S,1305,0.247191017339827
9184,ENSG00000105559,PLEKHA4,Q9H4M7,S,613,0.266191920552946
9185,ENSG00000175387,SMAD2,Q15796,T,8,0.746479856888864
9187,ENSG00000085733,CTTN,Q14247,T,399,0.553204602792373
9188,ENSG00000170242,USP47,Q96K76,S,896,0.228764626626034
9189,ENSG00000158792,SPATA2L,Q8IUW3,S,332,0.253736230475178
9194,ENSG00000177189,RPS6KA3,P51812,S,21,0.104068813141167
9195,ENSG00000196535,MYO18A,Q92614,S,234,0.340485025419312
9197,ENSG00000078403,MLLT10,P55197,S,436,0.308665576890236
9202,ENSG00000057294,PKP2,Q99959,S,289,0.174935511702694
9203,ENSG00000174106,LEMD3,Q9Y2U8,S,327,0.265383297851484
9204,ENSG00000041802,LSG1,Q9H089,S,11,0.363853390975516
9208,ENSG00000063046,EIF4B,P23588,T,500,0.272080992226406
9210,ENSG00000167522,ANKRD11,Q6UB99,S,857,0.198634061156875
9213,ENSG00000165699,TSC1,Q92574,S,350,0.0857308550414012
9214,ENSG00000139318,DUSP6,Q16828,S,351,0.298629447583066
9217,ENSG00000169862,CTNND2,Q9UQB3,S,1060,0.28031414486539
9218,ENSG00000168502,MTCL1,Q9Y4B5,S,232,0.108459806234695
9219,ENSG00000157851,DPYSL5,Q9BPU6,S,532,0.118533152766442
9220,ENSG00000163110,PDLIM5,Q96HC4,S,214,0.246390914368123
9221,ENSG00000005194,CIAPIN1,Q6FI81,S,305,0.29737472402125
9223,ENSG00000109079,TNFAIP1,Q13829,S,280,0.491402042842241
9225,ENSG00000128591,FLNC,Q14315,T,1413,0.0840779416726329
9228,ENSG00000141499,WRAP53,Q9BUR4,S,85,0.590139567399188
9230,ENSG00000197208,SLC22A4,Q9H015,S,537,0.173904962958545
9232,ENSG00000172572,PDE3A,Q14432,T,311,0.237773064235333
9235,ENSG00000086758,HUWE1,Q7Z6Z7,S,3560,0.177636079160697
9238,ENSG00000163507,CIP2A,Q8TCG1,S,904,0.189387713600428
9240,ENSG00000181090,EHMT1,Q9H9B1,S,383,0.243307756124846
9242,ENSG00000154553,PDLIM3,Q53GG5,S,264,0.16967173619716
9243,ENSG00000112851,ERBIN,Q96RT1,S,444,0.37493767795817
9244,ENSG00000036828,CASR,P41180,S,901,0.22124627240498
9246,ENSG00000198752,CDC42BPB,Q9Y5S2,S,474,0.148449759151208
9247,ENSG00000058453,CROCC,Q5TZA2,S,462,0.123719211873636
9248,ENSG00000177169,ULK1,O75385,T,468,0.316991367278088
9251,ENSG00000107816,LZTS2,Q9BRK4,S,305,0.138374229410726
9259,ENSG00000087206,UIMC1,Q96RL1,S,171,0.252029647476824
9260,ENSG00000067369,TP53BP1,Q12888,S,78,0.10422790644632
9261,ENSG00000196663,TECPR2,O15040,S,412,0.408558037283378
9263,ENSG00000167978,SRRM2,Q9UQ35,S,1415,0.274395619011326
9264,ENSG00000164008,C1orf50,Q9BV19,S,43,0.249634418509706
9269,ENSG00000144909,OSBPL11,Q9BXB4,S,179,0.366261439437604
9270,ENSG00000100139,MICALL1,Q8N3F8,T,467,0.462014667918708
9274,ENSG00000133069,TMCC2,O75069,S,438,0.442359736498613
9275,ENSG00000101220,C20orf27,Q9GZN8,S,165,0.399089378904734
9276,ENSG00000247596,TWF2,Q6IBS0,Y,309,0.639710897490775
9278,ENSG00000133392,MYH11,P35749,S,209,0.0639533923897963
9279,ENSG00000148343,MIGA2,Q7L4E1,S,224,0.371827580443548
9282,ENSG00000083896,YTHDC1,Q96MU7,S,164,0.247677664269464
9283,ENSG00000168795,ZBTB5,O15062,S,516,0.284065143009174
9284,ENSG00000149596,JPH2,Q9BR39,S,171,0.414486791200701
9285,ENSG00000217128,FNIP1,Q8TF40,S,170,0.177302151245009
9287,ENSG00000107140,TESK1,Q15569,S,603,0.130002028742463
9289,ENSG00000135631,RAB11FIP5,Q9BXF6,S,296,0.47799541721808
9290,ENSG00000137501,SYTL2,Q9HCH5,S,277,0.141296038081863
9296,ENSG00000078747,ITCH,Q96J02,S,236,0.301344613337833
9297,ENSG00000198087,CD2AP,Q9Y5K6,S,553,0.251839441456056
9298,ENSG00000130829,DUSP9,Q99956,S,16,0.313427730776825
9299,ENSG00000072786,STK10,O94804,S,374,0.0911341256382696
9301,ENSG00000163704,PRRT3,Q5FWE3,S,800,0.286923008027079
9302,ENSG00000107959,PITRM1,Q5JRX3,S,530,0.319037828885481
9303,ENSG00000182253,SYNM,O15061,S,1485,0.211227420593602
9305,ENSG00000126653,NSRP1,Q9H0G5,S,457,0.463291371450916
9306,ENSG00000141378,PTRH2,Q9Y3E5,S,57,0.402241581711627
9310,ENSG00000089220,PEBP1,P30086,S,75,0.294785887661404
9312,ENSG00000005339,CREBBP,Q92793,S,1030,0.125644949458942
9314,ENSG00000060237,WNK1,Q9H4A3,S,19,0.324991568256755
9315,ENSG00000187325,TAF9B,Q9HBM6,T,159,0.428194471156348
9317,ENSG00000184661,CDCA2,Q69YH5,S,710,0.368870012357822
9322,ENSG00000175931,UBE2O,Q9C0C9,S,431,0.26442213615464
9323,ENSG00000163795,ZNF513,Q8N8E2,S,99,0.258981234833433
9327,ENSG00000109458,GAB1,Q13480,T,207,0.117631158917005
9328,ENSG00000196872,KIAA1211L,Q6NV74,S,155,0.196452334914883
9330,ENSG00000077235,GTF3C1,Q12789,S,1868,0.231012505186078
9331,ENSG00000182827,ACBD3,Q9H3P7,S,54,0.286354715834945
9332,ENSG00000138162,TACC2,O95359,S,97,0.135938979152614
9334,ENSG00000155657,TTN,Q14247,S,265,0.403955458029115
9336,ENSG00000104529,EEF1D,P29692,T,73,0.294203713051419
9337,ENSG00000101892,ATP1B4,Q9UN42,S,12,0.245527986583621
9339,ENSG00000166579,NDEL1,Q9GZM8,T,245,0.832952812823402
9340,ENSG00000134313,KIDINS220,Q9ULH0,S,1349,0.240363674623295
9343,ENSG00000115825,PRKD3,O94806,S,41,0.522484585400263
9345,ENSG00000168386,FILIP1L,Q4L180,S,1010,0.0803516897399024
9348,ENSG00000140396,NCOA2,Q15596,S,402,0.129714454484086
9350,ENSG00000113494,PRLR,P16471,S,429,0.177399142375006
9351,ENSG00000163820,FYCO1,Q9BQS8,S,579,0.0644245742010761
9352,ENSG00000112739,PRPF4B,Q13523,T,576,0.283499523151595
9353,ENSG00000118412,CASP8AP2,Q9UKL3,S,1383,0.174444778691647
9354,ENSG00000141441,GAREM1,Q9H706,S,356,0.3174232385359
9355,ENSG00000143889,HNRNPLL,Q8WVV9,S,59,0.362524462465732
9358,ENSG00000129757,CDKN1C,P49918,S,297,0.384276933125633
9360,ENSG00000153207,AHCTF1,Q8WYP5,S,2089,0.192754017669335
9362,ENSG00000189334,S100A14,Q9HCY8,S,83,0.144920058277854
9363,ENSG00000066777,ARFGEF1,Q9Y6D6,S,275,0.0485990348630437
9364,ENSG00000144283,PKP4,Q99569,S,335,0.30095969210286
9365,ENSG00000147649,MTDH,Q86UE4,S,341,0.40713293316772
9367,ENSG00000165632,TAF3,Q5VWG9,S,199,0.432308798524561
9368,ENSG00000154783,FGD5,Q6ZNL6,S,59,0.123392352089876
9371,ENSG00000155792,DEPTOR,Q8TB45,S,145,0.183680550612616
9372,ENSG00000196376,SLC35F1,Q5T1Q4,S,374,0.18510661383538
9374,ENSG00000141750,STAC2,Q6ZMT1,S,228,0.580931777151817
9375,ENSG00000095951,HIVEP1,P15822,S,1884,0.23967844756052
9377,ENSG00000146555,SDK1,Q7Z5N4,S,2131,0.211172393798974
9378,ENSG00000106948,AKNA,Q7Z591,S,1161,0.603057219181231
9379,ENSG00000011304,PTBP1,P26599,S,464,0.0838776445580567
9383,ENSG00000112787,FBRSL1,Q9HCM7,S,790,0.507908560811429
9384,ENSG00000100354,TNRC6B,Q9UPQ9,S,1830,0.169486971125977
9385,ENSG00000121297,TSHZ3,Q63HK5,S,325,0.124957509748674
9386,ENSG00000028310,BRD9,Q9H8M2,S,56,0.487785702769408
9393,ENSG00000108557,RAI1,Q7Z5J4,S,1135,0.177468053257489
9395,ENSG00000137275,RIPK1,Q13546,S,331,0.294783804462092
9396,ENSG00000117222,RBBP5,Q15291,S,515,0.300677648898104
9398,ENSG00000059122,FLYWCH1,Q4VC44,S,192,0.164986654160652
9399,ENSG00000050438,SLC4A8,Q2Y0W8,S,259,0.220256470353623
9400,ENSG00000130396,AFDN,P55196,S,562,0.230792136660045
9403,ENSG00000052749,RRP12,Q5JTH9,T,88,0.242284090845815
9404,ENSG00000186174,BCL9L,Q86UU0,S,942,0.532364851548525
9406,ENSG00000109061,MYH1,P12882,S,1306,0.220487548478616
9408,ENSG00000160796,NBEAL2,Q6ZNJ1,S,1305,0.0605350875435247
9409,ENSG00000105289,TJP3,O95049,S,360,0.292233743570097
9410,ENSG00000197415,VEPH1,Q14D04,T,422,0.222460656207745
9413,ENSG00000196924,FLNA,P21333,S,2083,0.0873932128945573
9417,ENSG00000138592,USP8,P40818,S,400,0.203764608541874
9418,ENSG00000115977,AAK1,Q2M2I8,S,18,0.248112045332447
9419,ENSG00000135924,DNAJB2,P25686,S,168,0.369239514479184
9421,ENSG00000110713,NUP98,P52948,S,625,0.233878095964321
9424,ENSG00000213593,TMX2,Q9Y320,T,283,0.407335802901442
9426,ENSG00000164040,PGRMC2,O15173,S,94,0.24700403423517
9429,ENSG00000107263,RAPGEF1,Q13905,S,345,0.454850166279368
9430,ENSG00000135597,REPS1,Q96D71,T,459,0.457231574733194
9432,ENSG00000186212,SOWAHB,A6NEL2,S,740,0.112847084135126
9433,ENSG00000141736,ERBB2,P04626,S,819,0.604381905932968
9434,ENSG00000166598,HSP90B1,P14625,T,504,0.124728282686307
9435,ENSG00000113649,TCERG1,O14776,T,591,0.264545116598229
9436,ENSG00000105401,CDC37,Q16543,S,377,0.342457068125834
9438,ENSG00000165895,ARHGAP42,A6NI28,S,789,0.280954047518065
9441,ENSG00000135406,PRPH,P41219,S,28,0.300724217774054
9442,ENSG00000164068,RNF123,Q5XPI4,S,9,0.249450618075945
9443,ENSG00000075391,RASAL2,Q9UJF2,S,739,0.275195846939713
9446,ENSG00000124831,LRRFIP1,Q32MZ4,S,116,0.515557946967457
9448,ENSG00000137497,NUMA1,Q14980,S,1760,0.262665064747014
9449,ENSG00000106511,MEOX2,P50222,S,286,0.139973557540271
9450,ENSG00000089220,PEBP1,P30086,Y,181,0.459287756441035
9451,ENSG00000171877,FRMD5,Q7Z6J6,S,354,0.166292781114787
9452,ENSG00000151929,BAG3,O95817,S,173,0.551623304808511
9454,ENSG00000166963,MAP1A,P78559,S,874,0.0997559493007957
9458,ENSG00000106009,BRAT1,Q6PJG6,S,798,0.36949814889878
9460,ENSG00000167522,ANKRD11,Q6UB99,S,1757,0.212275455126545
9461,ENSG00000138175,ARL3,P36405,T,46,0.53679951369944
9463,ENSG00000160294,MCM3AP,O60318,T,530,0.140825350749439
9465,ENSG00000130723,PRRC2B,Q5JSZ5,S,1489,0.26443098011023
9473,ENSG00000143702,CEP170,Q5SW79,Y,502,0.365095481975665
9476,ENSG00000183840,GPR39,O43194,S,256,0.163377671098257
9478,ENSG00000145191,EIF2B5,Q13144,S,718,0.408440979365018
9479,ENSG00000103091,WDR59,Q6PJI9,S,821,0.400631351357399
9480,ENSG00000152234,ATP5F1A,P25705,S,76,0.300058328974131
9483,ENSG00000185122,HSF1,Q00613,T,369,0.596762781500838
9484,ENSG00000146426,TIAM2,Q8IVF5,S,218,0.135939334898519
9485,ENSG00000115234,SNX17,Q15036,S,331,0.370176265818277
9487,ENSG00000134369,NAV1,Q8NEY1,S,654,0.145222408939409
9488,ENSG00000198171,DDRGK1,Q96HY6,S,30,0.662266842805588
9491,ENSG00000213658,LAT,O43561,S,109,0.369105095787585
9494,ENSG00000197892,KIF13B,Q9NQT8,S,1481,0.173167306309983
9495,ENSG00000082516,GEMIN5,Q8TEQ6,S,1311,0.145036944400793
9496,ENSG00000168143,FAM83B,Q5T0W9,S,566,0.175683771884365
9498,ENSG00000150760,DOCK1,Q14185,T,1772,0.294992897855065
9499,ENSG00000149743,TRPT1,Q86TN4,S,240,0.453106361835829
9500,ENSG00000172869,DMXL1,Q9Y485,T,1383,0.0593213940174637
9501,ENSG00000044090,CUL7,Q14999,S,326,0.300727122526782
9502,ENSG00000049323,LTBP1,Q14766,S,1512,0.128230767352091
9503,ENSG00000066777,ARFGEF1,Q9Y6D6,S,684,0.0918382398651893
9504,ENSG00000196498,NCOR2,Q9Y618,T,550,0.167232685442532
9505,ENSG00000172795,DCP2,Q8IU60,S,249,0.389178758314152
9506,ENSG00000135100,HNF1A,P20823,T,74,0.330592049884504
9507,ENSG00000184524,CEND1,Q8N111,S,87,0.487624020407909
9510,ENSG00000184916,JAG2,Q9Y219,S,1123,0.186338402475417
9511,ENSG00000143493,INTS7,Q9NVH2,S,809,0.333010723766745
9512,ENSG00000106415,GLCCI1,Q86VQ1,S,258,0.57713323972297
9513,ENSG00000187867,PALM3,A6NDB9,S,126,0.307333494652558
9514,ENSG00000150457,LATS2,Q9NRM7,S,342,0.155056958111443
9516,ENSG00000125826,RBCK1,Q9BYM8,S,229,0.219299751201024
9520,ENSG00000007384,RHBDF1,Q96CC6,T,139,0.226161365199381
9521,ENSG00000145945,FAM50B,Q9Y247,S,118,0.217695131545709
9525,ENSG00000166716,ZNF592,Q92610,S,1227,0.10391967330735
9526,ENSG00000132359,RAP1GAP2,Q684P5,S,544,0.250520339686231
9527,ENSG00000143398,PIP5K1A,Q99755,S,467,0.17317299087932
9528,ENSG00000108671,PSMD11,O00231,S,17,0.097444307527729
9529,ENSG00000111077,TNS2,Q63HR2,S,118,0.203830181058716
9531,ENSG00000029363,BCLAF1,Q9NYF8,S,281,0.244867385062203
9533,ENSG00000090905,TNRC6A,Q8NDV7,T,738,0.156622610599013
9535,ENSG00000217128,FNIP1,Q8TF40,S,232,0.473553259011616
9538,ENSG00000172661,WASHC2C,Q9Y4E1,T,5,0.0802840237926782
9539,ENSG00000174373,RALGAPA1,Q6GYQ0,T,778,0.216044952943203
9541,ENSG00000132781,MUTYH,Q9UIF7,S,512,0.429883472569832
9542,ENSG00000144749,LRIG1,Q96JA1,S,975,0.176311703323855
9543,ENSG00000139083,ETV6,P41212,S,26,0.243112458005336
9545,ENSG00000113448,PDE4D,Q08499,S,715,0.549600961704842
9547,ENSG00000160299,PCNT,O95613,S,2486,0.178384758451023
9548,ENSG00000105732,ZNF574,Q6ZN55,S,164,0.434270025601778
9550,ENSG00000073584,SMARCE1,Q969G3,S,265,0.363150805938876
9553,ENSG00000163946,FAM208A,Q9UK61,S,818,0.0848435114650974
9554,ENSG00000082397,EPB41L3,Q9Y2J2,S,957,0.09386292731632
9555,ENSG00000198331,HYLS1,Q96M11,S,179,0.202582438471571
9556,ENSG00000012963,UBR7,Q8N806,S,263,0.326681362785571
9557,ENSG00000075413,MARK3,P27448,S,45,0.41159040963648
9559,ENSG00000198873,GRK5,P34947,S,590,0.184379514753843
9561,ENSG00000145703,IQGAP2,Q13576,T,716,0.219374546192175
9562,ENSG00000144283,PKP4,Q99569,T,1013,0.304025454732352
9563,ENSG00000156599,ZDHHC5,Q9C0B5,S,554,0.371753457659551
9564,ENSG00000130202,NECTIN2,Q92692,S,433,0.554944674256393
9565,ENSG00000146966,DENND2A,Q9ULE3,S,309,0.0708049786935957
9566,ENSG00000180370,PAK2,Q13177,S,36,0.3436943312446
9567,ENSG00000155755,TMEM237,Q96Q45,S,49,0.362552623337693
9570,ENSG00000137145,DENND4C,Q5VZ89,S,1064,0.0425968982339552
9571,ENSG00000153132,CLGN,O14967,S,560,0.424506535836461
9572,ENSG00000116288,PARK7,Q99497,S,57,0.161412090244525
9573,ENSG00000079156,OSBPL6,Q9BZF3,S,32,0.40682551040711
9575,ENSG00000167513,CDT1,Q9H211,S,394,0.44137050390288
9577,ENSG00000019144,PHLDB1,Q86UU1,S,638,0.0978135698891408
9580,ENSG00000089057,SLC23A2,Q9UGH3,S,81,0.476625128869454
9581,ENSG00000159784,FAM131B,Q86XD5,S,47,0.276467011455968
9582,ENSG00000089177,KIF16B,Q96L93,S,587,0.0999860106406594
9586,ENSG00000204673,AKT1S1,Q96B36,T,198,0.288402564158013
9588,ENSG00000106415,GLCCI1,Q86VQ1,S,397,0.15358133578536
9589,ENSG00000151718,WWC2,Q6AWC2,T,530,0.072985168918704
9595,ENSG00000136754,ABI1,Q8IZP0,S,240,0.480723328356369
9596,ENSG00000076944,STXBP2,Q15833,T,94,0.29836279243865
9598,ENSG00000117318,ID3,Q02535,S,5,0.646329282923633
9599,ENSG00000127124,HIVEP3,Q5T1R4,S,682,0.119969504441576
9600,ENSG00000160050,CCDC28B,Q9BUN5,S,46,0.291941573787794
9604,ENSG00000005810,MYCBP2,O75592,S,2911,0.0518463013576215
9606,ENSG00000178104,PDE4DIP,Q5VU43,S,726,0.060179820109564
9607,ENSG00000158352,SHROOM4,Q9ULL8,S,1061,0.183665019031479
9609,ENSG00000113594,LIFR,P42702,S,1077,0.199281720985899
9610,ENSG00000088986,DYNLL1,P63167,S,14,0.349516514915121
9611,ENSG00000139684,ESD,P10768,S,210,0.140116356715358
9613,ENSG00000171475,WIPF2,Q8TF74,S,282,0.23266943524466
9615,ENSG00000185658,BRWD1,Q9NSI6,S,1605,0.120045884621489
9617,ENSG00000176731,C8orf59,Q8N0T1,S,69,0.124507629255352
9618,ENSG00000104131,EIF3J,O75822,T,33,0.257994118456343
9619,ENSG00000136628,EPRS,P07814,S,813,0.163228625213721
9622,ENSG00000148356,LRSAM1,Q6UWE0,S,288,0.114920666836377
9624,ENSG00000075711,DLG1,Q12959,S,102,0.314167617282645
9625,ENSG00000122779,TRIM24,O15164,S,110,0.388844136348735
9626,ENSG00000106012,IQCE,Q6IPM2,S,590,0.435416239599677
9627,ENSG00000139546,TARBP2,Q15633,S,246,0.153521671522193
9629,ENSG00000099204,ABLIM1,O14639,T,670,0.335131046149226
9630,ENSG00000120451,SNX19,Q92543,S,699,0.492324690265431
9632,ENSG00000132005,RFX1,P22670,S,949,0.207459539667566
9633,ENSG00000147459,DOCK5,Q9H7D0,S,1805,0.177983312831809
9634,ENSG00000130724,CHMP2A,O43633,S,95,0.413616660273986
9635,ENSG00000243414,TICAM2,Q86XR7,S,22,0.489202807907845
9638,ENSG00000149357,LAMTOR1,Q6IAA8,S,113,0.189733631949583
9639,ENSG00000198586,TLK1,Q9UKI8,S,94,0.265588690478031
9641,ENSG00000104093,DMXL2,Q8TDJ6,S,945,0.362192353125296
9642,ENSG00000079308,TNS1,Q9HBL0,S,1117,0.207371042068897
9643,ENSG00000137574,TGS1,Q96RS0,T,60,0.338499560641316
9644,ENSG00000086730,LAT2,Q9GZY6,S,205,0.514472117610541
9645,ENSG00000169398,PTK2,Q05397,S,887,0.25419092187482
9647,ENSG00000177119,ANO6,Q4KMQ2,S,238,0.10465376583262
9649,ENSG00000174106,LEMD3,Q9Y2U8,S,140,0.467866841941781
9650,ENSG00000111077,TNS2,Q63HR2,S,972,0.293966921018623
9653,ENSG00000180357,ZNF609,O15014,T,1356,0.160467691818359
9656,ENSG00000100813,ACIN1,Q9UKV3,S,482,0.273169904846151
9657,ENSG00000100813,ACIN1,Q9UKV3,S,664,0.275042199709726
9658,ENSG00000115020,PIKFYVE,Q9Y2I7,S,85,0.126512920612883
9663,ENSG00000168096,ANKS3,Q6ZW76,S,320,0.400096336438427
9664,ENSG00000167548,KMT2D,O14686,S,2342,0.121840195941644
9666,ENSG00000101361,NOP56,O00567,S,314,0.447760723940231
9667,ENSG00000084234,APLP2,Q06481,Y,750,0.867745863105501
9668,ENSG00000151748,SAV1,Q9H4B6,S,27,0.539599191709617
9669,ENSG00000167258,CDK12,Q9NYV4,S,614,0.117730046539431
9671,ENSG00000198824,CHAMP1,Q96JM3,S,378,0.226877126030862
9672,ENSG00000147548,NSD3,Q9BZ95,S,129,0.203648325189048
9674,ENSG00000115306,SPTBN1,Q01082,T,2337,0.192440244100135
9675,ENSG00000137767,SQOR,Q9Y6N5,T,342,0.186407150844293
9676,ENSG00000135540,NHSL1,Q5SYE7,S,165,0.2348108174339
9677,ENSG00000165494,PCF11,O94913,T,187,0.234702540993305
9679,ENSG00000197321,SVIL,O95425,S,675,0.154909500063246
9680,ENSG00000104447,TRPS1,Q9UHF7,T,815,0.423875021886659
9681,ENSG00000205436,EXOC3L4,Q17RC7,S,52,0.15405148673372
9682,ENSG00000128881,TTBK2,Q6IQ55,S,407,0.202432545704159
9683,ENSG00000130340,SNX9,Q9Y5X1,S,183,0.278047004660882
9692,ENSG00000183621,ZNF438,Q7Z4V0,S,698,0.181649063478126
9693,ENSG00000188419,CHM,P24386,S,652,0.344587253251771
9694,ENSG00000108518,PFN1,P07737,T,102,0.33306213762742
9695,ENSG00000168264,IRF2BP2,Q7Z5L9,S,243,0.301267735178922
9697,ENSG00000141873,SLC39A3,Q9BRY0,S,125,0.368381223743696
9698,ENSG00000108599,AKAP10,O43572,S,278,0.498885069731304
9699,ENSG00000118482,PHF3,Q92576,S,299,0.167621946540674
9700,ENSG00000115464,USP34,Q70CQ2,S,3503,0.17655981342887
9701,ENSG00000170011,MYRIP,Q8NFW9,S,280,0.26325224346115
9703,ENSG00000095637,SORBS1,Q9BX66,S,704,0.179751429156263
9705,ENSG00000050405,LIMA1,Q9UHB6,T,714,0.249955560610586
9706,ENSG00000141298,SSH2,Q76I76,S,466,0.321088512076748
9708,ENSG00000129250,KIF1C,O43896,S,680,0.31109462952111
9709,ENSG00000143702,CEP170,Q5SW79,S,654,0.176352205516357
9713,ENSG00000160917,CPSF4,O95639,S,230,0.108922348927843
9716,ENSG00000132463,GRSF1,Q12849,S,244,0.449589437435905
9717,ENSG00000146950,SHROOM2,Q13796,S,159,0.0595026338382417
9724,ENSG00000159166,LAD1,O00515,S,363,0.192584090422549
9725,ENSG00000167291,TBC1D16,Q8TBP0,T,99,0.542973301837466
9727,ENSG00000150760,DOCK1,Q14185,S,1763,0.149462824839828
9728,ENSG00000174177,CTU2,Q2VPK5,S,508,0.437425256259942
9729,ENSG00000101577,LPIN2,Q92539,S,200,0.158518575850471
9730,ENSG00000197077,KIAA1671,Q9BY89,S,1292,0.0537085553154708
9731,ENSG00000138386,NAB1,Q13506,S,174,0.289544388447364
9732,ENSG00000169129,AFAP1L2,Q8N4X5,T,284,0.155345802763361
9733,ENSG00000121060,TRIM25,Q14258,S,435,0.373151491066881
9735,ENSG00000082516,GEMIN5,Q8TEQ6,S,624,0.213448947891895
9737,ENSG00000069509,FUNDC1,Q8IVP5,S,13,0.700260983174525
9738,ENSG00000101974,ATP11C,Q8NB49,T,1124,0.225981880523077
9739,ENSG00000156603,MED19,A0JLT2,T,192,0.418612821048138
9740,ENSG00000182095,TNRC18,O15417,S,1579,0.117132375973357
9741,ENSG00000167548,KMT2D,O14686,S,3837,0.215347191817644
9744,ENSG00000104833,TUBB4A,P04350,S,335,0.351125911365486
9745,ENSG00000078668,VDAC3,Q9Y277,S,165,0.200058500996623
9747,ENSG00000100084,HIRA,P54198,S,111,0.207521295241442
9748,ENSG00000125107,CNOT1,A5YKK6,S,1008,0.0486490341091607
9751,ENSG00000099326,MZF1,P28698,S,27,0.223038446760302
9753,ENSG00000120696,KBTBD7,Q8WVZ9,S,29,0.284244166815441
9755,ENSG00000130749,ZC3H4,Q9UPT8,Y,162,0.342327952522763
9759,ENSG00000165959,CLMN,Q96JQ2,S,921,0.421553206949929
9761,ENSG00000134909,ARHGAP32,A7KAX9,S,1401,0.185102469016713
9762,ENSG00000223501,VPS52,Q8N1B4,T,357,0.12715612088753
9768,ENSG00000165113,GKAP1,Q5VSY0,S,25,0.381162215009953
9769,ENSG00000147874,HAUS6,Q7Z4H7,S,429,0.141183095679889
9770,ENSG00000164830,OXR1,Q8N573,S,168,0.126512363726292
9771,ENSG00000130764,LRRC47,Q8N1G4,S,92,0.203106155651727
9772,ENSG00000135597,REPS1,Q96D71,S,143,0.39379529637414
9775,ENSG00000187840,EIF4EBP1,Q13541,T,36,0.541051171700565
9776,ENSG00000198561,CTNND1,O60716,Y,334,0.493017431690559
9777,ENSG00000119801,YPEL5,P62699,S,118,0.402068215985832
9778,ENSG00000166348,USP54,Q70EL1,S,674,0.121977300369134
9779,ENSG00000131771,PPP1R1B,Q9UD71,S,52,0.229974565720421
9780,ENSG00000130294,KIF1A,Q12756,S,932,0.0713026016882804
9783,ENSG00000157657,ZNF618,Q5T7W0,S,216,0.166194492855612
9785,ENSG00000048405,ZNF800,Q2TB10,S,426,0.448279025820522
9786,ENSG00000108515,ENO3,P13929,S,362,0.292964553559513
9788,ENSG00000111144,LTA4H,P09960,S,240,0.0914718072534207
9789,ENSG00000130940,CASZ1,Q86V15,S,720,0.338722878487913
9790,ENSG00000100503,NIN,Q8N4C6,S,1970,0.132574523180295
9792,ENSG00000135655,USP15,Q9Y4E8,S,965,0.2375056004869
9793,ENSG00000119042,SATB2,Q9UPW6,S,593,0.290537488406222
9796,ENSG00000144224,UBXN4,Q92575,S,180,0.359310186354761
9800,ENSG00000134690,CDCA8,Q53HL2,S,250,0.494322969042228
9802,ENSG00000113161,HMGCR,P04035,S,421,0.094118059650362
9803,ENSG00000095787,WAC,Q9BTA9,S,523,0.585655817775877
9804,ENSG00000158158,CNNM4,Q6P4Q7,S,660,0.358451348003015
9806,ENSG00000143079,CTTNBP2NL,Q9P2B4,S,568,0.58448840328762
9807,ENSG00000146872,TLK2,Q86UE8,S,117,0.4794883149125
9808,ENSG00000006607,FARP2,O94887,T,22,0.308249615179175
9809,ENSG00000163565,IFI16,Q16666,S,110,0.25911365704448
9811,ENSG00000159267,HLCS,P50747,S,141,0.11500169307098
9814,ENSG00000204463,BAG6,P46379,T,979,0.190934719016744
9815,ENSG00000119138,KLF9,Q13886,S,122,0.232582771573577
9821,ENSG00000146830,GIGYF1,O75420,S,28,0.613288218033969
9823,ENSG00000177311,ZBTB38,Q8NAP3,S,309,0.354821017469048
9824,ENSG00000022567,SLC45A4,Q5BKX6,S,289,0.37973271859795
9825,ENSG00000142197,DOPEY2,Q9Y3R5,S,718,0.265649551089926
9826,ENSG00000054654,SYNE2,Q8WXH0,S,4110,0.208685442402251
9827,ENSG00000137776,SLTM,Q9NWH9,S,217,0.260456138343367
9829,ENSG00000149499,EML3,Q32P44,S,887,0.323419149580679
9831,ENSG00000107937,GTPBP4,Q9BZE4,S,558,0.649687089684542
9832,ENSG00000138434,SSFA2,P28290,S,706,0.232192567702222
9834,ENSG00000154429,CCSAP,Q6IQ19,S,145,0.205660771933413
9839,ENSG00000002834,LASP1,Q14847,T,68,0.704989181417354
9840,ENSG00000096696,DSP,O14595,Y,56,0.140381499550303
9841,ENSG00000178209,PLEC,Q15149,S,757,0.108407236021763
9842,ENSG00000090905,TNRC6A,Q8NDV7,S,942,0.0763190495853581
9844,ENSG00000178074,C2orf69,Q8N8R5,S,222,0.182144534121435
9847,ENSG00000144824,PHLDB2,Q86SQ0,S,81,0.0847033010792383
9849,ENSG00000111731,C2CD5,Q86YS7,S,301,0.202366028285154
9851,ENSG00000165280,VCP,P55072,S,284,0.352230427799778
9852,ENSG00000163539,CLASP2,O75122,S,463,0.508279752057582
9854,ENSG00000099992,TBC1D10A,Q9BXI6,S,494,0.488022852266896
9856,ENSG00000110031,LPXN,O60711,S,23,0.282461493407387
9857,ENSG00000134508,CABLES1,Q8TDN4,S,168,0.211830050949814
9864,ENSG00000184432,COPB2,P35606,S,787,0.314048122789486
9865,ENSG00000131711,MAP1B,P46821,S,1144,0.253171488027313
9866,ENSG00000091542,ALKBH5,Q6P6C2,S,374,0.444120632760231
9869,ENSG00000131711,MAP1B,P46821,T,1152,0.294852897361602
9870,ENSG00000130985,UBA1,P22314,S,1044,0.133432964679848
9872,ENSG00000130234,ACE2,Q9BYF1,Y,781,0.504558957890666
9874,ENSG00000136286,MYO1G,B0I1T2,S,695,0.375077830473614
9876,ENSG00000104517,UBR5,O95071,S,1227,0.230650404061924
9879,ENSG00000124181,PLCG1,P19174,Y,771,0.870255078287334
9881,ENSG00000131828,PDHA1,P08559,T,231,0.476555253736153
9885,ENSG00000214530,STARD10,Q9Y365,T,291,0.217152789135247
9886,ENSG00000164576,SAP30L,Q9HAJ7,S,93,0.781270093796317
9890,ENSG00000241839,PLEKHO2,Q8TD55,T,224,0.413576580324687
9891,ENSG00000133083,DCLK1,O15075,T,354,0.12495886917331
9892,ENSG00000137776,SLTM,Q9NWH9,T,345,0.25120695936866
9893,ENSG00000153207,AHCTF1,Q8WYP5,S,1846,0.105057919937897
9896,ENSG00000133884,DPF2,Q92785,S,390,0.314642931357839
9897,ENSG00000150907,FOXO1,Q12778,S,301,0.476851399606627
9899,ENSG00000174718,KIAA1551,Q9HCM1,S,715,0.201176973021227
9902,ENSG00000118257,NRP2,O60462,S,901,0.14080829616682
9904,ENSG00000163736,PPBP,P02775,S,52,0.420875342091022
9905,ENSG00000033030,ZCCHC8,Q6NZY4,S,498,0.240017118378168
9907,ENSG00000158711,ELK4,P28324,S,180,0.452093647445238
9908,ENSG00000125844,RRBP1,Q9P2E9,S,896,0.100357458964532
9909,ENSG00000103335,PIEZO1,Q92508,S,1391,0.323697546483165
9911,ENSG00000131196,NFATC1,O95644,S,670,0.242391381932697
9914,ENSG00000115993,TRAK2,O60296,S,782,0.272898618050698
9916,ENSG00000204356,NELFE,P18615,S,113,0.428326862902639
9918,ENSG00000141577,CEP131,Q9UPN4,S,417,0.278773493426196
9920,ENSG00000135365,PHF21A,Q96BD5,T,444,0.412415953313362
9927,ENSG00000160948,VPS28,Q9UK41,S,62,0.25387761303343
9928,ENSG00000157483,MYO1E,Q12965,S,1009,0.18195025503821
9933,ENSG00000047648,ARHGAP6,O43182,Y,669,0.410026414156676
9934,ENSG00000173801,JUP,P14923,Y,550,0.504272376934445
9935,ENSG00000135540,NHSL1,Q5SYE7,S,1388,0.358959851713368
9937,ENSG00000169047,IRS1,P35568,S,1131,0.0795340107487537
9938,ENSG00000123200,ZC3H13,Q5T200,S,1433,0.175131167254384
9939,ENSG00000099812,MISP,Q8IVT2,S,284,0.42326294866425
9943,ENSG00000165699,TSC1,Q92574,S,1080,0.156999337075266
9945,ENSG00000067369,TP53BP1,Q12888,T,334,0.312453632217558
9946,ENSG00000186815,TPCN1,Q9ULQ1,S,766,0.388420565403683
9948,ENSG00000099992,TBC1D10A,Q9BXI6,S,503,0.33351105591342
9949,ENSG00000070081,NUCB2,P80303,T,335,0.164178672304699
9950,ENSG00000102362,SYTL4,Q96C24,S,209,0.158952417621035
9953,ENSG00000104885,DOT1L,Q8TEK3,S,471,0.250643591580759
9954,ENSG00000060709,RIMBP2,O15034,S,704,0.382240172613204
9959,ENSG00000120802,TMPO,P42166,S,370,0.507268382728126
9961,ENSG00000116299,KIAA1324,Q6UXG2,T,993,0.149245074901482
9962,ENSG00000144381,HSPD1,P10809,S,410,0.641582530160518
9963,ENSG00000006634,DBF4,Q9UBU7,S,613,0.346823961261223
9965,ENSG00000143702,CEP170,Q5SW79,S,1251,0.280792028755322
9968,ENSG00000165209,STRBP,Q96SI9,S,470,0.385133159077537
9969,ENSG00000077264,PAK3,O75914,S,220,0.191593888365744
9970,ENSG00000090615,GOLGA3,Q08378,S,107,0.197417735764156
9971,ENSG00000117114,ADGRL2,O95490,S,1112,0.208214345461195
9972,ENSG00000130764,LRRC47,Q8N1G4,S,561,0.140676221931702
9973,ENSG00000092964,DPYSL2,Q16555,S,517,0.36976870512138
9974,ENSG00000111596,CNOT2,Q9NZN8,S,172,0.102296888421603
9977,ENSG00000137497,NUMA1,Q14980,T,1812,0.322237831160683
9979,ENSG00000143373,ZNF687,Q8N1G0,S,1007,0.18583686315813
9980,ENSG00000065613,SLK,Q9H2G2,S,372,0.394313450382292
9981,ENSG00000166833,NAV2,Q8IVL1,S,1559,0.29752586113665
9983,ENSG00000103994,ZNF106,Q9H2Y7,S,937,0.312344399144549
9984,ENSG00000180921,FAM83H,Q6ZRV2,S,716,0.104931985457042
9985,ENSG00000146094,DOK3,Q7L591,S,483,0.39289437759966
9990,ENSG00000184304,PRKD1,Q15139,S,235,0.403973817018238
9991,ENSG00000008086,CDKL5,O76039,S,681,0.268869086799285
9992,ENSG00000104866,PPP1R37,O75864,S,601,0.13674201887795
9993,ENSG00000138193,PLCE1,Q9P212,S,490,0.162457075259544
9996,ENSG00000069122,ADGRF5,Q8IZF2,S,1307,0.276784829175992
9997,ENSG00000101040,ZMYND8,Q9ULU4,S,1102,0.100667085926014
9999,ENSG00000100079,LGALS2,P05162,S,77,0.197734350692819
10002,ENSG00000155158,TTC39B,Q5VTQ0,T,121,0.256899555871419
10004,ENSG00000183853,KIRREL1,Q96J84,S,737,0.407884897848289
10005,ENSG00000099381,SETD1A,O15047,S,220,0.259314184352599
10007,ENSG00000131697,NPHP4,O75161,S,868,0.146184356684021
10008,ENSG00000234545,FAM133B,Q5BKY9,S,148,0.257102810054398
10009,ENSG00000158092,NCK1,P16333,T,161,0.114294400779045
10010,ENSG00000171148,TADA3,O75528,S,330,0.151458086686544
10011,ENSG00000163399,ATP1A1,P05023,S,228,0.399683152341419
10012,ENSG00000160685,ZBTB7B,O15156,T,476,0.127593356813148
10013,ENSG00000196628,TCF4,P15884,S,372,0.43543348151514
10014,ENSG00000163539,CLASP2,O75122,S,503,0.3287349733858
10016,ENSG00000156030,ELMSAN1,Q6PJG2,S,572,0.479202840276592
10018,ENSG00000184611,KCNH7,Q9NS40,S,1189,0.305500659887735
10019,ENSG00000189241,TSPYL1,Q9H0U9,S,140,0.140248665399822
10021,ENSG00000076864,RAP1GAP,P47736,T,522,0.415440048044149
10023,ENSG00000248485,PCP4L1,A6NKN8,S,9,0.283444905325696
10024,ENSG00000132849,PATJ,Q8NI35,S,455,0.303495645350471
10027,ENSG00000105355,PLIN3,O60664,S,138,0.134786476621542
10029,ENSG00000160299,PCNT,O95613,S,2433,0.0696534964588093
10036,ENSG00000054118,THRAP3,Q9Y2W1,S,220,0.204958761484661
10038,ENSG00000185187,SIGIRR,Q6IA17,S,346,0.164953854022884
10040,ENSG00000126603,GLIS2,Q9BZE0,S,419,0.219013231544257
10041,ENSG00000187800,PEAR1,Q5VY43,S,983,0.232152955807913
10042,ENSG00000008441,NFIX,Q14938,S,280,0.675549072551615
10044,ENSG00000132694,ARHGEF11,O15085,S,1413,0.222909902556087
10049,ENSG00000116679,IVNS1ABP,Q9Y6Y0,T,272,0.275617859941328
10054,ENSG00000104419,NDRG1,Q92597,S,326,0.621004434659744
10056,ENSG00000138032,PPM1B,O75688,S,376,0.415159407163786
10058,ENSG00000154832,CXXC1,Q9P0U4,S,124,0.411426752624264
10060,ENSG00000125733,TRIP10,Q15642,S,482,0.457585784686274
10061,ENSG00000170515,PA2G4,Q9UQ80,S,383,0.362581002044368
10063,ENSG00000138434,SSFA2,P28290,S,424,0.208792617875064
10067,ENSG00000144283,PKP4,Q99569,S,1100,0.294819988546555
10068,ENSG00000138468,SENP7,Q9BQF6,S,46,0.205969068810066
10070,ENSG00000090924,PLEKHG2,Q9H7P9,S,1049,0.32384931729551
10071,ENSG00000145362,ANK2,Q01484,T,853,0.131984548918666
10072,ENSG00000005206,SPPL2B,Q8TCT7,S,550,0.208634987722152
10075,ENSG00000166689,PLEKHA7,Q6IQ23,S,545,0.384776725780463
10076,ENSG00000137868,STRA6,Q9BX79,S,605,0.159986753129081
10078,ENSG00000143337,TOR1AIP1,Q5JTV8,S,163,0.268677940979951
10079,ENSG00000197943,PLCG2,P16885,S,1236,0.109337589654429
10080,ENSG00000111647,UHRF1BP1L,A0JNW5,S,774,0.274552803873239
10084,ENSG00000163872,YEATS2,Q9ULM3,T,514,0.311072990371481
10085,ENSG00000141027,NCOR1,O75376,S,2436,0.623185579866229
10087,ENSG00000156802,ATAD2,Q6PL18,S,61,0.273592435203757
10088,ENSG00000046651,OFD1,O75665,S,764,0.281294093792191
10091,ENSG00000137177,KIF13A,Q9H1H9,S,1454,0.324561334498076
10093,ENSG00000166963,MAP1A,P78559,S,2225,0.0384045849085013
10097,ENSG00000048991,R3HDM1,Q15032,S,362,0.322757306313343
10098,ENSG00000069020,MAST4,O15021,S,248,0.334400364974339
10099,ENSG00000233276,GPX1,P07203,T,145,0.296946169938638
10100,ENSG00000099290,WASHC2A,Q641Q2,S,1054,0.363326228081116
10102,ENSG00000102606,ARHGEF7,Q14155,S,581,0.206178046631543
10104,ENSG00000154358,OBSCN,Q5VST9,S,790,0.0878482407273665
10105,ENSG00000086758,HUWE1,Q7Z6Z7,S,2365,0.223387140561681
10107,ENSG00000101333,PLCB4,Q15147,S,890,0.242039696986685
10108,ENSG00000105738,SIPA1L3,O60292,S,1440,0.305644715411637
10109,ENSG00000167996,FTH1,P02794,T,175,0.305019903604031
10111,ENSG00000143337,TOR1AIP1,Q5JTV8,S,156,0.531161217871277
10112,ENSG00000171316,CHD7,Q9P2D1,S,734,0.412535375319849
10113,ENSG00000149503,INCENP,Q9NQS7,S,894,0.645594660895598
10118,ENSG00000147130,ZMYM3,Q14202,S,1055,0.304392401486981
10119,ENSG00000133104,SPART,Q8N0X7,S,394,0.10403749080687
10121,ENSG00000113645,WWC1,Q8IX03,S,927,0.313604841282135
10123,ENSG00000133019,CHRM3,P20309,S,292,0.206089391490038
10126,ENSG00000169683,LRRC45,Q96CN5,S,337,0.216102299719004
10127,ENSG00000113368,LMNB1,P20700,S,210,0.390390731957153
10128,ENSG00000040731,CDH10,Q9Y6N8,T,701,0.411644088830267
10132,ENSG00000164197,RNF180,Q86T96,S,230,0.293779347176944
10134,ENSG00000130598,TNNI2,P48788,S,57,0.125504388101137
10136,ENSG00000185340,GAS2L1,Q99501,S,620,0.216392505924338
10140,ENSG00000129422,MTUS1,Q9ULD2,T,1204,0.339610742112816
10145,ENSG00000163539,CLASP2,O75122,S,952,0.342812014425983
10146,ENSG00000164830,OXR1,Q8N573,T,203,0.474831614896843
10147,ENSG00000101079,NDRG3,Q9UGV2,T,355,0.429366571338921
10148,ENSG00000065308,TRAM2,Q15035,S,346,0.502092219331541
10151,ENSG00000019144,PHLDB1,Q86UU1,S,291,0.193639833047289
10152,ENSG00000047849,MAP4,P27816,S,823,0.223886926637522
10153,ENSG00000084693,AGBL5,Q8NDL9,S,539,0.239780484129093
10155,ENSG00000167978,SRRM2,Q9UQ35,S,968,0.222752170998876
10156,ENSG00000114631,PODXL2,Q9NZ53,S,195,0.296744653702762
10158,ENSG00000169398,PTK2,Q05397,Y,570,0.697031185254874
10159,ENSG00000078747,ITCH,Q96J02,S,217,0.294444296590534
10160,ENSG00000104369,JPH1,Q9HDC5,S,500,0.149702540020264
10161,ENSG00000119682,AREL1,O15033,S,337,0.470133007320862
10163,ENSG00000152270,PDE3B,Q13370,S,295,0.545066312253035
10164,ENSG00000180357,ZNF609,O15014,T,817,0.261022020748948
10168,ENSG00000132950,ZMYM5,Q9UJ78,S,49,0.171645791836531
10169,ENSG00000068831,RASGRP2,Q7LDG7,S,391,0.198469969900014
10171,ENSG00000147471,PLPBP,O94903,Y,69,0.571858068006834
10172,ENSG00000133083,DCLK1,O15075,S,735,0.205714074487746
10173,ENSG00000204394,VARS,P26640,S,301,0.358411590482491
10175,ENSG00000008294,SPAG9,O60271,T,292,0.395312999957007
10179,ENSG00000075618,FSCN1,Q16658,T,239,0.332719698192379
10180,ENSG00000010322,NISCH,Q9Y2I1,S,1022,0.298382503137152
10181,ENSG00000163714,U2SURP,O15042,S,236,0.260063758171976
10182,ENSG00000187634,SAMD11,Q96NU1,S,659,0.432765368725616
10183,ENSG00000021762,OSBPL5,Q9H0X9,S,82,0.323777472620423
10188,ENSG00000115808,STRN,O43815,S,204,0.277406496741454
10190,ENSG00000134780,DAGLA,Q9Y4D2,S,727,0.408982343127905
10191,ENSG00000110048,OSBP,P22059,S,385,0.34141049097665
10197,ENSG00000166181,API5,Q9BZZ5,S,485,0.37220245889127
10198,ENSG00000141582,CBX4,O00257,S,467,0.614189669716437
10199,ENSG00000101331,CCM2L,Q9NUG4,S,200,0.119482670490884
10200,ENSG00000168488,ATXN2L,Q8WWM7,S,493,0.327458692395428
10204,ENSG00000136436,CALCOCO2,Q13137,S,388,0.491569448101634
10205,ENSG00000172613,RAD9A,Q99638,T,351,0.365434901849577
10210,ENSG00000168005,SPINDOC,Q9BUA3,S,82,0.298923953593467
10211,ENSG00000085563,ABCB1,P08183,S,661,0.282462027379698
10214,ENSG00000151474,FRMD4A,Q9P2Q2,S,368,0.353550432659162
10215,ENSG00000198000,NOL8,Q76FK4,Y,376,0.347343788104664
10216,ENSG00000129534,MIS18BP1,Q6P0N0,T,1087,0.489559548880119
10218,ENSG00000204217,BMPR2,Q13873,S,515,0.52614663750249
10220,ENSG00000124942,AHNAK,Q09666,S,5653,0.0527470477665449
10221,ENSG00000162522,KIAA1522,Q9P206,S,138,0.382793924208805
10223,ENSG00000065613,SLK,Q9H2G2,S,344,0.289095786150851
10224,ENSG00000134278,SPIRE1,Q08AE8,S,735,0.391851049566605
10225,ENSG00000198752,CDC42BPB,Q9Y5S2,S,1644,0.215967936264088
10228,ENSG00000075340,ADD2,P35612,S,11,0.414760764600145
10229,ENSG00000106415,GLCCI1,Q86VQ1,S,277,0.246546927995386
10230,ENSG00000064042,LIMCH1,Q9UPQ0,S,710,0.293426410447193
10232,ENSG00000167978,SRRM2,Q9UQ35,S,1061,0.280847811869615
10233,ENSG00000133961,NUMB,P49757,T,243,0.435772167378103
10234,ENSG00000111731,C2CD5,Q86YS7,T,285,0.408808854058154
10235,ENSG00000123352,SPATS2,Q86XZ4,S,124,0.28316173744159
10236,ENSG00000170471,RALGAPB,Q86X10,S,470,0.122732092291659
10238,ENSG00000180921,FAM83H,Q6ZRV2,S,5,0.626379094811715
10240,ENSG00000187051,RPS19BP1,Q86WX3,S,84,0.40958882770823
10241,ENSG00000124160,NCOA5,Q9HCD5,S,378,0.41300181553108
10242,ENSG00000104983,CCDC61,Q9Y6R9,T,449,0.420866859199602
10243,ENSG00000102362,SYTL4,Q96C24,S,289,0.301468846080054
10245,ENSG00000135315,CEP162,Q5TB80,S,474,0.222897986459645
10246,ENSG00000169905,TOR1AIP2,Q8NFQ8,S,120,0.50021779556378
10247,ENSG00000189114,BLOC1S3,Q6QNY0,S,32,0.17978273788717
10249,ENSG00000125414,MYH2,Q9UKX2,S,424,0.0755087421124923
10256,ENSG00000121957,GPSM2,P81274,S,483,0.47463480063809
10263,ENSG00000164896,FASTK,Q14296,S,45,0.429472008130129
10265,ENSG00000198910,L1CAM,P32004,T,1159,0.174382093235647
10267,ENSG00000087589,CASS4,Q9NQ75,Y,174,0.454715554098096
10268,ENSG00000170004,CHD3,Q12873,T,1557,0.404128965890977
10271,ENSG00000142611,PRDM16,Q9HAZ2,S,1133,0.229944997018968
10276,ENSG00000005007,UPF1,Q92900,Y,1129,0.366050806607362
10277,ENSG00000130396,AFDN,P55196,Y,1230,0.424765043825598
10278,ENSG00000204175,GPRIN2,O60269,S,142,0.22133119508349
10279,ENSG00000136068,FLNB,O75369,S,789,0.156943553628181
10280,ENSG00000130726,TRIM28,Q13263,S,784,0.268683879227376
10282,ENSG00000148773,MKI67,P46013,T,2356,0.148078534761497
10283,ENSG00000124789,NUP153,P49790,S,895,0.0827164682177819
10287,ENSG00000104067,TJP1,Q07157,Y,132,0.764345153910746
10288,ENSG00000185624,P4HB,P07237,S,427,0.216351345316317
10289,ENSG00000104369,JPH1,Q9HDC5,S,165,0.506577329101056
10290,ENSG00000100580,TMED8,Q6PL24,S,62,0.108362236624314
10294,ENSG00000089048,ESF1,Q9H501,S,134,0.247465550721586
10297,ENSG00000102030,NAA10,P41227,S,213,0.290549294611679
10298,ENSG00000170242,USP47,Q96K76,S,142,0.288217192229357
10300,ENSG00000150760,DOCK1,Q14185,S,1761,0.12227966931024
10301,ENSG00000003989,SLC7A2,P52569,S,446,0.555632502491784
10303,ENSG00000165609,NUDT5,Q9UKK9,T,45,0.350808245990084
10304,ENSG00000165646,SLC18A2,Q05940,S,511,0.485806385158092
10307,ENSG00000115183,TANC1,Q9C0D5,S,63,0.458691894979476
10310,ENSG00000007384,RHBDF1,Q96CC6,S,390,0.570929157269311
10317,ENSG00000105705,SUGP1,Q8IWZ8,S,338,0.368068921070376
10322,ENSG00000164309,CMYA5,Q8N3K9,S,2452,0.17947622868577
10323,ENSG00000172732,MUS81,Q96NY9,S,101,0.427001039863611
10324,ENSG00000188690,UROS,P10746,T,242,0.0873260165142011
10326,ENSG00000000419,DPM1,O60762,S,9,0.552275011417838
10327,ENSG00000180900,SCRIB,Q14160,S,1300,0.131077438803936
10328,ENSG00000180758,GPR157,Q5UAW9,S,325,0.219107747292385
10329,ENSG00000160299,PCNT,O95613,S,2900,0.188011297031485
10330,ENSG00000147874,HAUS6,Q7Z4H7,S,914,0.349122821690772
10332,ENSG00000080824,HSP90AA1,P07900,S,52,0.276695256367676
10333,ENSG00000154767,XPC,Q01831,T,890,0.221255776818478
10335,ENSG00000127481,UBR4,Q5T4S7,S,1647,0.419984000161897
10336,ENSG00000198682,PAPSS2,O95340,S,26,0.455320103653456
10339,ENSG00000103091,WDR59,Q6PJI9,S,822,0.511965692166872
10340,ENSG00000112379,ARFGEF3,Q5TH69,S,636,0.308680988021678
10341,ENSG00000161526,SAP30BP,Q9UHR5,S,104,0.335631902531519
10343,ENSG00000155097,ATP6V1C1,P21283,S,269,0.217368357140751
10346,ENSG00000130726,TRIM28,Q13263,S,624,0.221618545811183
10347,ENSG00000213585,VDAC1,P21796,T,107,0.350508621256988
10348,ENSG00000187800,PEAR1,Q5VY43,Y,925,0.792413917254069
10349,ENSG00000167595,PROSER3,Q2NL68,S,454,0.427418750745431
10351,ENSG00000167978,SRRM2,Q9UQ35,S,1550,0.242796270831596
10354,ENSG00000198113,TOR4A,Q9NXH8,S,106,0.314462370289584
10355,ENSG00000106688,SLC1A1,P43005,S,517,0.429422327089381
10356,ENSG00000163719,MTMR14,Q8NCE2,S,624,0.51310467726914
10358,ENSG00000180357,ZNF609,O15014,T,360,0.292437109685635
10359,ENSG00000130939,UBE4B,O95155,S,124,0.390518344413177
10361,ENSG00000132356,PRKAA1,Q13131,S,356,0.647959584057417
10363,ENSG00000139641,ESYT1,Q9BSJ8,T,1032,0.173727113279711
10365,ENSG00000196586,MYO6,Q9UM54,S,267,0.22525934780175
10367,ENSG00000182621,PLCB1,Q9NQ66,S,982,0.362904627768091
10369,ENSG00000186517,ARHGAP30,Q7Z6I6,S,1034,0.15328916178716
10371,ENSG00000111110,PPM1H,Q9ULR3,T,224,0.427657176781148
10373,ENSG00000147459,DOCK5,Q9H7D0,T,1794,0.437647837342094
10374,ENSG00000135842,FAM129A,Q9BZQ8,S,615,0.0693070698731067
10375,ENSG00000115641,FHL2,Q14192,S,74,0.261270202764799
10377,ENSG00000185567,AHNAK2,Q8IVF2,S,2006,0.0516845064523523
10378,ENSG00000143486,EIF2D,P41214,S,184,0.168533434332058
10382,ENSG00000135111,TBX3,O15119,S,432,0.477365623578923
10383,ENSG00000145425,RPS3A,P61247,S,238,0.43530650994364
10384,ENSG00000159788,RGS12,O14924,S,876,0.323835349717099
10385,ENSG00000171940,ZNF217,O75362,S,441,0.332119971539441
10386,ENSG00000165006,UBAP1,Q9NZ09,S,217,0.194486575517064
10387,ENSG00000133056,PIK3C2B,O00750,S,87,0.201654117446424
10388,ENSG00000180233,ZNRF2,Q8NHG8,S,107,0.100780169897398
10390,ENSG00000001629,ANKIB1,Q9P2G1,S,1058,0.113358891928004
10393,ENSG00000242247,ARFGAP3,Q9NP61,S,375,0.125316476609622
10396,ENSG00000131626,PPFIA1,Q13136,S,776,0.30103881424118
10400,ENSG00000143702,CEP170,Q5SW79,S,1145,0.281565306315366
10402,ENSG00000127527,EPS15L1,Q9UBC2,S,800,0.167512448123681
10404,ENSG00000166341,DCHS1,Q96JQ0,S,2995,0.140359257623289
10405,ENSG00000089902,RCOR1,Q9UKL0,S,139,0.331960019464797
10406,ENSG00000063244,U2AF2,P26368,T,119,0.122812652202713
10407,ENSG00000138443,ABI2,Q9NYB9,Y,213,0.481716619230957
10411,ENSG00000058600,POLR3E,Q9NVU0,T,521,0.109544775760493
10416,ENSG00000172375,C2CD2L,O14523,S,502,0.201666732681069
10418,ENSG00000185340,GAS2L1,Q99501,S,292,0.447381916881888
10419,ENSG00000120594,PLXDC2,Q6UX71,Y,511,0.55129563878693
10422,ENSG00000121413,ZSCAN18,Q8TBC5,S,13,0.343268450585574
10423,ENSG00000118762,PKD2,Q13563,S,76,0.531348448940177
10424,ENSG00000172572,PDE3A,Q14432,S,292,0.522025307367508
10425,ENSG00000185201,IFITM2,Q01629,S,9,0.455151727389324
10428,ENSG00000147548,NSD3,Q9BZ95,S,590,0.288284754739944
10429,ENSG00000149269,PAK1,Q13153,T,230,0.708969626917159
10432,ENSG00000091732,ZC3HC1,Q86WB0,S,357,0.411854005575788
10433,ENSG00000166165,CKB,P12277,S,4,0.367627300357738
10434,ENSG00000143476,DTL,Q9NZJ0,S,488,0.373034072197128
10437,ENSG00000112210,RAB23,Q9ULC3,S,186,0.4101827748105
10438,ENSG00000121989,ACVR2A,P27037,S,184,0.560001707631077
10439,ENSG00000140682,TGFB1I1,O43294,S,81,0.127380485469693
10442,ENSG00000185278,ZBTB37,Q5TC79,S,463,0.118817146636797
10443,ENSG00000066739,ATG2B,Q96BY7,S,899,0.316101479613235
10445,ENSG00000100813,ACIN1,Q9UKV3,S,522,0.191704386240062
10446,ENSG00000115685,PPP1R7,Q15435,S,37,0.414351321821773
10447,ENSG00000164944,VIRMA,Q69YN4,S,1759,0.232266771430513
10448,ENSG00000135631,RAB11FIP5,Q9BXF6,S,396,0.266265733641629
10449,ENSG00000147144,CCDC120,Q96HB5,T,12,0.0981293544022459
10450,ENSG00000164403,SHROOM1,Q2M3G4,S,133,0.403028492937047
10451,ENSG00000154174,TOMM70,O94826,S,91,0.834004255644986
10452,ENSG00000113758,DBN1,Q16643,T,377,0.374154958456495
10453,ENSG00000132541,RIDA,P52758,S,136,0.177577247660655
10455,ENSG00000078177,N4BP2,Q86UW6,S,906,0.0594237565661003
10458,ENSG00000111679,PTPN6,P29350,S,186,0.330527256127538
10459,ENSG00000171940,ZNF217,O75362,T,409,0.207567860153704
10460,ENSG00000157625,TAB3,Q8N5C8,S,444,0.427077788080579
10462,ENSG00000102145,GATA1,P15976,S,116,0.342476080626023
10464,ENSG00000175707,KDF1,Q8NAX2,S,209,0.254571565596971
10465,ENSG00000198561,CTNND1,O60716,S,129,0.235491675638143
10468,ENSG00000109458,GAB1,Q13480,S,402,0.384169886007598
10472,ENSG00000132780,NASP,P49321,T,700,0.351078004950808
10473,ENSG00000108821,COL1A1,P02452,S,1247,0.174841592105889
10474,ENSG00000196535,MYO18A,Q92614,S,1640,0.184608937630236
10475,ENSG00000147130,ZMYM3,Q14202,S,51,0.295553360564229
10479,ENSG00000135315,CEP162,Q5TB80,S,21,0.321547300209387
10481,ENSG00000198824,CHAMP1,Q96JM3,S,196,0.331578464195905
10483,ENSG00000127152,BCL11B,Q9C0K0,S,789,0.431539052566699
10486,ENSG00000177508,IRX3,P78415,S,365,0.512239312758366
10487,ENSG00000115760,BIRC6,Q9NR09,S,3937,0.209610667277603
10488,ENSG00000061337,LZTS1,Q9Y250,S,141,0.378983277356686
10489,ENSG00000005175,RPAP3,Q9H6T3,S,119,0.58806668055499
10490,ENSG00000080503,SMARCA2,P51531,S,588,0.311823967420227
10491,ENSG00000118482,PHF3,Q92576,T,1034,0.169121832016561
10492,ENSG00000118363,SPCS2,Q15005,S,18,0.10614428723276
10497,ENSG00000197226,TBC1D9B,Q66K14,S,420,0.297172522011643
10500,ENSG00000182718,ANXA2,A6NMY6,T,31,0.136114250400676
10501,ENSG00000130150,MOSPD2,Q8NHP6,S,266,0.15254976065581
10504,ENSG00000101856,PGRMC1,O00264,Y,113,0.825204796579426
10508,ENSG00000105173,CCNE1,P24864,S,381,0.319648516725084
10511,ENSG00000154556,SORBS2,O94875,T,290,0.100164133939656
10512,ENSG00000154153,RETREG1,Q9H6L5,S,153,0.17629750107747
10513,ENSG00000197442,MAP3K5,Q99683,S,1029,0.310227880278318
10515,ENSG00000020922,MRE11,P49959,S,558,0.316763351715756
10516,ENSG00000163902,RPN1,P04843,S,514,0.39793248888799
10517,ENSG00000152767,FARP1,Q9Y4F1,S,510,0.360469595013477
10519,ENSG00000189367,KIAA0408,Q6ZU52,S,248,0.251148223425901
10522,ENSG00000116117,PARD3B,Q8TEW8,S,1162,0.380082715534477
10524,ENSG00000117724,CENPF,P49454,S,1324,0.24504762512503
10526,ENSG00000102908,NFAT5,O94916,S,229,0.170231043129802
10528,ENSG00000148655,LRMDA,Q9H2I8,S,152,0.334227761946964
10530,ENSG00000100580,TMED8,Q6PL24,S,71,0.379423762825115
10535,ENSG00000130956,HABP4,Q5JVS0,S,97,0.409804300298538
10536,ENSG00000165215,CLDN3,O15551,T,204,0.476170777263885
10537,ENSG00000109756,RAPGEF2,Q9Y4G8,S,1316,0.121768462909639
10539,ENSG00000118058,KMT2A,Q03164,S,2611,0.201278461475917
10542,ENSG00000114127,XRN1,Q8IZH2,T,420,0.134853993074537
10545,ENSG00000148341,SH3GLB2,Q9NR46,S,395,0.155163718570974
10546,ENSG00000204519,ZNF551,Q7Z340,T,125,0.122028133047762
10549,ENSG00000137501,SYTL2,Q9HCH5,S,460,0.251900898060092
10550,ENSG00000141905,NFIC,P08651,S,284,0.484468065426468
10551,ENSG00000184368,MAP7D2,Q96T17,S,650,0.445450339867007
10553,ENSG00000112379,ARFGEF3,Q5TH69,S,1978,0.152183589751581
10554,ENSG00000136574,GATA4,P43694,S,406,0.454450477851813
10557,ENSG00000152061,RABGAP1L,Q5R372,S,11,0.0921549498006943
10558,ENSG00000158445,KCNB1,Q14721,S,783,0.17917648708648
10561,ENSG00000141002,TCF25,Q9BQ70,T,106,0.315354683592292
10562,ENSG00000105355,PLIN3,O60664,S,93,0.345215461195098
10563,ENSG00000103657,HERC1,Q15751,S,2422,0.108348767854591
10564,ENSG00000133884,DPF2,Q92785,S,151,0.0911218565930091
10565,ENSG00000173113,TRMT112,Q9UI30,S,125,0.371417577917305
10568,ENSG00000136205,TNS3,Q68CZ2,S,1293,0.147508636050873
10569,ENSG00000167100,SAMD14,Q8IZD0,S,179,0.259428052515257
10570,ENSG00000149115,TNKS1BP1,Q9C0C2,S,877,0.17910809884771
10571,ENSG00000165138,ANKS6,Q68DC2,S,734,0.461130446326519
10573,ENSG00000168502,MTCL1,Q9Y4B5,T,1675,0.395404435209614
10574,ENSG00000157895,C12orf43,Q96C57,S,223,0.310158153817146
10577,ENSG00000144749,LRIG1,Q96JA1,S,970,0.1457349421956
10578,ENSG00000143850,PLEKHA6,Q9Y2H5,S,472,0.569636019576705
10580,ENSG00000149115,TNKS1BP1,Q9C0C2,S,295,0.173518733886928
10581,ENSG00000106211,HSPB1,P04792,S,26,0.284316940657693
10582,ENSG00000092964,DPYSL2,Q16555,S,537,0.43228164496521
10583,ENSG00000123143,PKN1,Q16512,S,608,0.322668701899048
10587,ENSG00000169957,ZNF768,Q9H5H4,S,23,0.393665531188412
10588,ENSG00000168143,FAM83B,Q5T0W9,S,803,0.307571223994918
10589,ENSG00000105576,TNPO2,O14787,S,355,0.134090231129112
10590,ENSG00000176692,FOXC2,Q99958,S,232,0.656492037160021
10591,ENSG00000070814,TCOF1,Q13428,S,997,0.256868553688565
10592,ENSG00000166848,TERF2IP,Q9NYB0,S,206,0.373428358579451
10596,ENSG00000156253,RWDD2B,P57060,T,175,0.185102320016972
10607,ENSG00000178209,PLEC,Q15149,T,4646,0.186862328343133
10609,ENSG00000165795,NDRG2,Q9UN36,T,357,0.3608430874037
10610,ENSG00000115687,PASK,Q96RG2,S,939,0.240087042605327
10612,ENSG00000112851,ERBIN,Q96RT1,S,800,0.19689182374098
10613,ENSG00000116191,RALGPS2,Q86X27,S,315,0.375350306726733
10614,ENSG00000170412,GPRC5C,Q9NQ84,S,311,0.300887065020017
10615,ENSG00000139718,SETD1B,Q9UPS6,S,1298,0.208351233235762
10616,ENSG00000120896,SORBS3,O60504,T,529,0.320606719755918
10617,ENSG00000111676,ATN1,P54259,S,107,0.690420519902773
10618,ENSG00000075618,FSCN1,Q16658,S,127,0.417289711548816
10619,ENSG00000141503,MINK1,Q8N4C8,S,778,0.501311825970354
10620,ENSG00000115306,SPTBN1,Q01082,S,2041,0.180702556204351
10622,ENSG00000168906,MAT2A,P31153,S,114,0.463891276844333
10623,ENSG00000135835,KIAA1614,Q5VZ46,S,964,0.28591072838814
10625,ENSG00000116991,SIPA1L2,Q9P2F8,S,1494,0.113652144185107
10627,ENSG00000104067,TJP1,Q07157,S,1617,0.439205294098467
10629,ENSG00000154358,OBSCN,Q5VST9,S,5955,0.185551133575085
10630,ENSG00000105339,DENND3,A2RUS2,S,502,0.153549913557316
10632,ENSG00000175213,ZNF408,Q9H9D4,T,322,0.252118443133499
10633,ENSG00000155367,PPM1J,Q5JR12,S,45,0.472746405628254
10634,ENSG00000128512,DOCK4,Q8N1I0,S,1815,0.384137096207836
10639,ENSG00000197136,PCNX3,Q9H6A9,S,128,0.169269621576283
10640,ENSG00000086758,HUWE1,Q7Z6Z7,S,2362,0.283464590809116
10641,ENSG00000147642,SYBU,Q9NX95,S,42,0.228725663213143
10644,ENSG00000275066,SYNRG,Q9UMZ2,S,833,0.0790605447874074
10645,ENSG00000116649,SRM,P19623,S,147,0.105895779942114
10646,ENSG00000150477,KIAA1328,Q86T90,S,68,0.148594212820589
10647,ENSG00000137574,TGS1,Q96RS0,S,578,0.0996555878105765
10648,ENSG00000164548,TRA2A,Q13595,T,204,0.597903521983012
10650,ENSG00000165898,ISCA2,Q86U28,S,29,0.31178837971556
10651,ENSG00000155363,MOV10,Q9HCE1,S,977,0.254845531403359
10654,ENSG00000159840,ZYX,Q15942,S,142,0.374232870165781
10657,ENSG00000136280,CCM2,Q9BSQ5,S,252,0.173125049133134
10658,ENSG00000100034,PPM1F,P49593,S,10,0.223669059580175
10660,ENSG00000134759,ELP2,Q6IA86,S,122,0.190411839117192
10664,ENSG00000152661,GJA1,P17302,S,273,0.521838674827133
10667,ENSG00000082781,ITGB5,P18084,T,780,0.526279355067603
10671,ENSG00000132466,ANKRD17,O75179,S,2045,0.259287624149727
10672,ENSG00000183741,CBX6,O95503,S,280,0.564677852571207
10679,ENSG00000161010,MRNIP,Q6NTE8,S,217,0.278490864374185
10681,ENSG00000145293,ENOPH1,Q9UHY7,S,154,0.108545121166366
10684,ENSG00000004897,CDC27,P30260,S,336,0.312017876179852
10685,ENSG00000147394,ZNF185,O15231,S,541,0.0965266961573525
10686,ENSG00000173744,AGFG1,P52594,S,371,0.121844867322573
10694,ENSG00000078061,ARAF,P10398,S,212,0.670280520307374
10696,ENSG00000106263,EIF3B,P55884,S,372,0.184468157268373
10697,ENSG00000196642,RABL6,Q3YEC7,S,470,0.473229984026082
10703,ENSG00000169499,PLEKHA2,Q9HB19,T,316,0.318502179844894
10706,ENSG00000038219,BOD1L1,Q8NFC6,T,658,0.286389551837214
10709,ENSG00000108592,FTSJ3,Q8IY81,S,688,0.344484365755153
10710,ENSG00000170004,CHD3,Q12873,Y,595,0.340173257279796
10714,ENSG00000132824,SERINC3,Q13530,S,383,0.208867982335301
10715,ENSG00000078674,PCM1,Q15154,S,779,0.25743418593903
10716,ENSG00000130764,LRRC47,Q8N1G4,S,315,0.137325815722145
10717,ENSG00000165895,ARHGAP42,A6NI28,S,600,0.147488876192583
10719,ENSG00000144824,PHLDB2,Q86SQ0,S,348,0.213000675881369
10722,ENSG00000148498,PARD3,Q8TEW0,S,221,0.547656464871197
10724,ENSG00000275066,SYNRG,Q9UMZ2,S,473,0.349742987786372
10731,ENSG00000143256,PFDN2,Q9UHV9,S,12,0.0923875884414899
10734,ENSG00000100813,ACIN1,Q9UKV3,S,551,0.183621612297422
10735,ENSG00000179094,PER1,O15534,S,1263,0.265413640559417
10736,ENSG00000151458,ANKRD50,Q9ULJ7,S,1165,0.38051005666456
10738,ENSG00000119862,LGALSL,Q3ZCW2,S,24,0.269188206062829
10739,ENSG00000050405,LIMA1,Q9UHB6,S,168,0.322928937869513
10740,ENSG00000120800,UTP20,O75691,T,792,0.138624274731602
10744,ENSG00000090889,KIF4A,O95239,S,810,0.262094057734043
10747,ENSG00000136872,ALDOB,P05062,S,36,0.356875562397703
10748,ENSG00000185278,ZBTB37,Q5TC79,S,195,0.246802372840248
10749,ENSG00000103404,USP31,Q70CQ4,S,1060,0.461041947919329
10753,ENSG00000137575,SDCBP,O00560,Y,56,0.571195047504612
10757,ENSG00000113658,SMAD5,Q99717,S,465,0.685233565791254
10758,ENSG00000166224,SGPL1,O95470,S,123,0.150375410170744
10759,ENSG00000065000,AP3D1,O14617,S,764,0.351596074285661
10760,ENSG00000148426,PROSER2,Q86WR7,S,41,0.384596515437061
10761,ENSG00000164877,MICALL2,Q8IY33,S,122,0.200614154562603
10762,ENSG00000130939,UBE4B,O95155,T,64,0.174464618729517
10763,ENSG00000116604,MEF2D,Q14814,S,450,0.493550751012726
10764,ENSG00000163092,XIRP2,A4UGR9,S,3059,0.105584932181975
10766,ENSG00000179918,SEPHS2,Q99611,S,97,0.333480539314989
10769,ENSG00000143702,CEP170,Q5SW79,S,933,0.28278334362492
10772,ENSG00000172375,C2CD2L,O14523,Y,407,0.46592251657811
10773,ENSG00000166963,MAP1A,P78559,S,1013,0.356214816951363
10774,ENSG00000162104,ADCY9,O60503,S,706,0.143606025654048
10777,ENSG00000142192,APP,P05067,Y,757,0.957020565555213
10778,ENSG00000158417,EIF5B,O60841,Y,134,0.582125078966371
10779,ENSG00000124789,NUP153,P49790,T,281,0.322647620688043
10783,ENSG00000159784,FAM131B,Q86XD5,S,59,0.185618252026424
10787,ENSG00000127527,EPS15L1,Q9UBC2,S,434,0.121393103340339
10788,ENSG00000049246,PER3,P56645,S,923,0.207944402776885
10789,ENSG00000126705,AHDC1,Q5TGY3,S,1549,0.284144337634496
10793,ENSG00000122203,KIAA1191,Q96A73,T,175,0.483950253598465
10794,ENSG00000183495,EP400,Q6ZTU2,S,185,0.112728197466688
10795,ENSG00000164040,PGRMC2,O15173,Y,210,0.656114067844595
10796,ENSG00000060237,WNK1,Q9H4A3,S,2027,0.276462541416645
10797,ENSG00000099875,MKNK2,Q9HBH9,S,74,0.547171088919425
10799,ENSG00000136295,TTYH3,Q9C0H2,S,504,0.189569716414726
10800,ENSG00000092439,TRPM7,Q96QT4,S,1255,0.266909890871964
10801,ENSG00000160447,PKN3,Q6P5Z2,T,718,0.810945360096871
10803,ENSG00000136504,KAT7,O95251,S,52,0.431334520013719
10806,ENSG00000257103,LSM14A,Q8ND56,S,227,0.368027061146045
10809,ENSG00000185359,HGS,O14964,Y,289,0.380711900178293
10810,ENSG00000101150,TPD52L2,O43399,S,186,0.274892166780678
10811,ENSG00000070814,TCOF1,Q13428,S,111,0.197963493630622
10812,ENSG00000165801,ARHGEF40,Q8TER5,S,1513,0.127381433708033
10816,ENSG00000140471,LINS1,Q8NG48,S,619,0.478655899102444
10817,ENSG00000197892,KIF13B,Q9NQT8,S,1294,0.114349054805957
10819,ENSG00000115263,GCG,P01275,S,150,0.175010927548938
10826,ENSG00000174106,LEMD3,Q9Y2U8,S,382,0.223057967040945
10829,ENSG00000111731,C2CD5,Q86YS7,S,606,0.209800899395683
10831,ENSG00000171443,ZNF524,Q96C55,S,24,0.33792808988892
10833,ENSG00000110987,BCL7A,Q4VC05,S,173,0.361900673008157
10836,ENSG00000166025,AMOTL1,Q8IY63,S,724,0.535073485261937
10838,ENSG00000079308,TNS1,Q9HBL0,S,962,0.210910488689832
10840,ENSG00000165194,PCDH19,Q8TAB3,S,830,0.233069620275436
10841,ENSG00000133657,ATP13A3,Q9H7F0,S,817,0.3047207433654
10842,ENSG00000139263,LRIG3,Q6UXM1,S,1081,0.27910649282509
10844,ENSG00000101150,TPD52L2,O43399,S,192,0.270495560233466
10847,ENSG00000166974,MAPRE2,Q15555,T,202,0.156749396668934
10848,ENSG00000023516,AKAP11,Q9UKA4,S,1019,0.15518524926591
10849,ENSG00000179361,ARID3B,Q8IVW6,S,330,0.590676729208142
10851,ENSG00000186174,BCL9L,Q86UU0,T,514,0.402874350639503
10852,ENSG00000114942,EEF1B2,P24534,T,88,0.336051952079202
10853,ENSG00000019144,PHLDB1,Q86UU1,T,516,0.313966185302289
10856,ENSG00000157881,PANK4,Q9NVE7,S,63,0.260488620219632
10857,ENSG00000127423,AUNIP,Q9H7T9,S,267,0.320718201310793
10858,ENSG00000116871,MAP7D1,Q3KQU3,S,89,0.222672076441655
10859,ENSG00000064042,LIMCH1,Q9UPQ0,S,518,0.188456470768795
10860,ENSG00000275832,ARHGAP23,Q9P227,S,583,0.189936201222794
10863,ENSG00000106477,CEP41,Q9BYV8,S,121,0.431865112676402
10865,ENSG00000102241,HTATSF1,O43719,T,408,0.309533304976524
10866,ENSG00000144283,PKP4,Q99569,S,461,0.257609841499506
10867,ENSG00000197226,TBC1D9B,Q66K14,S,1249,0.181666454077409
10868,ENSG00000157540,DYRK1A,Q13627,S,555,0.197815986461275
10869,ENSG00000115524,SF3B1,O75533,S,322,0.476382018721294
10870,ENSG00000122958,VPS26A,O75436,S,315,0.575573177681671
10874,ENSG00000107077,KDM4C,Q9H3R0,S,429,0.157399345234061
10875,ENSG00000176953,NFATC2IP,Q8NCF5,S,234,0.4422675649001
10877,ENSG00000167978,SRRM2,Q9UQ35,S,834,0.0792941499477213
10878,ENSG00000105971,CAV2,P51636,S,20,0.384436512713294
10884,ENSG00000163166,IWS1,Q96ST2,T,53,0.122415600448282
10886,ENSG00000139977,NAA30,Q147X3,S,196,0.416858480900491
10888,ENSG00000128881,TTBK2,Q6IQ55,T,820,0.083043554005593
10889,ENSG00000074800,ENO1,P06733,T,26,0.223788522010627
10891,ENSG00000159733,ZFYVE28,Q9HCC9,S,670,0.163659428189964
10892,ENSG00000130396,AFDN,P55196,S,424,0.102731459920871
10895,ENSG00000181090,EHMT1,Q9H9B1,T,652,0.260418232616758
10899,ENSG00000189298,ZKSCAN3,Q9BRR0,S,36,0.118762384813958
10900,ENSG00000166398,KIAA0355,O15063,T,817,0.169528187785079
10901,ENSG00000105738,SIPA1L3,O60292,S,1559,0.131496661740312
10902,ENSG00000092439,TRPM7,Q96QT4,S,1488,0.111989156165355
10905,ENSG00000138101,DTNB,O60941,T,558,0.0957793808522644
10907,ENSG00000198944,SOWAHA,Q2M3V2,S,252,0.269704273945428
10908,ENSG00000108666,C17orf75,Q9HAS0,T,67,0.194407530120216
10909,ENSG00000115183,TANC1,Q9C0D5,S,465,0.165354051188954
10911,ENSG00000164916,FOXK1,P85037,T,294,0.32707518699581
10912,ENSG00000179094,PER1,O15534,S,27,0.217304376486834
10913,ENSG00000070814,TCOF1,Q13428,T,84,0.240276525199898
10917,ENSG00000101294,HM13,Q8TCT9,S,369,0.121091337169686
10919,ENSG00000106211,HSPB1,P04792,S,78,0.938428557247271
10920,ENSG00000161405,IKZF3,Q9UKT9,T,387,0.131209921909083
10922,ENSG00000102241,HTATSF1,O43719,S,409,0.331149060382225
10925,ENSG00000100354,TNRC6B,Q9UPQ9,S,195,0.134018591172416
10926,ENSG00000162522,KIAA1522,Q9P206,S,341,0.321491034776841
10928,ENSG00000180376,CCDC66,A2RUB6,S,797,0.349627004604427
10929,ENSG00000112983,BRD8,Q9H0E9,S,610,0.106771008162545
10931,ENSG00000136754,ABI1,Q8IZP0,Y,213,0.52282523996209
10932,ENSG00000133083,DCLK1,O15075,S,353,0.269225739203331
10933,ENSG00000138434,SSFA2,P28290,S,207,0.0688928712823134
10937,ENSG00000166987,MBD6,Q96DN6,S,200,0.382109355059936
10938,ENSG00000125977,EIF2S2,P20042,S,39,0.247647749573297
10939,ENSG00000128731,HERC2,O95714,T,3480,0.316575629402431
10940,ENSG00000073111,MCM2,P49736,T,39,0.329586239084606
10942,ENSG00000003987,MTMR7,Q9Y216,S,652,0.197605828801757
10945,ENSG00000176994,SMCR8,Q8TEV9,S,492,0.258840686682112
10947,ENSG00000152128,TMEM163,Q8TC26,S,37,0.128999132622119
10949,ENSG00000172943,PHF8,Q9UPP1,S,969,0.189813520317052
10952,ENSG00000105699,LSR,Q86X29,S,556,0.345514140035754
10955,ENSG00000068400,GRIPAP1,Q4V328,S,321,0.0955567537454003
10956,ENSG00000181790,ADGRB1,O14514,S,1278,0.150488884212636
10957,ENSG00000116141,MARK1,Q9P0L2,S,444,0.10118552105082
10960,ENSG00000169862,CTNND2,Q9UQB3,S,537,0.216460207667115
10963,ENSG00000106565,TMEM176B,Q3YBM2,S,254,0.315111148039434
10966,ENSG00000110713,NUP98,P52948,S,608,0.310721164923573
10967,ENSG00000108963,DPH1,Q9BZG8,S,424,0.188456782029265
10968,ENSG00000140990,NDUFB10,O96000,T,17,0.422583132193499
10969,ENSG00000167522,ANKRD11,Q6UB99,S,1296,0.106348860105085
10971,ENSG00000143476,DTL,Q9NZJ0,S,446,0.250822797678632
10973,ENSG00000138119,MYOF,Q9NZM1,S,1036,0.294577628676613
10978,ENSG00000076242,MLH1,P40692,S,388,0.533354528420267
10980,ENSG00000139116,KIF21A,Q7Z4S6,S,854,0.269171985705492
10982,ENSG00000182463,TSHZ2,Q9NRE2,S,69,0.361745066309997
10984,ENSG00000267796,LIN37,Q96GY3,S,135,0.507042234976995
10985,ENSG00000178950,GAK,O14976,S,1185,0.179914026404788
10987,ENSG00000169994,MYO7B,Q6PIF6,S,904,0.150467582807231
10988,ENSG00000076826,CAMSAP3,Q9P1Y5,S,1048,0.364029540554833
10990,ENSG00000164403,SHROOM1,Q2M3G4,S,306,0.43398012494837
10991,ENSG00000088888,MAVS,Q7Z434,S,152,0.530997000048383
10992,ENSG00000165801,ARHGEF40,Q8TER5,S,997,0.182178960268631
10993,ENSG00000163539,CLASP2,O75122,S,621,0.277393370511162
10996,ENSG00000137497,NUMA1,Q14980,T,1952,0.307763423029858
10997,ENSG00000153207,AHCTF1,Q8WYP5,S,2120,0.300055189920983
10998,ENSG00000164879,CA3,P07451,S,48,0.270584321692416
11000,ENSG00000133069,TMCC2,O75069,S,126,0.18190443683386
11003,ENSG00000154783,FGD5,Q6ZNL6,Y,820,0.672348162217155
11005,ENSG00000137076,TLN1,Q9Y490,S,1898,0.156048808130361
11008,ENSG00000141456,PELP1,Q8IZL8,T,647,0.168604276391382
11011,ENSG00000177169,ULK1,O75385,S,340,0.128120709411794
11014,ENSG00000174748,RPL15,P61313,S,187,0.390808310250381
11020,ENSG00000110031,LPXN,O60711,S,19,0.368643393291233
11023,ENSG00000151690,MFSD6,Q6ZSS7,T,726,0.150652821969101
11024,ENSG00000057019,DCBLD2,Q96PD2,S,600,0.314218272950949
11027,ENSG00000123737,EXOSC9,Q06265,S,392,0.484413637620464
11028,ENSG00000100139,MICALL1,Q8N3F8,S,471,0.590025843725824
11031,ENSG00000149596,JPH2,Q9BR39,T,477,0.42220594848968
11032,ENSG00000006047,YBX2,Q9Y2T7,S,189,0.251948762184475
11033,ENSG00000170004,CHD3,Q12873,S,597,0.305747197175646
11034,ENSG00000197415,VEPH1,Q14D04,S,425,0.146337704795766
11035,ENSG00000125798,FOXA2,Q9Y261,S,436,0.282521876717044
11037,ENSG00000143674,MAP3K21,Q5TCX8,S,614,0.590748872042879
11040,ENSG00000204673,AKT1S1,Q96B36,S,202,0.473554244933012
11042,ENSG00000103528,SYT17,Q9BSW7,S,119,0.618577304855139
11043,ENSG00000132466,ANKRD17,O75179,S,2044,0.252088469325501
11048,ENSG00000118200,CAMSAP2,Q08AD1,S,844,0.333918370431118
11049,ENSG00000173166,RAPH1,Q70E73,S,827,0.338419181179399
11050,ENSG00000109320,NFKB1,P19838,S,851,0.434930001740769
11051,ENSG00000152382,TADA1,Q96BN2,T,213,0.183711330061873
11052,ENSG00000122512,PMS2,P54278,S,403,0.368586087943249
11055,ENSG00000054598,FOXC1,Q12948,S,9,0.392874813504545
11058,ENSG00000156299,TIAM1,Q13009,S,726,0.158112238079729
11059,ENSG00000014164,ZC3H3,Q8IXZ2,S,408,0.455979213341385
11060,ENSG00000151849,CENPJ,Q9HC77,S,1125,0.172682960928549
11061,ENSG00000102243,VGLL1,Q99990,S,116,0.228360631602587
11063,ENSG00000197070,ARRDC1,Q8N5I2,S,292,0.318726193327971
11064,ENSG00000146674,IGFBP3,P17936,S,202,0.113073554324394
11069,ENSG00000106772,PRUNE2,Q8WUY3,S,597,0.337901331358189
11071,ENSG00000144744,UBA3,Q13748,S,399,0.359919383003176
11072,ENSG00000149115,TNKS1BP1,Q9C0C2,S,1558,0.21106647319093
11077,ENSG00000100889,PCK2,Q16822,S,34,0.337212388163604
11078,ENSG00000151929,BAG3,O95817,S,291,0.48389669652461
11080,ENSG00000131584,ACAP3,Q96P50,S,388,0.333751039646043
11082,ENSG00000133961,NUMB,P49757,S,425,0.328069678071023
11087,ENSG00000166887,VPS39,Q96JC1,S,441,0.271907405831009
11090,ENSG00000104980,TIMM44,O43615,S,180,0.605067753811541
11091,ENSG00000133884,DPF2,Q92785,S,113,0.494205173915102
11093,ENSG00000182899,RPL35A,P18077,T,59,0.472234407950072
11094,ENSG00000146247,PHIP,Q8WWQ0,S,674,0.430573481249804
11095,ENSG00000132694,ARHGEF11,O15085,T,254,0.356430766995475
11096,ENSG00000179588,ZFPM1,Q8IX07,S,901,0.372027791053958
11099,ENSG00000205277,MUC12,Q9UKN1,T,5424,0.134297532466019
11101,ENSG00000107404,DVL1,O14640,S,676,0.353470423666212
11107,ENSG00000119321,FKBP15,Q5T1M5,S,979,0.349257231372303
11110,ENSG00000184363,PKP3,Q9Y446,S,120,0.152050898935964
11112,ENSG00000125898,FAM110A,Q9BQ89,T,140,0.253708532170604
11113,ENSG00000132780,NASP,P49321,T,683,0.390732470076588
11115,ENSG00000139620,KANSL2,Q9H9L4,S,149,0.599191995716999
11117,ENSG00000198589,LRBA,P50851,S,2065,0.218985378032149
11119,ENSG00000100220,RTCB,Q9Y3I0,S,4,0.154442010968036
11123,ENSG00000110514,MADD,Q8WXG6,S,709,0.2274506366117
11124,ENSG00000136274,NACAD,O15069,T,175,0.125203854024655
11126,ENSG00000144040,SFXN5,Q8TD22,S,36,0.170344652157803
11127,ENSG00000136478,TEX2,Q8IWB9,S,91,0.252517725837371
11128,ENSG00000104419,NDRG1,Q92597,S,352,0.395564372127014
11129,ENSG00000019144,PHLDB1,Q86UU1,S,1002,0.31399392753626
11131,ENSG00000134508,CABLES1,Q8TDN4,S,287,0.702894564165614
11132,ENSG00000065613,SLK,Q9H2G2,T,441,0.0860973929558991
11133,ENSG00000272031,ANKRD34A,Q69YU3,S,247,0.351594332777491
11136,ENSG00000123473,STIL,Q15468,S,1135,0.269852009277467
11137,ENSG00000105072,C19orf44,Q9H6X5,S,213,0.310501487467761
11139,ENSG00000149182,ARFGAP2,Q8N6H7,S,242,0.344554742651425
11140,ENSG00000182095,TNRC18,O15417,S,2375,0.131600077822637
11141,ENSG00000179115,FARSA,Q9Y285,S,193,0.702743631402257
11142,ENSG00000110237,ARHGEF17,Q96PE2,S,762,0.176504083546343
11143,ENSG00000133392,MYH11,P35749,S,1312,0.0965834548745942
11145,ENSG00000134769,DTNA,Q9Y4J8,S,366,0.213875831967683
11148,ENSG00000188176,SMTNL2,Q2TAL5,T,99,0.181887346789381
11150,ENSG00000196218,RYR1,P21817,T,1360,0.135568735350478
11152,ENSG00000157020,SEC13,P55735,S,254,0.165407960502268
11153,ENSG00000164062,APEH,P13798,S,187,0.506690341740238
11157,ENSG00000129245,FXR2,P51116,S,601,0.313189444400397
11160,ENSG00000116871,MAP7D1,Q3KQU3,S,834,0.365901284541305
11161,ENSG00000159140,SON,P18583,S,154,0.204632825897477
11164,ENSG00000134954,ETS1,P14921,S,273,0.418352411134281
11165,ENSG00000163960,UBXN7,O94888,S,288,0.767299125001134
11166,ENSG00000105127,AKAP8,O43823,S,685,0.240533381133633
11167,ENSG00000137936,BCAR3,O75815,S,182,0.33193732943893
11168,ENSG00000147548,NSD3,Q9BZ95,T,456,0.354262179818694
11169,ENSG00000138180,CEP55,Q53EZ4,S,215,0.288521519728339
11170,ENSG00000111057,KRT18,P05783,Y,36,0.581464360935988
11171,ENSG00000154310,TNIK,Q9UKE5,T,1036,0.322787054496235
11172,ENSG00000151322,NPAS3,Q8IXF0,S,621,0.144027487726067
11174,ENSG00000154358,OBSCN,Q5VST9,T,4754,0.32466743388323
11176,ENSG00000125812,GZF1,Q9H116,S,265,0.293999570084036
11178,ENSG00000105669,COPE,O14579,S,95,0.141149343645381
11181,ENSG00000172922,RNASEH2C,Q8TDP1,S,102,0.345243254407457
11182,ENSG00000100106,TRIOBP,Q9H2D6,S,1983,0.0892133246704677
11183,ENSG00000122545,SEPT7,Q16181,S,424,0.41960621543545
11184,ENSG00000101421,CHMP4B,Q9H444,T,188,0.248142779409777
11185,ENSG00000110841,PPFIBP1,Q86W92,T,602,0.371285685720641
11186,ENSG00000166925,TSC22D4,Q9Y3Q8,S,104,0.205470580447715
11187,ENSG00000167461,RAB8A,P61006,S,111,0.443290590741929
11188,ENSG00000119042,SATB2,Q9UPW6,S,18,0.331090925302441
11189,ENSG00000173267,SNCG,O76070,S,54,0.27809941196824
11192,ENSG00000149573,MPZL2,O60487,T,214,0.476667626905922
11194,ENSG00000001084,GCLC,P48506,S,5,0.733533639725244
11195,ENSG00000136280,CCM2,Q9BSQ5,S,397,0.286435919232612
11197,ENSG00000213190,MLLT11,Q13015,S,84,0.40972429512699
11201,ENSG00000140464,PML,P29590,S,469,0.105044244875531
11202,ENSG00000134909,ARHGAP32,A7KAX9,S,1089,0.048177089582161
11206,ENSG00000162402,USP24,Q9UPU5,S,117,0.12152704708007
11208,ENSG00000171522,PTGER4,P35408,S,222,0.350549928516324
11209,ENSG00000115524,SF3B1,O75533,T,369,0.491648032024582
11210,ENSG00000172725,CORO1B,Q9BR76,S,413,0.130782803099011
11212,ENSG00000275023,MLLT6,P55198,S,378,0.215754423879684
11213,ENSG00000172893,DHCR7,Q9UBM7,T,19,0.258041581964546
11215,ENSG00000125166,GOT2,P00505,T,135,0.338933623338054
11216,ENSG00000115840,SLC25A12,O75746,S,662,0.362857121298687
11217,ENSG00000106683,LIMK1,P53667,S,271,0.181949886492544
11218,ENSG00000204160,ZDHHC18,Q9NUE0,S,49,0.172793452312456
11219,ENSG00000073910,FRY,O94915,S,1939,0.329998891159409
11221,ENSG00000139292,LGR5,O75473,S,848,0.314984723385595
11222,ENSG00000162909,CAPN2,P17655,S,462,0.540836946141036
11225,ENSG00000140750,ARHGAP17,Q68EM7,T,757,0.605147978391568
11229,ENSG00000099942,CRKL,P46109,S,222,0.590920034103007
11231,ENSG00000169710,FASN,P49327,S,2123,0.256272300845278
11232,ENSG00000107816,LZTS2,Q9BRK4,S,105,0.512294770102533
11236,ENSG00000087274,ADD1,P35611,S,645,0.196026606970444
11238,ENSG00000172977,KAT5,Q92993,S,155,0.461677396509492
11245,ENSG00000167193,CRK,P46108,S,83,0.512128801223215
11248,ENSG00000149499,EML3,Q32P44,S,207,0.338408093194653
11249,ENSG00000104067,TJP1,Q07157,S,834,0.238383444125988
11250,ENSG00000133250,ZNF414,Q96IQ9,S,296,0.236930765845589
11252,ENSG00000101577,LPIN2,Q92539,S,199,0.184040404033861
11255,ENSG00000197037,ZSCAN25,Q6NSZ9,S,267,0.207086655028026
11256,ENSG00000198947,DMD,P11532,S,3549,0.336466367788401
11258,ENSG00000198689,SLC9A6,Q92581,S,574,0.254419117732484
11259,ENSG00000136231,IGF2BP3,O00425,T,249,0.484266825604724
11260,ENSG00000175084,DES,P17661,S,301,0.186114835939271
11261,ENSG00000066455,GOLGA5,Q8TBA6,S,583,0.314052966345895
11262,ENSG00000132153,DHX30,Q7L2E3,S,226,0.331330053222822
11263,ENSG00000095637,SORBS1,Q9BX66,S,273,0.245745794322115
11264,ENSG00000152270,PDE3B,Q13370,S,318,0.866245425589725
11265,ENSG00000057935,MTA3,Q9BTC8,S,593,0.161947928797249
11267,ENSG00000140829,DHX38,Q92620,S,234,0.385510838418607
11269,ENSG00000163704,PRRT3,Q5FWE3,S,900,0.134134840904956
11270,ENSG00000198604,BAZ1A,Q9NRL2,S,1320,0.301050463413878
11274,ENSG00000186432,KPNA4,O00629,S,72,0.134550610305795
11275,ENSG00000170471,RALGAPB,Q86X10,T,734,0.501808708787997
11278,ENSG00000124782,RREB1,Q92766,S,1134,0.183941885692914
11280,ENSG00000136872,ALDOB,P05062,T,281,0.149749045509415
11281,ENSG00000166598,HSP90B1,P14625,S,64,0.393864455375886
11284,ENSG00000169258,GPRIN1,Q7Z2K8,T,60,0.321408118840353
11286,ENSG00000121068,TBX2,Q13207,S,368,0.330966711571346
11288,ENSG00000170448,NFXL1,Q6ZNB6,S,107,0.355989718642534
11291,ENSG00000198363,ASPH,Q12797,S,20,0.358181897012062
11293,ENSG00000204138,PHACTR4,Q8IZ21,S,518,0.358528395191376
11296,ENSG00000126001,CEP250,Q9BV73,S,5,0.207965559401393
11305,ENSG00000166439,RNF169,Q8NCN4,S,12,0.35992311214013
11306,ENSG00000167323,STIM1,Q13586,S,595,0.294314948002824
11311,ENSG00000141378,PTRH2,Q9Y3E5,S,62,0.268217049789196
11312,ENSG00000072195,SPEG,Q15772,S,2166,0.115540853809111
11313,ENSG00000101997,CCDC22,O60826,S,347,0.163854964117643
11314,ENSG00000068120,COASY,Q13057,S,172,0.293107235228884
11315,ENSG00000141068,KSR1,Q8IVT5,T,273,0.280016783076075
11316,ENSG00000159082,SYNJ1,O43426,S,1053,0.388869366243708
11317,ENSG00000004660,CAMKK1,Q8N5S9,S,67,0.429684157095695
11318,ENSG00000118482,PHF3,Q92576,S,702,0.130326651062092
11320,ENSG00000116793,PHTF1,Q9UMS5,S,277,0.517289225063461
11321,ENSG00000052795,FNIP2,Q9P278,S,244,0.45188964716873
11322,ENSG00000127564,PKMYT1,Q99640,T,17,0.370956405531506
11326,ENSG00000153317,ASAP1,Q9ULH1,S,738,0.410640848878521
11327,ENSG00000099942,CRKL,P46109,T,43,0.391118941616824
11328,ENSG00000135597,REPS1,Q96D71,S,709,0.652519932456246
11330,ENSG00000196220,SRGAP3,O43295,S,1069,0.130653367818408
11331,ENSG00000184675,AMER1,Q5JTC6,S,280,0.213288305279056
11333,ENSG00000167978,SRRM2,Q9UQ35,S,387,0.319013622571611
11335,ENSG00000113790,EHHADH,Q08426,T,548,0.35923309650165
11340,ENSG00000204138,PHACTR4,Q8IZ21,S,443,0.454263060674138
11341,ENSG00000171219,CDC42BPG,Q6DT37,S,1492,0.299051628240112
11342,ENSG00000178307,TMEM11,P17152,S,144,0.113848009934537
11345,ENSG00000107929,LARP4B,Q92615,T,518,0.536464256802646
11346,ENSG00000075413,MARK3,P27448,T,438,0.375731608695944
11347,ENSG00000131711,MAP1B,P46821,S,1345,0.0534157135539488
11349,ENSG00000119321,FKBP15,Q5T1M5,S,303,0.238369139357828
11350,ENSG00000084710,EFR3B,Q9Y2G0,S,689,0.244503688369729
11352,ENSG00000197457,STMN3,Q9NZ72,S,65,0.317778802868538
11354,ENSG00000197457,STMN3,Q9NZ72,S,73,0.807628493071011
11356,ENSG00000187147,RNF220,Q5VTB9,S,201,0.462782319285354
11358,ENSG00000186517,ARHGAP30,Q7Z6I6,T,1020,0.358605284983202
11364,ENSG00000132155,RAF1,P04049,S,259,0.996843601924546
11368,ENSG00000140740,UQCRC2,P22695,T,369,0.300480533314434
11369,ENSG00000132470,ITGB4,P16144,S,1515,0.323532165458955
11370,ENSG00000131378,RFTN1,Q14699,S,239,0.423122642566309
11371,ENSG00000136111,TBC1D4,O60343,S,605,0.194206398201304
11372,ENSG00000120705,ETF1,P62495,S,70,0.355166085707836
11377,ENSG00000099622,CIRBP,Q14011,S,155,0.389537663313798
11378,ENSG00000213221,DNLZ,Q5SXM8,S,171,0.299334603690489
11381,ENSG00000147144,CCDC120,Q96HB5,S,376,0.235537602822889
11383,ENSG00000117877,CD3EAP,O15446,T,282,0.305392145193559
11384,ENSG00000067900,ROCK1,Q13464,S,1108,0.21317582915595
11385,ENSG00000101745,ANKRD12,Q6UB98,T,1011,0.121968537793025
11386,ENSG00000171435,KSR2,Q6VAB6,S,313,0.370920362883511
11389,ENSG00000136950,ARPC5L,Q9BPX5,S,90,0.0916093429060723
11391,ENSG00000142864,SERBP1,Q8NC51,S,152,0.434625737847802
11392,ENSG00000183049,CAMK1D,Q8IU85,S,384,0.129709101315582
11397,ENSG00000055609,KMT2C,Q8NEZ4,S,3519,0.146577086789913
11398,ENSG00000147874,HAUS6,Q7Z4H7,S,715,0.289131915636666
11402,ENSG00000168807,SNTB2,Q13425,S,233,0.533883020306853
11405,ENSG00000170903,MSANTD4,Q8NCY6,S,152,0.22059347334561
11406,ENSG00000156299,TIAM1,Q13009,S,172,0.291030552026585
11408,ENSG00000151500,THYN1,Q9P016,S,12,0.304188825120523
11412,ENSG00000184205,TSPYL2,Q9H2G4,S,20,0.42220082245856
11413,ENSG00000172572,PDE3A,Q14432,S,575,0.290564739410863
11418,ENSG00000005436,GCFC2,P16383,S,40,0.152139091435859
11419,ENSG00000092820,EZR,P15311,S,144,0.229082301630101
11421,ENSG00000117713,ARID1A,O14497,T,1599,0.217543465726328
11422,ENSG00000170390,DCLK2,Q8N568,S,682,0.273166438765681
11424,ENSG00000146005,PSD2,Q9BQI7,S,749,0.218041223311053
11427,ENSG00000142627,EPHA2,P29317,S,570,0.347866845665254
11431,ENSG00000059769,DNAJC25,Q9H1X3,S,299,0.135837483779605
11432,ENSG00000136279,DBNL,Q9UJU6,T,270,0.366952284888011
11437,ENSG00000239672,NME1,P15531,S,122,0.450490518358169
11438,ENSG00000172270,BSG,P35613,S,368,0.364856986885773
11440,ENSG00000164591,MYOZ3,Q8TDC0,T,185,0.214019307297902
11441,ENSG00000131620,ANO1,Q5XXA6,S,221,0.240657303965585
11442,ENSG00000165119,HNRNPK,P61978,T,118,0.663636872109048
11446,ENSG00000183808,RBM12B,Q8IXT5,T,640,0.265454126452069
11447,ENSG00000121931,LRIF1,Q5T3J3,T,732,0.244574836069268
11448,ENSG00000181163,NPM1,P06748,Y,67,0.680343248083226
11451,ENSG00000146476,ARMT1,Q9H993,S,41,0.199416229745891
11452,ENSG00000124191,TOX2,Q96NM4,S,199,0.525689038145589
11456,ENSG00000155792,DEPTOR,Q8TB45,S,286,0.42787115856423
11458,ENSG00000137076,TLN1,Q9Y490,S,1589,0.309911673920073
11460,ENSG00000163714,U2SURP,O15042,S,818,0.202429789887957
11461,ENSG00000004897,CDC27,P30260,S,435,0.295606035190389
11462,ENSG00000128283,CDC42EP1,Q00587,S,195,0.363592788874133
11464,ENSG00000100154,TTC28,Q96AY4,S,2271,0.148419643067254
11466,ENSG00000182180,MRPS16,Q9Y3D3,T,130,0.514417869380777
11469,ENSG00000140396,NCOA2,Q15596,S,851,0.286047033287833
11470,ENSG00000198920,KIAA0753,Q2KHM9,S,568,0.367761221388078
11472,ENSG00000151067,CACNA1C,Q13936,S,815,0.125904682662545
11473,ENSG00000132535,DLG4,P78352,S,418,0.129047840258641
11474,ENSG00000149294,NCAM1,P13591,T,813,0.227466771847483
11475,ENSG00000142864,SERBP1,Q8NC51,S,208,0.376697427171377
11476,ENSG00000262655,SPON1,Q9HCB6,S,740,0.214490846189339
11477,ENSG00000114857,NKTR,P30414,S,613,0.429779174265157
11478,ENSG00000272333,KMT2B,Q9UMN6,T,2068,0.289752909294862
11479,ENSG00000166963,MAP1A,P78559,S,1288,0.255910153849839
11482,ENSG00000175931,UBE2O,Q9C0C9,S,439,0.138045578051227
11483,ENSG00000103510,KAT8,Q9H7Z6,S,42,0.472649314519173
11485,ENSG00000278540,ACACA,Q13085,S,1201,0.257357460976661
11486,ENSG00000075711,DLG1,Q12959,S,568,0.308963395817178
11487,ENSG00000067798,NAV3,Q8IVL0,S,1186,0.271079583308308
11488,ENSG00000198816,ZNF358,Q9NW07,S,553,0.387474026444048
11489,ENSG00000112787,FBRSL1,Q9HCM7,T,989,0.32258203845658
11490,ENSG00000271605,MILR1,Q7Z6M3,S,308,0.489361566450455
11491,ENSG00000169047,IRS1,P35568,S,337,0.118613289650873
11493,ENSG00000124198,ARFGEF2,Q9Y6D5,S,1024,0.313618070033253
11494,ENSG00000104969,SGTA,O43765,S,307,0.351854338886731
11495,ENSG00000181090,EHMT1,Q9H9B1,S,1048,0.330103814437335
11496,ENSG00000175591,P2RY2,P41231,S,356,0.123783081561064
11498,ENSG00000205531,NAP1L4,Q99733,S,54,0.358468082816927
11499,ENSG00000197728,RPS26,P62854,S,54,0.35974390606841
11504,ENSG00000104814,MAP4K1,Q92918,S,413,0.215517078177655
11505,ENSG00000135148,TRAFD1,O14545,T,552,0.386852652275148
11506,ENSG00000128050,PAICS,P22234,S,274,0.333055160412761
11507,ENSG00000112851,ERBIN,Q96RT1,S,602,0.361902857480044
11508,ENSG00000125398,SOX9,P48436,S,199,0.582889030175347
11509,ENSG00000048405,ZNF800,Q2TB10,S,419,0.433345738387627
11511,ENSG00000145725,PPIP5K2,O43314,S,982,0.286737822917366
11512,ENSG00000132466,ANKRD17,O75179,S,2047,0.350915555646394
11513,ENSG00000083838,ZNF446,Q9NWS9,T,143,0.11220808147913
11516,ENSG00000111057,KRT18,P05783,T,195,0.323727653639667
11517,ENSG00000137491,SLCO2B1,O94956,S,34,0.200750045714403
11519,ENSG00000132470,ITGB4,P16144,Y,1207,0.811931760642623
11521,ENSG00000163681,SLMAP,Q14BN4,S,448,0.16248310718497
11522,ENSG00000165832,TRUB1,Q8WWH5,S,101,0.216166146238352
11527,ENSG00000204569,PPP1R10,Q96QC0,T,269,0.347022670378681
11528,ENSG00000145362,ANK2,Q01484,T,2451,0.0943781193253319
11529,ENSG00000100731,PCNX1,Q96RV3,S,121,0.0582731587262812
11530,ENSG00000065978,YBX1,P67809,Y,162,0.517394131085668
11532,ENSG00000062650,WAPL,Q7Z5K2,S,130,0.162379570304259
11534,ENSG00000079308,TNS1,Q9HBL0,T,959,0.14438052387557
11535,ENSG00000169047,IRS1,P35568,S,449,0.347324169009121
11536,ENSG00000182158,CREB3L2,Q70SY1,S,249,0.594671748624628
11538,ENSG00000187017,ESPN,B1AK53,S,696,0.196436134705142
11539,ENSG00000165443,PHYHIPL,Q96FC7,S,25,0.161227075916708
11541,ENSG00000174106,LEMD3,Q9Y2U8,S,291,0.283351332357178
11542,ENSG00000119866,BCL11A,Q9H165,S,328,0.515372032868411
11544,ENSG00000169129,AFAP1L2,Q8N4X5,S,767,0.317073608306632
11547,ENSG00000166181,API5,Q9BZZ5,T,461,0.301817706435105
11548,ENSG00000141905,NFIC,P08651,S,304,0.327982098922271
11549,ENSG00000126746,ZNF384,Q8TF68,S,234,0.278716777621293
11550,ENSG00000197579,TOPORS,Q9NS56,T,173,0.344844564576646
11552,ENSG00000100109,TFIP11,Q9UBB9,S,392,0.128739632117216
11553,ENSG00000133275,CSNK1G2,P78368,S,366,0.405539856527998
11555,ENSG00000130939,UBE4B,O95155,S,78,0.339710162362149
11556,ENSG00000152818,UTRN,P46939,S,2213,0.200460244283862
11557,ENSG00000183808,RBM12B,Q8IXT5,T,100,0.285168354506372
11558,ENSG00000152464,RPP38,P78345,S,253,0.388680479874602
11559,ENSG00000204592,HLA-E,P13747,S,355,0.137508657528022
11560,ENSG00000055483,USP36,Q9P275,S,612,0.239597317973176
11561,ENSG00000171992,SYNPO,Q8N3V7,S,787,0.122584668311885
11562,ENSG00000257923,CUX1,P39880,S,909,0.292792098052206
11568,ENSG00000082397,EPB41L3,Q9Y2J2,S,847,0.0995302948963013
11569,ENSG00000103496,STX4,Q12846,T,31,0.324868565052528
11570,ENSG00000167978,SRRM2,Q9UQ35,S,1012,0.225894090156272
11571,ENSG00000130382,MLLT1,P55197,S,444,0.0860028221985684
11576,ENSG00000136717,BIN1,O00499,T,307,0.42514455704116
11577,ENSG00000180357,ZNF609,O15014,S,433,0.216911559416893
11578,ENSG00000113648,H2AFY,O75367,S,278,0.384360665486162
11579,ENSG00000166503,HDGFL3,Q9Y3E1,T,117,0.319852250483986
11580,ENSG00000101079,NDRG3,Q9UGV2,S,361,0.424165612962361
11582,ENSG00000203485,INF2,Q27J81,S,1136,0.0627067848087796
11583,ENSG00000136197,C7orf25,Q9BPX7,S,212,0.473751186430154
11587,ENSG00000111859,NEDD9,Q14511,S,369,0.251197949331241
11589,ENSG00000176018,LYSMD3,Q7Z3D4,T,54,0.375774641999334
11590,ENSG00000131653,TRAF7,Q6Q0C0,S,86,0.47020433514871
11594,ENSG00000103966,EHD4,Q9H223,S,162,0.349946314829305
11597,ENSG00000130939,UBE4B,O95155,S,118,0.37775801868755
11598,ENSG00000187957,DNER,Q8NFT8,S,722,0.605270579845118
11599,ENSG00000164830,OXR1,Q8N573,S,496,0.162311765779778
11600,ENSG00000196935,SRGAP1,Q7Z6B7,S,816,0.256287502102013
11601,ENSG00000054938,CHRDL2,Q6WN34,S,182,0.254447032614442
11603,ENSG00000146842,TMEM209,Q96SK2,S,278,0.440514000535179
11605,ENSG00000244486,SCARF2,Q96GP6,S,551,0.179491901328982
11607,ENSG00000178209,PLEC,Q15149,S,4681,0.171062398004626
11612,ENSG00000120913,PDLIM2,Q96JY6,S,209,0.394239491480829
11614,ENSG00000168758,SEMA4C,Q9C0C4,S,772,0.372418771981166
11617,ENSG00000164889,SLC4A2,P04920,T,257,0.310845056091325
11618,ENSG00000159267,HLCS,P50747,S,299,0.242747684803005
11620,ENSG00000121570,DPPA4,Q7L190,T,215,0.475310581702869
11621,ENSG00000197579,TOPORS,Q9NS56,S,735,0.326489477846172
11622,ENSG00000137413,TAF8,Q7Z7C8,T,162,0.565118012452934
11625,ENSG00000102302,FGD1,P98174,S,116,0.459362233791622
11627,ENSG00000178409,BEND3,Q5T5X7,S,710,0.234415067150599
11628,ENSG00000163125,RPRD2,Q5VT52,S,925,0.142097683989275
11629,ENSG00000133318,RTN3,O95197,S,591,0.143128030881626
11632,ENSG00000168958,MFF,Q9GZY8,S,233,0.332515399920885
11635,ENSG00000169594,BNC1,Q01954,S,989,0.391165178312401
11636,ENSG00000102362,SYTL4,Q96C24,T,490,0.115405330524344
11637,ENSG00000182253,SYNM,O15061,S,1384,0.0785244614178207
11638,ENSG00000146535,GNA12,Q03113,S,40,0.447565809053841
11640,ENSG00000120616,EPC1,Q9H2F5,S,535,0.429575318290425
11641,ENSG00000166068,SPRED1,Q7Z699,S,308,0.315077683115154
11644,ENSG00000183011,NAA38,Q9BRA0,S,22,0.458586720851338
11645,ENSG00000147813,NAPRT,Q6XQN6,Y,21,0.683276518934059
11646,ENSG00000165795,NDRG2,Q9UN36,S,350,0.672270884384216
11647,ENSG00000124496,TRERF1,Q96PN7,S,689,0.322410988839095
11648,ENSG00000140575,IQGAP1,P46940,Y,1284,0.533714361625293
11651,ENSG00000101447,FAM83D,Q9H4H8,T,459,0.134448467167264
11652,ENSG00000118473,SGIP1,Q9BQI5,T,263,0.237083583838128
11653,ENSG00000163605,PPP4R2,Q9NY27,S,364,0.336003796340708
11658,ENSG00000152234,ATP5F1A,P25705,S,53,0.203248136702978
11659,ENSG00000060237,WNK1,Q9H4A3,S,1978,0.28437931722683
11660,ENSG00000148343,MIGA2,Q7L4E1,S,203,0.33805124123413
11662,ENSG00000146463,ZMYM4,Q5VZL5,T,1070,0.200153837660294
11666,ENSG00000134873,CLDN10,P78369,S,199,0.50824283524508
11668,ENSG00000158352,SHROOM4,Q9ULL8,S,1020,0.167263893705966
11670,ENSG00000196586,MYO6,Q9UM54,T,405,0.230627959796092
11672,ENSG00000146038,DCDC2,Q9UHG0,S,240,0.139671381895723
11674,ENSG00000134313,KIDINS220,Q9ULH0,S,1352,0.306398608258159
11676,ENSG00000112208,BAG2,O95816,S,73,0.262859158113911
11678,ENSG00000127586,CHTF18,Q8WVB6,S,73,0.231908043942824
11679,ENSG00000152242,C18orf25,Q96B23,S,327,0.88025509269286
11681,ENSG00000181163,NPM1,P06748,S,217,0.362420388517486
11684,ENSG00000108515,ENO3,P13929,S,176,0.261249734490704
11685,ENSG00000100335,MIEF1,Q9NQG6,S,70,0.42399509107329
11686,ENSG00000173230,GOLGB1,Q14789,S,1133,0.0637042092372905
11687,ENSG00000039523,RIPOR1,Q6ZS17,S,711,0.315850404944746
11689,ENSG00000080819,CPOX,P36551,S,112,0.249299582263906
11691,ENSG00000111011,RSRC2,Q7L4I2,S,383,0.140566461200286
11694,ENSG00000172020,GAP43,P17677,S,41,0.493292074946379
11695,ENSG00000115993,TRAK2,O60296,S,780,0.530499673026348
11696,ENSG00000225830,ERCC6,Q03468,T,303,0.318612852310565
11698,ENSG00000106617,PRKAG2,Q9UGJ0,S,65,0.451276730399712
11702,ENSG00000011677,GABRA3,P34903,S,442,0.217673021287215
11705,ENSG00000173230,GOLGB1,Q14789,S,3010,0.382852339654898
11706,ENSG00000021574,SPAST,Q9UBP0,S,597,0.663579125720767
11707,ENSG00000130592,LSP1,P33241,T,184,0.305262546380722
11708,ENSG00000079841,RIMS1,Q86UR5,S,881,0.217756777209334
11709,ENSG00000187391,MAGI2,Q86UL8,S,1014,0.309843713539164
11717,ENSG00000149187,CELF1,Q92879,S,179,0.477415943948418
11718,ENSG00000069869,NEDD4,P46934,S,742,0.256895380240284
11720,ENSG00000181555,SETD2,Q9BYW2,S,1068,0.24582567216377
11725,ENSG00000105063,PPP6R1,Q9UPN7,T,725,0.134980921712185
11728,ENSG00000122566,HNRNPA2B1,P22626,S,259,0.986689129351219
11730,ENSG00000166197,NOLC1,Q14978,S,582,0.448370567497723
11732,ENSG00000112379,ARFGEF3,Q5TH69,S,1049,0.0367126351438147
11735,ENSG00000023287,RB1CC1,Q8TDY2,S,1160,0.054291095003957
11736,ENSG00000087206,UIMC1,Q96RL1,S,463,0.435184901774857
11740,ENSG00000186063,AIDA,Q96BJ3,S,144,0.386983255919961
11741,ENSG00000010818,HIVEP2,P31629,S,769,0.246918868885549
11743,ENSG00000182253,SYNM,O15061,T,819,0.0646877726315311
11746,ENSG00000145425,RPS3A,P61247,S,237,0.360090464162396
11747,ENSG00000257923,CUX1,P39880,T,1380,0.178067512555111
11750,ENSG00000051009,FAM160A2,Q8N612,T,498,0.199291962897527
11752,ENSG00000116675,DNAJC6,O75061,S,568,0.129827635292426
11754,ENSG00000176105,YES1,P07947,T,21,0.430714016952171
11756,ENSG00000147010,SH3KBP1,Q96B97,S,165,0.532360746382995
11758,ENSG00000163629,PTPN13,Q12923,S,1321,0.183291452253904
11759,ENSG00000116514,RNF19B,Q6ZMZ0,S,14,0.218362234067213
11761,ENSG00000163399,ATP1A1,P05023,T,498,0.225006321313906
11763,ENSG00000092203,TOX4,O94842,T,180,0.345383381306434
11766,ENSG00000108551,RASD1,Q9Y272,S,202,0.292853062287348
11769,ENSG00000104626,ERI1,Q8IV48,S,57,0.311720465342382
11770,ENSG00000130762,ARHGEF16,Q5VV41,S,208,0.462535723828438
11771,ENSG00000197321,SVIL,O95425,S,259,0.251734264841175
11773,ENSG00000065054,SLC9A3R2,Q15599,T,257,0.319670408281878
11777,ENSG00000108064,TFAM,Q00059,S,195,0.519251180958812
11778,ENSG00000121297,TSHZ3,Q63HK5,S,333,0.32076033116152
11779,ENSG00000033327,GAB2,Q9UQC2,S,281,0.297226245423725
11780,ENSG00000145362,ANK2,Q01484,S,3823,0.352849681160028
11781,ENSG00000169398,PTK2,Q05397,S,29,0.255117818569373
11784,ENSG00000090776,EFNB1,P98172,S,283,0.490784416874638
11789,ENSG00000131018,SYNE1,Q8NF91,S,1371,0.0567183902262821
11791,ENSG00000158220,ESYT3,A0FGR9,S,697,0.244062984731612
11792,ENSG00000110756,HPS5,Q9UPZ3,S,461,0.507439446261257
11793,ENSG00000076067,RBMS2,Q15434,S,280,0.536579849490396
11795,ENSG00000150753,CCT5,P48643,S,539,0.343514686010555
11796,ENSG00000101079,NDRG3,Q9UGV2,S,338,0.512183113693789
11797,ENSG00000169221,TBC1D10B,Q4KMP7,S,141,0.415039382261551
11800,ENSG00000198034,RPS4X,P62701,S,223,0.419783348248914
11801,ENSG00000135521,LTV1,Q96GA3,S,331,0.218767071944066
11803,ENSG00000117528,ABCD3,P28288,S,40,0.294045514576743
11804,ENSG00000103194,USP10,Q14694,T,205,0.464551546417329
11806,ENSG00000101577,LPIN2,Q92539,S,186,0.357679457063099
11807,ENSG00000110046,ATG2A,Q2TAZ0,S,1653,0.126174221211439
11808,ENSG00000105738,SIPA1L3,O60292,T,1699,0.384197283855949
11809,ENSG00000154553,PDLIM3,Q53GG5,T,149,0.479900027654044
11812,ENSG00000173517,PEAK1,Q9H792,S,1214,0.21478587967724
11814,ENSG00000166963,MAP1A,P78559,S,2126,0.0905395996307541
11815,ENSG00000104067,TJP1,Q07157,S,1025,0.0339984499322235
11816,ENSG00000103549,RNF40,O75150,T,593,0.312237006853184
11817,ENSG00000105971,CAV2,P51636,S,18,0.428747120596729
11818,ENSG00000108639,SYNGR2,O43760,S,3,0.368669716419317
11819,ENSG00000146830,GIGYF1,O75420,S,367,0.0938381379834444
11823,ENSG00000079691,CARMIL1,Q5VZK9,T,1253,0.0964189399883297
11824,ENSG00000118200,CAMSAP2,Q08AD1,S,691,0.0749281813542874
11825,ENSG00000164741,DLC1,Q96QB1,T,840,0.178189238147852
11829,ENSG00000123485,HJURP,Q8NCD3,S,595,0.393775724278789
11838,ENSG00000147050,KDM6A,O15550,S,820,0.117862767404181
11839,ENSG00000225830,ERCC6,Q03468,S,1146,0.194032450975783
11840,ENSG00000048991,R3HDM1,Q15032,S,302,0.230300369330715
11841,ENSG00000120899,PTK2B,Q14289,S,392,0.13697638815659
11842,ENSG00000172348,RCAN2,Q14206,S,116,0.493273831273225
11844,ENSG00000137872,SEMA6D,Q8NFY4,S,734,0.423367996338274
11852,ENSG00000136867,SLC31A2,O15432,S,63,0.201777977218046
11853,ENSG00000077380,DYNC1I2,Q13409,S,101,0.64497869470857
11855,ENSG00000108179,PPIF,P30405,S,123,0.133256010270249
11856,ENSG00000171853,TRAPPC12,Q8WVT3,S,109,0.383045818176077
11857,ENSG00000224531,SMIM13,P0DJ93,S,60,0.433989016578718
11858,ENSG00000066777,ARFGEF1,Q9Y6D6,S,290,0.0750024287267055
11861,ENSG00000102302,FGD1,P98174,S,82,0.244670518485227
11863,ENSG00000100802,C14orf93,Q9H972,S,130,0.231259619307678
11865,ENSG00000142867,BCL10,O95999,S,134,0.382679644605542
11867,ENSG00000181722,ZBTB20,Q9HC78,T,211,0.255954827897785
11870,ENSG00000130701,RBBP8NL,Q8NC74,S,151,0.468808844568697
11873,ENSG00000066135,KDM4A,O75164,S,410,0.202753281198472
11874,ENSG00000066279,ASPM,Q8IZT6,S,170,0.293138551135939
11879,ENSG00000124507,PACSIN1,Q9BY11,S,339,0.20339114459315
11880,ENSG00000112787,FBRSL1,Q9HCM7,S,728,0.290869967282452
11881,ENSG00000153827,TRIP12,Q14669,S,1113,0.10604434162504
11882,ENSG00000091039,OSBPL8,Q9BZF1,T,355,0.175022123554381
11883,ENSG00000186130,ZBTB6,Q15916,S,202,0.242807403709288
11885,ENSG00000143815,LBR,Q14739,S,70,0.156768596035397
11886,ENSG00000133477,FAM83F,Q8NEG4,S,101,0.322077898009752
11887,ENSG00000109458,GAB1,Q13480,S,381,0.41320489199164
11888,ENSG00000038358,EDC4,Q6P2E9,S,708,0.0861592258756563
11890,ENSG00000179889,PDXDC1,Q6P996,Y,677,0.936106828395052
11892,ENSG00000065600,TMEM206,Q9H813,Y,10,0.584497044114081
11893,ENSG00000101447,FAM83D,Q9H4H8,S,493,0.253139086986861
11894,ENSG00000169398,PTK2,Q05397,S,392,0.319702233655682
11897,ENSG00000135631,RAB11FIP5,Q9BXF6,S,359,0.271032005365211
11898,ENSG00000179094,PER1,O15534,S,592,0.154734670259221
11899,ENSG00000117036,ETV3,P41162,S,159,0.515218705772009
11900,ENSG00000204209,DAXX,Q9UER7,S,213,0.557919724570619
11901,ENSG00000148426,PROSER2,Q86WR7,S,312,0.546006594623018
11903,ENSG00000116991,SIPA1L2,Q9P2F8,T,1071,0.261776614640778
11905,ENSG00000179348,GATA2,P23769,S,192,0.5530231538921
11907,ENSG00000168137,SETD5,Q9C0A6,S,1353,0.064405311948396
11909,ENSG00000135046,ANXA1,P04083,S,201,0.20666998628744
11911,ENSG00000174799,CEP135,Q66GS9,S,253,0.36798665786479
11912,ENSG00000066654,THUMPD1,Q9NXG2,S,295,0.282068648624318
11913,ENSG00000086015,MAST2,Q6P0Q8,S,209,0.569389173794629
11914,ENSG00000174059,CD34,P28906,T,345,0.18864078505502
11915,ENSG00000179364,PACS2,Q86VP3,S,331,0.535419826823279
11916,ENSG00000138802,SEC24B,O95487,S,311,0.12167743799537
11917,ENSG00000121297,TSHZ3,Q63HK5,S,584,0.266277733842758
11919,ENSG00000120549,KIAA1217,Q5T5P2,T,1109,0.197766617774833
11920,ENSG00000196914,ARHGEF12,Q9NZN5,S,337,0.276704555366608
11922,ENSG00000163932,PRKCD,Q05655,S,506,0.665809193988013
11923,ENSG00000168005,SPINDOC,Q9BUA3,S,154,0.342100155693357
11925,ENSG00000166689,PLEKHA7,Q6IQ23,T,875,0.307370178105419
11926,ENSG00000204634,TBC1D8,O95759,S,464,0.20473049050667
11927,ENSG00000115963,RND3,P61587,S,14,0.344591813934339
11930,ENSG00000119321,FKBP15,Q5T1M5,S,1131,0.0628830501650407
11932,ENSG00000165215,CLDN3,O15551,Y,198,0.882730109508991
11936,ENSG00000096433,ITPR3,Q14573,S,937,0.211580109521363
11937,ENSG00000138658,ZGRF1,Q86YA3,S,864,0.155568792484508
11940,ENSG00000037474,NSUN2,Q08J23,S,473,0.496030121930602
11941,ENSG00000116754,SRSF11,Q05519,S,323,0.484789468370365
11942,ENSG00000172366,MCRIP2,Q9BUT9,S,60,0.355963999592975
11946,ENSG00000183963,SMTN,P53814,S,301,0.382065819969202
11947,ENSG00000160741,CRTC2,Q53ET0,S,86,0.405968419337653
11949,ENSG00000167978,SRRM2,Q9UQ35,T,2381,0.209241960840189
11951,ENSG00000022976,ZNF839,A8K0R7,S,574,0.267518743826896
11952,ENSG00000133124,IRS4,O14654,S,439,0.314435357314799
11953,ENSG00000117676,RPS6KA1,Q15418,T,359,0.554020770244714
11954,ENSG00000141376,BCAS3,Q9H6U6,S,480,0.576566511517148
11957,ENSG00000144747,TMF1,P82094,S,319,0.341261698907093
11964,ENSG00000156299,TIAM1,Q13009,S,370,0.26173937408095
11967,ENSG00000099904,ZDHHC8,Q9ULC8,S,743,0.588944348143815
11968,ENSG00000115234,SNX17,Q15036,S,336,0.593914235461342
11969,ENSG00000085733,CTTN,Q14247,S,322,0.31144985700138
11972,ENSG00000167674,HDGFL2,Q7Z4V5,S,613,0.240862084542027
11973,ENSG00000147251,DOCK11,Q5JSL3,S,296,0.283186705615303
11976,ENSG00000153317,ASAP1,Q9ULH1,S,744,0.260366472399991
11978,ENSG00000015133,CCDC88C,Q9P219,S,1432,0.209890728209276
11979,ENSG00000172985,SH3RF3,Q8TEJ3,S,797,0.255916283639848
11980,ENSG00000174720,LARP7,Q4G0J3,T,257,0.360354682690205
11982,ENSG00000107249,GLIS3,Q8NEA6,S,545,0.261672691260177
11984,ENSG00000115216,NRBP1,Q9UHY1,S,535,0.120781686267564
11985,ENSG00000114867,EIF4G1,Q04637,T,647,0.224271221595333
11986,ENSG00000175390,EIF3F,O00303,S,142,0.243579723209575
11987,ENSG00000107290,SETX,Q7Z333,S,950,0.167444857246564
11988,ENSG00000124160,NCOA5,Q9HCD5,S,9,0.399817623735279
11989,ENSG00000118200,CAMSAP2,Q08AD1,S,1268,0.252013718472067
11990,ENSG00000123636,BAZ2B,Q9UIF8,T,2014,0.325010954496246
11992,ENSG00000171723,GPHN,Q9NQX3,S,283,0.425092627802914
11994,ENSG00000173517,PEAK1,Q9H792,T,539,0.226729679562645
11995,ENSG00000111731,C2CD5,Q86YS7,T,314,0.340220031549877
11996,ENSG00000184216,IRAK1,P51617,S,556,0.149249175901139
11999,ENSG00000100802,C14orf93,Q9H972,S,166,0.148017293828911
12001,ENSG00000047365,ARAP2,Q8WZ64,S,1632,0.113054669138375
12003,ENSG00000149115,TNKS1BP1,Q9C0C2,S,1178,0.191218327541357
12004,ENSG00000158636,EMSY,Q7Z589,S,212,0.321537310004182
12005,ENSG00000196535,MYO18A,Q92614,S,51,0.21366342943985
12007,ENSG00000174485,DENND4A,Q7Z401,S,1256,0.463820840190735
12009,ENSG00000169641,LUZP1,Q86V48,S,611,0.376090642313801
12010,ENSG00000273559,CWC25,Q9NXE8,S,217,0.298616572104905
12013,ENSG00000133454,MYO18B,Q8IUG5,S,2226,0.119379148852056
12014,ENSG00000101191,DIDO1,Q9BTC0,T,1256,0.407982853935175
12015,ENSG00000105404,RABAC1,Q9UI14,S,17,0.352901844555233
12016,ENSG00000221869,CEBPD,P49716,S,256,0.209359425410972
12018,ENSG00000086758,HUWE1,Q7Z6Z7,S,2888,0.226512836062363
12019,ENSG00000092148,HECTD1,Q9ULT8,S,1543,0.138382853204898
12020,ENSG00000145016,RUBCN,Q92622,S,248,0.673953124651994
12022,ENSG00000143924,EML4,Q9HC35,S,895,0.305532746045118
12023,ENSG00000154914,USP43,Q70EL4,S,1041,0.192037960979745
12024,ENSG00000217128,FNIP1,Q8TF40,S,230,0.291968085885981
12026,ENSG00000137073,UBAP2,Q14157,S,439,0.291155054254186
12035,ENSG00000116285,ERRFI1,Q9UJM3,S,265,0.203346051314776
12037,ENSG00000027697,IFNGR1,P15260,S,293,0.383109614556313
12040,ENSG00000131067,GGT7,Q9UJ14,S,83,0.614819606928075
12041,ENSG00000145362,ANK2,Q01484,S,3817,0.0579317427396911
12047,ENSG00000131781,FMO5,P49326,S,401,0.165249080162273
12049,ENSG00000165757,JCAD,Q9P266,S,628,0.0836579408066841
12050,ENSG00000145362,ANK2,Q01484,S,2248,0.0489877145057957
12051,ENSG00000179632,MAF1,Q9H063,S,68,0.979505172732795
12054,ENSG00000143373,ZNF687,Q8N1G0,S,215,0.237169503736097
12056,ENSG00000105619,TFPT,P0C1Z6,T,152,0.204313543482425
12058,ENSG00000103978,TMEM87A,Q8NBN3,S,491,0.373980716595676
12059,ENSG00000074276,CDHR2,Q9BYE9,T,1271,0.272667642120754
12064,ENSG00000136854,STXBP1,P61764,Y,473,0.39924407363785
12065,ENSG00000109606,DHX15,O43143,S,64,0.170811857444585
12066,ENSG00000169738,DCXR,Q7Z4W1,Y,149,0.46761094230211
12067,ENSG00000140474,ULK3,Q6PHR2,S,464,0.322259025634344
12070,ENSG00000021762,OSBPL5,Q9H0X9,S,88,0.470812867489705
12072,ENSG00000154556,SORBS2,O94875,S,239,0.28701036318502
12074,ENSG00000197077,KIAA1671,Q9BY89,S,1800,0.363394171302192
12078,ENSG00000129083,COPB1,P53618,S,528,0.185618418949563
12081,ENSG00000108515,ENO3,P13929,S,83,0.18294756649553
12082,ENSG00000186814,ZSCAN30,Q86W11,S,162,0.177264441015372
12084,ENSG00000204560,DHX16,O60231,T,155,0.189500419657188
12085,ENSG00000116786,PLEKHM2,Q8IWE5,S,364,0.292569682837041
12086,ENSG00000144283,PKP4,Q99569,S,247,0.23476107564708
12088,ENSG00000169554,ZEB2,O60315,Y,1121,0.363392249616094
12090,ENSG00000090060,PAPOLA,P51003,S,552,0.111589085394012
12091,ENSG00000107890,ANKRD26,Q9UPS8,S,15,0.198612957583538
12093,ENSG00000196455,PIK3R4,Q99570,S,813,0.251740249885219
12094,ENSG00000100099,HPS4,Q9NQG7,S,355,0.150987507698469
12097,ENSG00000140262,TCF12,Q99081,S,535,0.0991205851123496
12102,ENSG00000145623,OSMR,Q99650,T,828,0.126409912972857
12104,ENSG00000079156,OSBPL6,Q9BZF3,S,195,0.179195484853596
12105,ENSG00000072195,SPEG,Q15772,S,19,0.148243348829155
12106,ENSG00000122406,RPL5,P46777,T,232,0.421895277767489
12108,ENSG00000108443,RPS6KB1,P23443,S,452,0.515886597807589
12109,ENSG00000115993,TRAK2,O60296,S,84,0.364592070069167
12110,ENSG00000128849,CGNL1,Q0VF96,T,302,0.523442440093379
12112,ENSG00000196218,RYR1,P21817,Y,2849,0.467091362841584
12113,ENSG00000187772,LIN28B,Q6ZN17,S,203,0.234053779419702
12114,ENSG00000103091,WDR59,Q6PJI9,S,361,0.114744953592003
12115,ENSG00000148498,PARD3,Q8TEW0,Y,1080,0.605284594255122
12118,ENSG00000135250,SRPK2,P78362,S,496,0.399579291105259
12119,ENSG00000143322,ABL2,P42684,S,631,0.420066919407634
12121,ENSG00000169224,GCSAML,Q5JQS6,S,106,0.158796710563646
12122,ENSG00000148516,ZEB1,P37275,S,704,0.456492856989102
12124,ENSG00000072736,NFATC3,Q12968,S,261,0.194502943644165
12126,ENSG00000198929,NOS1AP,O75052,S,194,0.405169786713233
12128,ENSG00000169047,IRS1,P35568,S,503,0.284606638665119
12129,ENSG00000160867,FGFR4,P22455,S,419,0.559238601858303
12130,ENSG00000141644,MBD1,Q9UIS9,S,518,0.185864544151377
12133,ENSG00000162714,ZNF496,Q96IT1,S,23,0.360043250127304
12135,ENSG00000182253,SYNM,O15061,S,1241,0.115793951575097
12138,ENSG00000139218,SCAF11,Q99590,S,848,0.273557680830747
12141,ENSG00000140274,DUOXA2,Q1HG44,S,296,0.209416105178573
12142,ENSG00000127804,METTL16,Q86W50,S,453,0.247096047307988
12143,ENSG00000102908,NFAT5,O94916,T,241,0.0813435438143957
12144,ENSG00000183808,RBM12B,Q8IXT5,S,377,0.372032800847563
12145,ENSG00000146463,ZMYM4,Q5VZL5,S,1104,0.233246581767239
12146,ENSG00000112414,ADGRG6,Q86SQ4,S,1168,0.364019150437991
12149,ENSG00000128652,HOXD3,P31249,S,266,0.544409039404131
12151,ENSG00000181827,RFX7,Q2KHR2,S,424,0.449867721921114
12152,ENSG00000079308,TNS1,Q9HBL0,S,581,0.10425148621193
12153,ENSG00000036448,MYOM2,P54296,S,946,0.242981666193974
12154,ENSG00000088247,KHSRP,Q92945,S,670,0.430808405965178
12155,ENSG00000165801,ARHGEF40,Q8TER5,T,1492,0.266912993256109
12156,ENSG00000197965,MPZL1,O95297,S,208,0.371581033545001
12160,ENSG00000130985,UBA1,P22314,S,31,0.178085866406222
12161,ENSG00000115504,EHBP1,Q8N3D4,S,964,0.287291004815352
12162,ENSG00000177303,CASKIN2,Q8WXE0,S,705,0.279414708436933
12163,ENSG00000160185,UBASH3A,P57075,S,372,0.311394533549992
12165,ENSG00000157110,RBPMS,Q93062,T,12,0.179718874627428
12167,ENSG00000054267,ARID4B,Q4LE39,T,1022,0.443173807037874
12170,ENSG00000152242,C18orf25,Q96B23,S,34,0.360328606635418
12174,ENSG00000171724,VAT1L,Q9HCJ6,S,392,0.169947182604412
12175,ENSG00000092531,SNAP23,O00161,S,23,0.444833726141197
12180,ENSG00000169710,FASN,P49327,S,2417,0.135644013414219
12181,ENSG00000122218,COPA,P53621,S,773,0.119413013591618
12182,ENSG00000146731,CCT6A,P40227,S,200,0.203307385072895
12183,ENSG00000101745,ANKRD12,Q6UB98,S,1573,0.106575051514396
12184,ENSG00000090905,TNRC6A,Q8NDV7,S,1599,0.194856902887384
12185,ENSG00000145555,MYO10,Q9HD67,S,1007,0.101003294884025
12186,ENSG00000105289,TJP3,O95049,S,565,0.128156419008671
12187,ENSG00000114956,DGUOK,Q16854,S,42,0.34721558632394
12188,ENSG00000243646,IL10RB,Q08334,T,317,0.438703024144378
12189,ENSG00000196792,STRN3,Q13033,S,335,0.240877736936344
12192,ENSG00000198961,PJA2,O43164,S,216,0.386445909055825
12196,ENSG00000133392,MYH11,P35749,S,1315,0.156165500658646
12197,ENSG00000032444,PNPLA6,Q8IY17,S,448,0.0827393235323782
12199,ENSG00000104067,TJP1,Q07157,Y,967,0.339609693229291
12200,ENSG00000182511,FES,P07332,S,64,0.301861093546301
12201,ENSG00000138709,LARP1B,Q659C4,S,633,0.300013871559584
12204,ENSG00000198894,CIPC,Q9C0C6,S,211,0.461132720196631
12205,ENSG00000127152,BCL11B,Q9C0K0,S,375,0.235552436806775
12206,ENSG00000177425,PAWR,Q96IZ0,S,228,0.507956291720749
12207,ENSG00000139218,SCAF11,Q99590,T,466,0.0762682736792878
12209,ENSG00000152942,RAD17,O75943,S,86,0.284193435689919
12210,ENSG00000101974,ATP11C,Q8NB49,S,234,0.220900623303754
12211,ENSG00000123213,NLN,Q9BYT8,S,32,0.207065212030798
12212,ENSG00000102699,PARP4,Q9UKK3,T,129,0.0558376798305918
12215,ENSG00000180182,MED14,O60244,S,1128,0.418966024806939
12218,ENSG00000120149,MSX2,P35548,S,63,0.288606307476798
12219,ENSG00000180611,MB21D2,Q8IYB1,S,433,0.66260517807042
12221,ENSG00000132694,ARHGEF11,O15085,S,27,0.318181401405199
12224,ENSG00000163125,RPRD2,Q5VT52,S,473,0.368876207204344
12225,ENSG00000174306,ZHX3,Q9H4I2,S,946,0.386573248248376
12226,ENSG00000239306,RBM14,Q96PK6,S,643,0.323886186996076
12228,ENSG00000263961,RHEX,Q6ZWK4,S,82,0.103363607680756
12229,ENSG00000169258,GPRIN1,Q7Z2K8,S,73,0.315403982370764
12230,ENSG00000122367,LDB3,O75112,T,135,0.255077723359695
12231,ENSG00000136828,RALGPS1,Q5JS13,T,360,0.204442886330544
12236,ENSG00000101745,ANKRD12,Q6UB98,S,1401,0.149480671110886
12238,ENSG00000198815,FOXJ3,Q9UPW0,S,221,0.337235117062516
12241,ENSG00000173166,RAPH1,Q70E73,T,1131,0.162491116219738
12242,ENSG00000072864,NDE1,Q9NXR1,S,231,0.49472265408909
12243,ENSG00000116830,TTF2,Q9UNY4,S,396,0.353806525672976
12248,ENSG00000124942,AHNAK,Q09666,S,5013,0.0317456862210124
12249,ENSG00000172977,KAT5,Q92993,T,158,0.614635409383053
12250,ENSG00000145911,N4BP3,O15049,S,536,0.291279674335863
12251,ENSG00000137497,NUMA1,Q14980,S,203,0.355614252248404
12253,ENSG00000086200,IPO11,Q9UI26,S,343,0.203343177818786
12255,ENSG00000124942,AHNAK,Q09666,S,148,0.10476863655376
12258,ENSG00000153827,TRIP12,Q14669,S,163,0.0535283220305479
12259,ENSG00000272886,DCP1A,Q9NPI6,S,190,0.113472503179228
12260,ENSG00000114541,FRMD4B,Q9Y2L6,T,918,0.0903745698858744
12261,ENSG00000177169,ULK1,O75385,S,477,0.345352638265514
12263,ENSG00000104093,DMXL2,Q8TDJ6,S,2123,0.0986722559219766
12264,ENSG00000125637,PSD4,Q8NDX1,S,442,0.0891365042903008
12265,ENSG00000183527,PSMG1,O95456,T,18,0.429620875599795
12266,ENSG00000079819,EPB41L2,O43491,S,682,0.275512707986383
12268,ENSG00000138413,IDH1,O75874,T,313,0.129709781385377
12272,ENSG00000115306,SPTBN1,Q01082,S,1447,0.321134461538765
12275,ENSG00000131378,RFTN1,Q14699,S,241,0.261640011178151
12276,ENSG00000123485,HJURP,Q8NCD3,S,211,0.392342697162995
12277,ENSG00000173210,ABLIM3,O94929,S,472,0.200084284568109
12280,ENSG00000109320,NFKB1,P19838,S,941,0.359323636705266
12281,ENSG00000119541,VPS4B,O75351,S,385,0.425102748823683
12283,ENSG00000169032,MAP2K1,Q02750,S,299,0.558900847412749
12284,ENSG00000070159,PTPN3,P26045,S,489,0.125524276110918
12285,ENSG00000169047,IRS1,P35568,S,1143,0.394572974002332
12287,ENSG00000184432,COPB2,P35606,S,867,0.212303027931684
12288,ENSG00000101096,NFATC2,Q13469,S,268,0.375145728856369
12289,ENSG00000228672,PROB1,E7EW31,S,179,0.223386971339626
12290,ENSG00000083312,TNPO1,Q92973,S,339,0.211476565122711
12291,ENSG00000253729,PRKDC,P78527,S,511,0.334384146007373
12293,ENSG00000152422,XRCC4,Q13426,T,233,0.877866653499918
12295,ENSG00000171368,TPPP,O94811,S,35,0.391929163938379
12296,ENSG00000066032,CTNNA2,P26232,S,651,0.314498226752343
12299,ENSG00000187778,MCRS1,Q96EZ8,S,20,0.322175990093433
12301,ENSG00000120896,SORBS3,O60504,S,104,0.11528139906782
12304,ENSG00000179364,PACS2,Q86VP3,S,390,0.210566584394115
12307,ENSG00000144369,FAM171B,Q6P995,S,779,0.262989978595495
12308,ENSG00000100982,PCIF1,Q9H4Z3,T,135,0.474501992549834
12312,ENSG00000068400,GRIPAP1,Q4V328,S,688,0.291006859877268
12314,ENSG00000125637,PSD4,Q8NDX1,S,488,0.37113541028833
12315,ENSG00000248333,CDK11B,P21127,S,115,0.385655625352536
12316,ENSG00000114904,NEK4,P51957,S,457,0.119616213060582
12319,ENSG00000101040,ZMYND8,Q9ULU4,S,488,0.283196163828322
12321,ENSG00000162927,PUS10,Q3MIT2,S,84,0.543405680211333
12322,ENSG00000146426,TIAM2,Q8IVF5,S,784,0.178633373668981
12324,ENSG00000100207,TCF20,Q9UGU0,S,701,0.186169652189371
12326,ENSG00000173320,STOX2,Q9P2F5,S,886,0.301018333403854
12327,ENSG00000174799,CEP135,Q66GS9,S,976,0.121317175378746
12328,ENSG00000102699,PARP4,Q9UKK3,T,768,0.10705863376413
12330,ENSG00000130147,SH3BP4,Q9P0V3,S,122,0.29930340476084
12334,ENSG00000132688,NES,P48681,S,1615,0.24649099211586
12335,ENSG00000020181,ADGRA2,Q96PE1,S,966,0.284675079836448
12338,ENSG00000118689,FOXO3,O43524,S,280,0.337131237321996
12343,ENSG00000163950,SLBP,Q14493,S,111,0.595704678125814
12344,ENSG00000217128,FNIP1,Q8TF40,S,99,0.153995257155778
12347,ENSG00000064042,LIMCH1,Q9UPQ0,S,611,0.107545071300878
12350,ENSG00000044574,HSPA5,P11021,S,448,0.348239894927663
12351,ENSG00000177565,TBL1XR1,Q9BZK7,S,123,0.302975294170802
12352,ENSG00000183765,CHEK2,O96017,S,516,0.275588074255728
12354,ENSG00000102226,USP11,P51784,S,733,0.313990996255104
12355,ENSG00000204175,GPRIN2,O60269,S,427,0.333883184315769
12356,ENSG00000073614,KDM5A,P29375,S,1327,0.178672528752091
12357,ENSG00000182934,SRPRA,P08240,S,297,0.473558797604963
12358,ENSG00000198931,APRT,P07741,S,30,0.515749822812382
12359,ENSG00000171475,WIPF2,Q8TF74,S,71,0.274350293771722
12361,ENSG00000077097,TOP2B,Q02880,Y,1421,0.449916353507191
12362,ENSG00000136928,GABBR2,O75899,S,779,0.241710864485963
12363,ENSG00000155324,GRAMD2B,Q96HH9,T,51,0.168049593622039
12365,ENSG00000073350,LLGL2,Q6P1M3,S,961,0.368972403116759
12366,ENSG00000198589,LRBA,P50851,S,1785,0.204782977685264
12367,ENSG00000118200,CAMSAP2,Q08AD1,S,810,0.214015576224596
12368,ENSG00000140750,ARHGAP17,Q68EM7,S,575,0.696623604206271
12373,ENSG00000163539,CLASP2,O75122,S,352,0.245296793648612
12374,ENSG00000197142,ACSL5,Q9ULC5,S,605,0.122549993785159
12375,ENSG00000171492,LRRC8D,Q7L1W4,S,246,0.539747493981149
12376,ENSG00000129625,REEP5,Q00765,S,154,0.291013907860378
12377,ENSG00000170145,SIK2,Q9H0K1,S,379,0.195246815543322
12378,ENSG00000198842,DUSP27,Q5VZP5,S,1095,0.168169178781453
12379,ENSG00000173230,GOLGB1,Q14789,S,3016,0.26535391395251
12380,ENSG00000197081,IGF2R,P11717,S,2401,0.287614412645788
12381,ENSG00000163026,WDCP,Q9H6R7,S,501,0.355137077361617
12382,ENSG00000157992,KRTCAP3,Q53RY4,S,214,0.312418721189129
12384,ENSG00000173575,CHD2,O14647,S,1386,0.166661127119037
12385,ENSG00000134278,SPIRE1,Q08AE8,S,678,0.388435038333712
12386,ENSG00000103249,CLCN7,P51798,T,34,0.194977928754613
12390,ENSG00000113721,PDGFRB,P09619,S,748,0.150372128772987
12391,ENSG00000104957,CCDC130,P13994,S,362,0.545690113929941
12394,ENSG00000038427,VCAN,P13611,T,2114,0.0789771009780864
12396,ENSG00000168496,FEN1,P39748,S,349,0.410200572526191
12398,ENSG00000065328,MCM10,Q7L590,S,644,0.405212064123897
12401,ENSG00000157191,NECAP2,Q9NVZ3,S,186,0.273417277550253
12402,ENSG00000163159,VPS72,Q15906,S,127,0.336900480388442
12408,ENSG00000173848,NET1,Q7Z628,S,539,0.580750721269325
12409,ENSG00000149115,TNKS1BP1,Q9C0C2,S,1371,0.109812803867975
12411,ENSG00000147421,HMBOX1,Q6NT76,T,253,0.514293515819909
12412,ENSG00000154305,MIA3,Q5JRA6,S,298,0.0606685025960654
12413,ENSG00000156471,PTDSS1,P48651,S,455,0.421374954348535
12414,ENSG00000121957,GPSM2,P81274,S,541,0.458998603153229
12415,ENSG00000170921,TANC2,Q9HCD6,S,1558,0.259340703767519
12416,ENSG00000204219,TCEA3,O75764,S,145,0.392173725945192
12417,ENSG00000104517,UBR5,O95071,S,1701,0.11021066016343
12418,ENSG00000137145,DENND4C,Q5VZ89,S,1005,0.0839436132451173
12420,ENSG00000113580,NR3C1,P04150,S,203,0.49391941360155
12424,ENSG00000170921,TANC2,Q9HCD6,S,1579,0.431136294874752
12425,ENSG00000143702,CEP170,Q5SW79,S,1241,0.391977121287304
12428,ENSG00000185104,FAF1,Q9UNN5,T,580,0.42593804188216
12430,ENSG00000174791,RIN1,Q13671,Y,36,0.76073338603942
12432,ENSG00000135148,TRAFD1,O14545,S,326,0.29404638794881
12435,ENSG00000163655,GMPS,P49915,T,331,0.398990996319882
12436,ENSG00000198648,STK39,Q9UEW8,S,370,0.394540876717527
12438,ENSG00000089022,MAPKAPK5,Q8IW41,S,354,0.417741074601745
12439,ENSG00000134313,KIDINS220,Q9ULH0,S,1718,0.260378140308237
12440,ENSG00000174915,PTDSS2,Q9BVG9,S,24,0.458435487736876
12442,ENSG00000204138,PHACTR4,Q8IZ21,S,342,0.48206911015544
12444,ENSG00000196498,NCOR2,Q9Y618,S,2054,0.139955428179561
12445,ENSG00000115415,STAT1,P42224,S,740,0.165477636715249
12446,ENSG00000078674,PCM1,Q15154,S,430,0.22740180032264
12447,ENSG00000068366,ACSL4,O60488,S,447,0.345136339820036
12449,ENSG00000076242,MLH1,P40692,S,374,0.150621320204181
12451,ENSG00000137145,DENND4C,Q5VZ89,S,1553,0.0560327913619347
12452,ENSG00000144824,PHLDB2,Q86SQ0,S,175,0.0706596254894136
12456,ENSG00000119314,PTBP3,O95758,S,165,0.117335141293298
12458,ENSG00000118058,KMT2A,Q03164,S,3518,0.402114399979695
12459,ENSG00000035403,VCL,P18206,S,816,0.23908524249831
12460,ENSG00000164144,ARFIP1,P53367,T,361,0.472067386338804
12462,ENSG00000100852,ARHGAP5,Q13017,S,540,0.17000243282169
12465,ENSG00000121058,COIL,P38432,S,568,0.357235316050213
12467,ENSG00000111667,USP5,P45974,S,779,0.291595060435866
12469,ENSG00000103154,NECAB2,Q7Z6G3,S,57,0.2393100263915
12471,ENSG00000043143,JADE2,Q9NQC1,T,121,0.116090841455213
12472,ENSG00000079308,TNS1,Q9HBL0,S,1423,0.186100144287658
12473,ENSG00000134909,ARHGAP32,A7KAX9,S,592,0.26901998926121
12479,ENSG00000119906,SLF2,Q8IX21,S,316,0.129090676613531
12481,ENSG00000196872,KIAA1211L,Q6NV74,S,75,0.264433038440677
12482,ENSG00000183421,RIPK4,P57078,S,434,0.200557757145751
12483,ENSG00000137868,STRA6,Q9BX79,S,404,0.382422578861397
12487,ENSG00000142197,DOPEY2,Q9Y3R5,S,1183,0.370518324536265
12490,ENSG00000248905,FMN1,Q68DA7,S,620,0.146719102698551
12491,ENSG00000165959,CLMN,Q96JQ2,S,920,0.106389197872973
12493,ENSG00000122203,KIAA1191,Q96A73,S,182,0.453312387096493
12495,ENSG00000198026,ZNF335,Q9H4Z2,S,991,0.115013701152488
12498,ENSG00000114867,EIF4G1,Q04637,T,211,0.202036255992182
12499,ENSG00000074054,CLASP1,Q7Z460,S,598,0.298824426086602
12500,ENSG00000166833,NAV2,Q8IVL1,S,1799,0.291762852285282
12503,ENSG00000174705,SH3PXD2B,A1X283,S,500,0.100640096466572
12504,ENSG00000275342,PRAG1,Q86YV5,S,837,0.29210538401556
12505,ENSG00000075426,FOSL2,P15408,S,307,0.3912563684972
12506,ENSG00000130224,LRCH2,Q5VUJ6,S,315,0.169941882188932
12507,ENSG00000113282,CLINT1,Q14677,T,306,0.124150496707609
12511,ENSG00000131626,PPFIA1,Q13136,S,275,0.130169997800508
12512,ENSG00000143067,ZNF697,Q5TEC3,S,22,0.412358283775344
12514,ENSG00000136068,FLNB,O75369,T,1609,0.223805780845749
12516,ENSG00000196628,TCF4,P15884,S,511,0.1078254353312
12517,ENSG00000170011,MYRIP,Q8NFW9,S,534,0.45076718252336
12518,ENSG00000155792,DEPTOR,Q8TB45,T,295,0.503229479774159
12519,ENSG00000058404,CAMK2B,Q13554,S,358,0.113652008578873
12520,ENSG00000182795,C1orf116,Q9BW04,S,487,0.381851425417802
12522,ENSG00000120709,FAM53C,Q9NYF3,S,232,0.866793430230686
12524,ENSG00000122482,ZNF644,Q9H582,S,1000,0.421344352747384
12526,ENSG00000101213,PTK6,Q13882,Y,114,0.659925827774205
12527,ENSG00000153310,FAM49B,Q9NUQ9,S,117,0.489048195515908
12528,ENSG00000133401,PDZD2,O15018,S,543,0.23961379311775
12529,ENSG00000136636,KCTD3,Q9Y597,T,603,0.305774626337232
12530,ENSG00000196531,NACA,E9PAV3,S,1977,0.385751219309238
12533,ENSG00000166317,SYNPO2L,Q9H987,S,374,0.233479494784645
12537,ENSG00000095585,BLNK,Q8WV28,S,243,0.260703548340937
12540,ENSG00000181409,AATK,Q6ZMQ8,S,946,0.327972002588001
12541,ENSG00000008294,SPAG9,O60271,T,280,0.0827720075579098
12542,ENSG00000131626,PPFIA1,Q13136,S,839,0.175159236384762
12544,ENSG00000107816,LZTS2,Q9BRK4,S,296,0.334803859732024
12546,ENSG00000133805,AMPD3,Q01432,S,83,0.433771446357807
12548,ENSG00000169504,CLIC4,Q9Y696,S,236,0.266379755191611
12554,ENSG00000166352,C11orf74,Q86VG3,S,193,0.172335864129591
12555,ENSG00000104518,GSDMD,P57764,S,201,0.206048729334618
12556,ENSG00000111961,SASH1,O94885,T,333,0.208583702820603
12561,ENSG00000110697,PITPNM1,O00562,T,287,0.168939846695467
12563,ENSG00000165424,ZCCHC24,Q8N2G6,S,97,0.316734461551793
12565,ENSG00000175274,TP53I11,O14683,S,14,0.845065957266371
12566,ENSG00000198160,MIER1,Q8N108,S,386,0.0875803629843704
12567,ENSG00000070950,RAD18,Q9NS91,S,103,0.826269090328037
12568,ENSG00000204843,DCTN1,Q14203,T,104,0.148158876618368
12570,ENSG00000143337,TOR1AIP1,Q5JTV8,T,286,0.401830777394279
12571,ENSG00000166197,NOLC1,Q14978,S,129,0.125878106025548
12572,ENSG00000177674,AGTRAP,Q6RW13,S,126,0.31255892424121
12574,ENSG00000165280,VCP,P55072,S,705,0.337077023216804
12575,ENSG00000128283,CDC42EP1,Q00587,S,73,0.329384741188695
12576,ENSG00000152104,PTPN14,Q15678,T,579,0.451900679180379
12577,ENSG00000112182,BACH2,Q9BYV9,S,315,0.319834318038678
12580,ENSG00000196961,AP2A1,O95782,T,647,0.129677850429099
12582,ENSG00000009413,REV3L,O60673,S,2220,0.18065449185027
12584,ENSG00000103507,BCKDK,O14874,S,360,0.195826256873857
12585,ENSG00000126767,ELK1,P19419,S,324,0.528155072075522
12586,ENSG00000140575,IQGAP1,P46940,T,484,0.042443707469339
12588,ENSG00000154358,OBSCN,Q5VST9,S,6831,0.229897140045986
12589,ENSG00000132970,WASF3,Q9UPY6,S,229,0.115651430570992
12591,ENSG00000164118,CEP44,Q9C0F1,S,331,0.410699348882149
12592,ENSG00000198648,STK39,Q9UEW8,S,315,0.142303730648238
12602,ENSG00000103035,PSMD7,P51665,T,149,0.292458908852374
12603,ENSG00000183011,NAA38,Q9BRA0,S,18,0.332841268954974
12604,ENSG00000137145,DENND4C,Q5VZ89,T,1216,0.162477533727468
12607,ENSG00000145241,CENPC,Q03188,S,620,0.26541383297173
12608,ENSG00000140323,DISP2,A7MBM2,S,1263,0.28299443596113
12609,ENSG00000151502,VPS26B,Q4G0F5,S,327,0.452713869869808
12612,ENSG00000101076,HNF4A,P41235,S,142,0.519793854251607
12614,ENSG00000116809,ZBTB17,Q13105,T,119,0.121829717291002
12615,ENSG00000152518,ZFP36L2,P47974,S,440,0.618323817834374
12617,ENSG00000178209,PLEC,Q15149,S,3116,0.170040900444942
12620,ENSG00000143850,PLEKHA6,Q9Y2H5,T,1015,0.352439388850897
12621,ENSG00000110713,NUP98,P52948,T,553,0.390828644956007
12624,ENSG00000137106,GRHPR,Q9UBQ7,S,272,0.416829397891312
12628,ENSG00000139116,KIF21A,Q7Z4S6,S,1309,0.118911205855309
12629,ENSG00000174276,ZNHIT2,Q9UHR6,S,149,0.14970176680039
12631,ENSG00000068394,GPKOW,Q92917,S,388,0.195868591684725
12632,ENSG00000067141,NEO1,Q92859,S,1178,0.331117761732066
12633,ENSG00000131725,WDR44,Q5JSH3,S,471,0.322399337115223
12636,ENSG00000132688,NES,P48681,S,1506,0.073971906164708
12643,ENSG00000100056,ESS2,Q96DF8,S,391,0.66758913138185
12644,ENSG00000070814,TCOF1,Q13428,S,674,0.27370115636797
12646,ENSG00000117640,MTFR1L,Q9H019,S,261,0.315734171381856
12647,ENSG00000147443,DOK2,O60496,S,77,0.177722983483227
12648,ENSG00000138678,GPAT3,Q53EU6,S,77,0.476487010196446
12654,ENSG00000242802,AP5Z1,O43299,S,732,0.353641908089131
12655,ENSG00000180488,MIGA1,Q8NAN2,S,289,0.217183760489308
12658,ENSG00000176248,ANAPC2,Q9UJX6,S,736,0.214754313258704
12659,ENSG00000103994,ZNF106,Q9H2Y7,S,1302,0.289027007943374
12661,ENSG00000075413,MARK3,P27448,T,576,0.330401032691948
12663,ENSG00000144747,TMF1,P82094,T,929,0.431958226016906
12665,ENSG00000112146,FBXO9,Q9UK97,S,136,0.457467062552546
12666,ENSG00000135119,RNFT2,Q96EX2,S,125,0.211964836662972
12673,ENSG00000163349,HIPK1,Q86Z02,S,1200,0.59277779820392
12675,ENSG00000103479,RBL2,Q08999,T,642,0.666443637670346
12676,ENSG00000126391,FRMD8,Q9BZ67,S,446,0.483988709447202
12679,ENSG00000152818,UTRN,P46939,S,2111,0.0515637891101098
12681,ENSG00000089351,GRAMD1A,Q96CP6,S,284,0.164682582715827
12683,ENSG00000120279,MYCT1,Q8N699,S,107,0.121887234950509
12685,ENSG00000047578,KIAA0556,O60303,S,460,0.189021030383797
12686,ENSG00000133318,RTN3,O95197,S,575,0.195508565627532
12687,ENSG00000136628,EPRS,P07814,S,883,0.271885993727681
12692,ENSG00000164305,CASP3,P42574,S,176,0.168603495928737
12693,ENSG00000269313,MAGIX,Q9H6Y5,T,265,0.112046382995593
12695,ENSG00000050820,BCAR1,P56945,Y,234,0.903506157132413
12701,ENSG00000198589,LRBA,P50851,T,986,0.0374951198993375
12703,ENSG00000164068,RNF123,Q5XPI4,S,674,0.193244437906653
12704,ENSG00000012048,BRCA1,P38398,S,1286,0.161102929420322
12705,ENSG00000015171,ZMYND11,Q15326,S,444,0.376100470994718
12707,ENSG00000109458,GAB1,Q13480,S,454,0.561435406173485
12709,ENSG00000135631,RAB11FIP5,Q9BXF6,S,361,0.375781990482796
12711,ENSG00000141295,SCRN2,Q96FV2,S,55,0.247196012223045
12712,ENSG00000087274,ADD1,P35611,Y,419,0.333758334389313
12713,ENSG00000161682,FAM171A2,A8MVW0,S,422,0.115357061453835
12714,ENSG00000125977,EIF2S2,P20042,S,158,0.156849272167212
12717,ENSG00000189143,CLDN4,O14493,S,202,0.402427101862006
12718,ENSG00000141738,GRB7,Q14451,T,62,0.411247857013138
12719,ENSG00000157954,WIPI2,Q9Y4P8,S,390,0.101395090420251
12722,ENSG00000105289,TJP3,O95049,S,489,0.350568902507766
12725,ENSG00000171723,GPHN,Q9NQX3,S,200,0.658832017857643
12728,ENSG00000080815,PSEN1,P49768,S,319,0.432600304919827
12732,ENSG00000087053,MTMR2,Q13614,T,637,0.420371915662474
12734,ENSG00000007237,GAS7,O60861,S,120,0.355275088636015
12736,ENSG00000015171,ZMYND11,Q15326,S,383,0.0954736599640855
12737,ENSG00000265808,SEC22B,O75396,S,26,0.207587324281026
12739,ENSG00000146701,MDH2,P40926,T,235,0.290569375140829
12740,ENSG00000160796,NBEAL2,Q6ZNJ1,T,1388,0.398079298145953
12743,ENSG00000197892,KIF13B,Q9NQT8,S,1691,0.0898808762465856
12745,ENSG00000011523,CEP68,Q76N32,S,472,0.448441768913122
12748,ENSG00000136628,EPRS,P07814,S,1336,0.293059679218621
12749,ENSG00000057019,DCBLD2,Q96PD2,S,726,0.363497837252702
12750,ENSG00000108395,TRIM37,O94972,S,817,0.123232798717625
12752,ENSG00000186212,SOWAHB,A6NEL2,S,106,0.237996487257675
12754,ENSG00000169554,ZEB2,O60315,S,780,0.286404193489688
12756,ENSG00000080824,HSP90AA1,P07900,S,726,0.47382499638505
12757,ENSG00000090372,STRN4,Q9NRL3,S,53,0.337130176703477
12761,ENSG00000086758,HUWE1,Q7Z6Z7,T,2747,0.242912165652034
12762,ENSG00000164300,SERINC5,Q86VE9,Y,345,0.399793057515845
12769,ENSG00000065054,SLC9A3R2,Q15599,T,260,0.312134862246303
12770,ENSG00000038219,BOD1L1,Q8NFC6,S,2124,0.151603127031891
12772,ENSG00000167508,MVD,P53602,T,212,0.482405773454062
12775,ENSG00000196453,ZNF777,Q9ULD5,S,7,0.178237279240159
12776,ENSG00000196199,MPHOSPH8,Q99549,S,188,0.273957789501834
12777,ENSG00000128564,VGF,O15240,S,65,0.208356457021258
12779,ENSG00000104419,NDRG1,Q92597,T,375,0.453328498011682
12780,ENSG00000136205,TNS3,Q68CZ2,S,874,0.303956394543005
12784,ENSG00000184867,ARMCX2,Q7L311,T,73,0.469448114532907
12785,ENSG00000117713,ARID1A,O14497,S,772,0.488016325456038
12786,ENSG00000105767,CADM4,Q8NFZ8,S,361,0.315028836558806
12787,ENSG00000054267,ARID4B,Q4LE39,S,1060,0.122046227530691
12789,ENSG00000163191,S100A11,P31949,Y,30,0.399797088254611
12790,ENSG00000168014,C2CD3,Q4AC94,S,2350,0.314771946551535
12792,ENSG00000107863,ARHGAP21,Q5T5U3,S,925,0.352816106918511
12793,ENSG00000129116,PALLD,Q8WX93,S,35,0.271122499919577
12794,ENSG00000089048,ESF1,Q9H501,S,82,0.36788953972597
12795,ENSG00000170035,UBE2E3,Q969T4,S,19,0.290407094575703
12796,ENSG00000102531,FNDC3A,Q9Y2H6,S,963,0.0837314597915836
12797,ENSG00000187867,PALM3,A6NDB9,S,436,0.136797405009833
12798,ENSG00000131899,LLGL1,Q15334,S,1041,0.206405054810994
12799,ENSG00000150760,DOCK1,Q14185,S,1704,0.114033837629763
12800,ENSG00000131711,MAP1B,P46821,S,1522,0.0825269363002989
12801,ENSG00000204469,PRRC2A,P48634,T,517,0.120780870118262
12803,ENSG00000137699,TRIM29,Q14134,S,152,0.339652864161562
12804,ENSG00000090372,STRN4,Q9NRL3,S,167,0.444960592390522
12805,ENSG00000149596,JPH2,Q9BR39,S,594,0.184606174425894
12806,ENSG00000128655,PDE11A,Q9HCR9,T,136,0.201411178304987
12807,ENSG00000076826,CAMSAP3,Q9P1Y5,S,498,0.189770329146748
12809,ENSG00000168143,FAM83B,Q5T0W9,S,914,0.280732839867034
12812,ENSG00000169129,AFAP1L2,Q8N4X5,S,50,0.336029099887438
12813,ENSG00000067798,NAV3,Q8IVL0,S,1189,0.206273687064474
12814,ENSG00000154639,CXADR,P78310,T,334,0.324983378818665
12815,ENSG00000146834,MEPCE,Q7L2J0,S,175,0.749553820443173
12824,ENSG00000176208,ATAD5,Q96QE3,S,817,0.365531234115729
12825,ENSG00000148337,CIZ1,Q9ULV3,S,264,0.310368224502694
12826,ENSG00000103507,BCKDK,O14874,T,37,0.24720363484366
12827,ENSG00000085185,BCORL1,Q5H9F3,S,613,0.234726687655353
12829,ENSG00000196535,MYO18A,Q92614,S,2036,0.231921986961471
12831,ENSG00000163877,SNIP1,Q8TAD8,S,99,0.488085280038018
12832,ENSG00000132780,NASP,P49321,S,299,0.149511773235662
12833,ENSG00000151320,AKAP6,Q13023,S,1567,0.0944569435262671
12835,ENSG00000169057,MECP2,P51608,S,164,0.583839464219374
12837,ENSG00000166387,PPFIBP2,Q8ND30,S,40,0.23785955214325
12839,ENSG00000160796,NBEAL2,Q6ZNJ1,S,2742,0.304161505162014
12842,ENSG00000119514,GALNT12,Q8IXK2,S,555,0.207532638071214
12846,ENSG00000108846,ABCC3,O15438,S,912,0.265554710094043
12847,ENSG00000166963,MAP1A,P78559,T,894,0.214066993541335
12848,ENSG00000181826,RELL1,Q8IUW5,S,161,0.492541162295622
12849,ENSG00000179588,ZFPM1,Q8IX07,T,489,0.384189780760129
12850,ENSG00000066629,EML1,O00423,S,135,0.420763133928838
12851,ENSG00000168497,CAVIN2,O95810,S,25,0.368476579054329
12853,ENSG00000177426,TGIF1,Q15583,S,142,0.456184883414802
12854,ENSG00000184675,AMER1,Q5JTC6,T,242,0.375998162523173
12855,ENSG00000065243,PKN2,Q16513,T,121,0.380771448311827
12859,ENSG00000143373,ZNF687,Q8N1G0,S,1087,0.22505268732283
12862,ENSG00000142864,SERBP1,Q8NC51,Y,246,0.40755849256622
12864,ENSG00000136153,LMO7,Q8WWI1,S,873,0.228376203956549
12866,ENSG00000162367,TAL1,P17542,S,122,0.785069773647498
12867,ENSG00000172915,NBEA,Q6ZNJ1,S,1635,0.0521489432135998
12869,ENSG00000174672,BRSK2,Q8IWQ3,S,423,0.706507461461198
12870,ENSG00000066735,KIF26A,Q9ULI4,S,1231,0.202636812481645
12872,ENSG00000134248,LAMTOR5,O43504,S,26,0.266096272648397
12873,ENSG00000147799,ARHGAP39,Q9C0H5,S,388,0.497171043768841
12874,ENSG00000171824,EXOSC10,Q01780,S,13,0.134411738142077
12875,ENSG00000196924,FLNA,P21333,S,2213,0.100849822021347
12876,ENSG00000145604,SKP2,Q13309,S,75,0.43365184407525
12878,ENSG00000103540,CCP110,O43303,S,580,0.131259854642764
12880,ENSG00000086758,HUWE1,Q7Z6Z7,S,3165,0.185133379562186
12885,ENSG00000197579,TOPORS,Q9NS56,S,569,0.291857834060373
12887,ENSG00000180900,SCRIB,Q14160,S,1437,0.210630281331557
12888,ENSG00000066739,ATG2B,Q96BY7,S,1016,0.428779665624149
12891,ENSG00000141750,STAC2,Q6ZMT1,S,192,0.271259744679738
12894,ENSG00000130024,PHF10,Q8WUB8,S,27,0.442162372790029
12895,ENSG00000163382,NAXE,Q8NCW5,Y,255,0.361487372894701
12896,ENSG00000075651,PLD1,Q13393,S,629,0.260179956099527
12897,ENSG00000122547,EEPD1,Q7L9B9,S,428,0.356311671441384
12899,ENSG00000155816,FMN2,Q9NZ56,S,361,0.134197549938219
12901,ENSG00000198604,BAZ1A,Q9NRL2,S,961,0.273529554513935
12902,ENSG00000180530,NRIP1,P48552,T,549,0.293114683863383
12903,ENSG00000198561,CTNND1,O60716,S,300,0.259175117061087
12905,ENSG00000101811,CSTF2,P33240,S,154,0.351604850576861
12907,ENSG00000048028,USP28,Q96RU2,S,67,0.335918636672622
12908,ENSG00000196914,ARHGEF12,Q9NZN5,T,764,0.0623643052545894
12909,ENSG00000138434,SSFA2,P28290,S,752,0.356271608177836
12910,ENSG00000085662,AKR1B1,C9JRZ8,S,215,0.254519896743647
12911,ENSG00000036448,MYOM2,P54296,S,567,0.166485052051497
12913,ENSG00000166716,ZNF592,Q92610,S,441,0.180187059263938
12914,ENSG00000215271,HOMEZ,Q8IX15,T,451,0.403652671298688
12916,ENSG00000105357,MYH14,Q7Z406,S,35,0.232384771800438
12917,ENSG00000090565,RAB11FIP3,O75154,S,648,0.662009082015336
12918,ENSG00000143322,ABL2,P42684,S,275,0.470341917883286
12920,ENSG00000096968,JAK2,O60674,Y,570,0.742892478777037
12921,ENSG00000139970,RTN1,Q16799,S,321,0.202327161662576
12925,ENSG00000165304,MELK,Q14680,T,409,0.457153327804623
12926,ENSG00000171560,FGA,P02671,S,572,0.125270215250321
12928,ENSG00000197562,RAB40C,Q96S21,S,268,0.625242418962763
12929,ENSG00000197256,KANK2,Q63ZY3,T,168,0.51562866012799
12930,ENSG00000198492,YTHDF2,Q9Y5A9,S,359,0.45792722696686
12931,ENSG00000100105,PATZ1,Q9HBE1,S,585,0.122227824264192
12932,ENSG00000133884,DPF2,Q92785,S,280,0.285353871391486
12933,ENSG00000168014,C2CD3,Q4AC94,S,260,0.0825566414452904
12935,ENSG00000071205,ARHGAP10,A1A4S6,S,600,0.242095579564641
12937,ENSG00000145246,ATP10D,Q9P241,S,613,0.236645067416862
12938,ENSG00000101745,ANKRD12,Q6UB98,S,17,0.157877225229191
12939,ENSG00000104447,TRPS1,Q9UHF7,S,805,0.240062049662246
12940,ENSG00000137699,TRIM29,Q14134,Y,506,0.353357401129968
12942,ENSG00000050820,BCAR1,P56945,S,430,0.320854573951261
12943,ENSG00000172757,CFL1,P23528,Y,140,0.532759695185599
12947,ENSG00000168264,IRF2BP2,Q7Z5L9,S,242,0.42158290948374
12949,ENSG00000163704,PRRT3,Q5FWE3,S,841,0.239812086240141
12950,ENSG00000026025,VIM,P08670,Y,61,0.758963336727398
12956,ENSG00000103365,GGA2,Q9UJY4,S,400,0.396744326303889
12957,ENSG00000005700,IBTK,Q9P2D0,S,1116,0.402283977943126
12960,ENSG00000110719,TCIRG1,Q13488,S,690,0.2927100286196
12961,ENSG00000105499,PLA2G4C,Q9UP65,S,339,0.101781561270089
12963,ENSG00000167258,CDK12,Q9NYV4,S,332,0.52615171459417
12964,ENSG00000118200,CAMSAP2,Q08AD1,S,1313,0.438286035230172
12965,ENSG00000172985,SH3RF3,Q8TEJ3,T,458,0.350524488805333
12966,ENSG00000112851,ERBIN,Q96RT1,S,715,0.223127805291642
12967,ENSG00000074800,ENO1,P06733,T,85,0.157059173035789
12968,ENSG00000198947,DMD,P11532,T,2441,0.044791185431916
12969,ENSG00000007545,CRAMP1,Q96RY5,S,70,0.319279560531922
12970,ENSG00000163902,RPN1,P04843,S,535,0.295826237731253
12971,ENSG00000134318,ROCK2,O75116,S,425,0.16507509505086
12972,ENSG00000242247,ARFGAP3,Q9NP61,S,437,0.439381207836195
12973,ENSG00000147649,MTDH,Q86UE4,S,562,0.317684378313763
12974,ENSG00000159592,GPBP1L1,Q9HC44,S,384,0.391081424716737
12977,ENSG00000077458,FAM76B,Q5HYJ3,S,157,0.355388672706742
12981,ENSG00000130723,PRRC2B,Q5JSZ5,S,575,0.112305600168279
12983,ENSG00000113594,LIFR,P42702,S,1041,0.351460316003026
12985,ENSG00000136111,TBC1D4,O60343,S,787,0.313406990704433
12986,ENSG00000082014,SMARCD3,Q6STE5,S,175,0.489296230234107
12987,ENSG00000132613,MTSS1L,Q765P7,T,260,0.700642892820298
12988,ENSG00000114805,PLCH1,Q4KWH8,S,970,0.298088179523756
12989,ENSG00000006453,BAIAP2L1,Q9UHR4,S,295,0.458594397809397
12991,ENSG00000196456,ZNF775,C9JVG2,S,71,0.210274134771826
12992,ENSG00000161036,LRWD1,Q9UFC0,S,253,0.335725424262391
12993,ENSG00000099812,MISP,Q8IVT2,T,164,0.430375908965659
12995,ENSG00000152661,GJA1,P17302,S,325,0.598557974923301
12996,ENSG00000175895,PLEKHF2,Q9H8W4,S,247,0.506973143762117
12997,ENSG00000171992,SYNPO,Q8N3V7,S,289,0.257659113462361
12999,ENSG00000102935,ZNF423,Q2M1K9,S,608,0.336124865104446
13000,ENSG00000163435,ELF3,P78545,S,215,0.405264051239701
13002,ENSG00000145868,FBXO38,Q6PIJ6,S,849,0.163510042486162
13004,ENSG00000175931,UBE2O,Q9C0C9,S,73,0.161432196535111
13005,ENSG00000131711,MAP1B,P46821,S,2126,0.0675111136144753
13006,ENSG00000159314,ARHGAP27,Q6ZUM4,S,239,0.184508625740114
13008,ENSG00000187098,MITF,O75030,T,496,0.117507146873193
13009,ENSG00000108349,CASC3,O15234,S,140,0.13481600120966
13012,ENSG00000110497,AMBRA1,Q9C0C7,S,1204,0.208361737142953
13016,ENSG00000135631,RAB11FIP5,Q9BXF6,S,357,0.397948467006149
13017,ENSG00000108298,RPL19,P84098,S,189,0.516116270706562
13018,ENSG00000036828,CASR,P41180,S,900,0.508916208802752
13019,ENSG00000103415,HMOX2,P30519,S,280,0.122435713488331
13022,ENSG00000101187,SLCO4A1,Q96BD0,S,361,0.329898829433935
13023,ENSG00000214530,STARD10,Q9Y365,S,284,0.47401643362202
13025,ENSG00000118596,SLC16A7,O60669,S,457,0.341517765820099
13026,ENSG00000100139,MICALL1,Q8N3F8,S,493,0.200632740771181
13027,ENSG00000213066,FGFR1OP,O95684,S,326,0.158777890548388
13028,ENSG00000104889,RNASEH2A,O75792,S,277,0.545327806421539
13033,ENSG00000127124,HIVEP3,Q5T1R4,S,2067,0.154317351001461
13034,ENSG00000119321,FKBP15,Q5T1M5,S,1092,0.211831250177185
13035,ENSG00000088205,DDX18,Q9NVP1,S,136,0.157749415514051
13036,ENSG00000196132,MYT1,Q01538,S,91,0.315500719825731
13037,ENSG00000091527,CDV3,Q9UKY7,S,42,0.235765406297413
13038,ENSG00000072736,NFATC3,Q12968,S,366,0.491803011373137
13039,ENSG00000114127,XRN1,Q8IZH2,S,844,0.206970603501997
13041,ENSG00000178105,DDX10,Q13206,S,829,0.255577752432761
13042,ENSG00000128915,ICE2,Q659A1,S,457,0.329558274761572
13043,ENSG00000131116,ZNF428,Q96B54,S,99,0.394291789852124
13044,ENSG00000198589,LRBA,P50851,T,1120,0.188255451995121
13045,ENSG00000168575,SLC20A2,Q08357,Y,344,0.611559001351923
13048,ENSG00000117036,ETV3,P41162,T,157,0.367650352656598
13050,ENSG00000148671,ADIRF,Q15847,S,66,0.300373513365592
13051,ENSG00000183963,SMTN,P53814,S,713,0.104113257313957
13052,ENSG00000087053,MTMR2,Q13614,S,9,0.131199841347601
13055,ENSG00000140694,PARN,O95453,S,342,0.306210454151324
13059,ENSG00000272333,KMT2B,Q9UMN6,S,936,0.153529155967026
13061,ENSG00000143702,CEP170,Q5SW79,S,1225,0.166856127972528
13062,ENSG00000122507,BBS9,Q3SYG4,S,880,0.167091605664019
13063,ENSG00000108797,CNTNAP1,P78357,S,1381,0.279554799492848
13064,ENSG00000131711,MAP1B,P46821,S,1973,0.118922790417546
13067,ENSG00000146374,RSPO3,Q9BXY4,S,241,0.307653392576555
13069,ENSG00000135597,REPS1,Q96D71,S,272,0.571207820988918
13070,ENSG00000095637,SORBS1,Q9BX66,S,76,0.177684826376092
13071,ENSG00000146247,PHIP,Q8WWQ0,S,1651,0.172027994314683
13076,ENSG00000123240,OPTN,Q96CV9,S,174,0.482575585480161
13077,ENSG00000141002,TCF25,Q9BQ70,S,138,0.321007620568022
13078,ENSG00000162636,FAM102B,Q5T8I3,S,350,0.369446512520545
13081,ENSG00000109819,PPARGC1A,Q9UBK2,S,313,0.217426648315408
13083,ENSG00000180370,PAK2,Q13177,T,134,0.434593930349754
13084,ENSG00000171877,FRMD5,Q7Z6J6,S,465,0.103387114909289
13086,ENSG00000145362,ANK2,Q01484,S,944,0.13008306812718
13089,ENSG00000097007,ABL1,P00519,S,805,0.423980148995665
13092,ENSG00000106772,PRUNE2,Q8WUY3,S,1613,0.0877658076173859
13093,ENSG00000066777,ARFGEF1,Q9Y6D6,T,280,0.0568682049634022
13094,ENSG00000136878,USP20,Q9Y2K6,S,279,0.423317233106688
13095,ENSG00000146776,ATXN7L1,Q9ULK2,S,38,0.270515828629781
13097,ENSG00000168542,COL3A1,P02461,S,1320,0.106896980746708
13100,ENSG00000169635,HIC2,Q96JB3,S,197,0.34593626354959
13101,ENSG00000146007,ZMAT2,Q96NC0,T,72,0.195392627030965
13102,ENSG00000181409,AATK,Q6ZMQ8,S,495,0.207810867122645
13103,ENSG00000198561,CTNND1,O60716,S,225,0.279116015043009
13106,ENSG00000106771,TMEM245,Q9H330,S,16,0.422984549799769
13107,ENSG00000048405,ZNF800,Q2TB10,S,334,0.42442605046235
13108,ENSG00000154553,PDLIM3,Q53GG5,T,137,0.466532766847558
13110,ENSG00000119686,FLVCR2,Q9UPI3,S,512,0.129443262571736
13111,ENSG00000163362,INAVA,Q3KP66,S,570,0.310891349080815
13115,ENSG00000167548,KMT2D,O14686,T,1164,0.134448210285973
13116,ENSG00000160255,ITGB2,P05107,S,756,0.875583781496238
13117,ENSG00000104067,TJP1,Q07157,S,968,0.348016473420345
13118,ENSG00000104728,ARHGEF10,O15013,S,198,0.100828440019148
13119,ENSG00000198408,MGEA5,O60502,S,6,0.20649787246925
13120,ENSG00000157107,FCHO2,Q0JRZ9,S,496,0.415166169430553
13126,ENSG00000171560,FGA,P02671,T,522,0.129029487584149
13127,ENSG00000088970,KIZ,Q2M2Z5,S,652,0.434867641236704
13128,ENSG00000002834,LASP1,Q14847,S,151,0.277345261155364
13132,ENSG00000159579,RSPRY1,Q96DX4,S,528,0.103522695033277
13135,ENSG00000111961,SASH1,O94885,S,821,0.29452427465261
13137,ENSG00000126562,WNK4,Q96J92,S,1217,0.547300439282879
13139,ENSG00000133226,SRRM1,Q8IYB3,S,436,0.323086891448422
13140,ENSG00000135842,FAM129A,Q9BZQ8,S,592,0.256408492100059
13143,ENSG00000011566,MAP4K3,Q8IVH8,S,507,0.139083010002806
13144,ENSG00000163166,IWS1,Q96ST2,T,317,0.248847771918286
13149,ENSG00000188959,C9orf152,Q5JTZ5,S,88,0.245855892460216
13150,ENSG00000170310,STX8,Q9UNK0,S,159,0.313494312840084
13151,ENSG00000198816,ZNF358,Q9NW07,S,484,0.358904652195621
13153,ENSG00000013588,GPRC5A,Q8NFJ5,S,336,0.438577309709234
13154,ENSG00000067208,EVI5,O60447,S,765,0.103312511559817
13159,ENSG00000106012,IQCE,Q6IPM2,S,583,0.210137697673407
13161,ENSG00000167522,ANKRD11,Q6UB99,S,408,0.382317025127701
13165,ENSG00000102034,ELF4,Q99607,S,545,0.181229658347322
13167,ENSG00000164506,STXBP5,Q5T5C0,S,692,0.396851431942834
13168,ENSG00000179918,SEPHS2,Q99611,S,33,0.274817032005911
13173,ENSG00000198478,SH3BGRL2,Q9UJC5,S,103,0.504289481154767
13174,ENSG00000085733,CTTN,Q14247,S,156,0.329553826483688
13175,ENSG00000107625,DDX50,Q9BQ39,S,112,0.356840632030927
13176,ENSG00000143398,PIP5K1A,Q99755,S,476,0.276341530311257
13178,ENSG00000074416,MGLL,Q99685,S,301,0.212623537599371
13179,ENSG00000029363,BCLAF1,Q9NYF8,S,287,0.403931137765226
13180,ENSG00000121440,PDZRN3,Q9UPQ7,S,825,0.0843109479705043
13181,ENSG00000144747,TMF1,P82094,S,330,0.281171313699982
13182,ENSG00000137601,NEK1,Q96PY6,S,874,0.317621333639711
13183,ENSG00000144218,AFF3,P51826,S,755,0.425728661654961
13186,ENSG00000125503,PPP1R12C,Q9BZL4,S,499,0.342090906879768
13190,ENSG00000147144,CCDC120,Q96HB5,S,10,0.175084974545997
13194,ENSG00000000938,FGR,P09769,Y,412,0.787483612856778
13197,ENSG00000106346,USP42,Q9H9J4,S,1181,0.323277889641853
13198,ENSG00000185658,BRWD1,Q9NSI6,S,1475,0.21786298971799
13201,ENSG00000196576,PLXNB2,O15031,S,1570,0.288616291620523
13202,ENSG00000091527,CDV3,Q9UKY7,S,37,0.271379456057787
13206,ENSG00000065548,ZC3H15,Q8WU90,S,371,0.382684646097368
13207,ENSG00000171860,C3AR1,Q16581,S,479,0.445191314301301
13208,ENSG00000089639,GMIP,Q9P107,S,434,0.275229373948548
13209,ENSG00000148773,MKI67,P46013,S,713,0.407401146263298
13212,ENSG00000134369,NAV1,Q8NEY1,T,1170,0.0826029177519818
13215,ENSG00000145241,CENPC,Q03188,S,447,0.232001104925446
13216,ENSG00000204304,PBX2,P40425,S,105,0.335343800217628
13217,ENSG00000197535,MYO5A,Q9Y4I1,S,1119,0.246441861966103
13219,ENSG00000198399,ITSN2,Q9NZM3,S,230,0.303986926987091
13224,ENSG00000167613,LAIR1,Q6GTX8,Y,251,0.810644541225462
13225,ENSG00000186625,KATNA1,O75449,S,117,0.238841265399201
13226,ENSG00000130939,UBE4B,O95155,S,101,0.346975193830235
13230,ENSG00000029363,BCLAF1,Q9NYF8,S,759,0.42095918734239
13236,ENSG00000089094,KDM2B,Q8NHM5,S,448,0.0797336943160385
13237,ENSG00000204463,BAG6,P46379,S,1084,0.297992315362235
13238,ENSG00000156030,ELMSAN1,Q6PJG2,S,898,0.248264693766346
13240,ENSG00000131725,WDR44,Q5JSH3,T,556,0.195715769373196
13241,ENSG00000164056,SPRY1,O43609,S,169,0.139629437283152
13242,ENSG00000138032,PPM1B,O75688,S,380,0.169691596271515
13243,ENSG00000198825,INPP5F,Q9Y2H2,T,833,0.0770936790467315
13246,ENSG00000163516,ANKZF1,Q9H8Y5,S,49,0.247410431118219
13248,ENSG00000130940,CASZ1,Q86V15,S,744,0.20793279519424
13249,ENSG00000065883,CDK13,Q14004,S,236,0.13429814968156
13250,ENSG00000052749,RRP12,Q5JTH9,S,1072,0.255607170959015
13251,ENSG00000136205,TNS3,Q68CZ2,T,853,0.318937190822824
13252,ENSG00000185133,INPP5J,Q15735,S,150,0.206629100519166
13255,ENSG00000117713,ARID1A,O14497,S,610,0.200753953336316
13257,ENSG00000149503,INCENP,Q9NQS7,T,219,0.484331663354811
13260,ENSG00000198728,LDB1,Q86U70,T,306,0.297238757210156
13261,ENSG00000177303,CASKIN2,Q8WXE0,S,800,0.479780385757592
13263,ENSG00000166439,RNF169,Q8NCN4,T,391,0.681258975016986
13264,ENSG00000136111,TBC1D4,O60343,S,757,0.336204994378272
13265,ENSG00000077522,ACTN2,P35609,T,603,0.149456996873424
13267,ENSG00000170989,S1PR1,P21453,S,353,0.458988168461078
13268,ENSG00000196924,FLNA,P21333,S,2170,0.0433673947083515
13269,ENSG00000122873,CISD1,Q9NZ45,T,88,0.199458647704287
13271,ENSG00000138771,SHROOM3,Q8TF72,S,978,0.142571839670468
13272,ENSG00000134532,SOX5,P35711,S,109,0.500313141767152
13275,ENSG00000198382,UVRAG,Q9P2Y5,T,518,0.571994049350625
13277,ENSG00000184602,SNN,O75324,S,49,0.362018722298874
13279,ENSG00000121931,LRIF1,Q5T3J3,S,502,0.43535338067766
13280,ENSG00000002834,LASP1,Q14847,S,150,0.277321814252866
13284,ENSG00000100330,MTMR3,Q13615,S,1005,0.11150720782462
13285,ENSG00000160299,PCNT,O95613,S,2345,0.162199841216722
13286,ENSG00000099812,MISP,Q8IVT2,T,179,0.339332784506554
13287,ENSG00000124181,PLCG1,P19174,Y,783,0.903935763525824
13288,ENSG00000123485,HJURP,Q8NCD3,S,686,0.204973110371987
13289,ENSG00000155755,TMEM237,Q96Q45,S,106,0.352528512119123
13291,ENSG00000169291,SHE,Q5VZ18,S,376,0.13551765640085
13292,ENSG00000115085,ZAP70,P43403,S,301,0.454911937581662
13293,ENSG00000090889,KIF4A,O95239,S,953,0.37514583276928
13294,ENSG00000107164,FUBP3,Q96I24,S,439,0.382900913681382
13296,ENSG00000077157,PPP1R12B,O60237,S,29,0.415736585135966
13297,ENSG00000233276,GPX1,P07203,S,34,0.194121175351007
13298,ENSG00000174106,LEMD3,Q9Y2U8,S,187,0.265658790354653
13299,ENSG00000078177,N4BP2,Q86UW6,S,832,0.0694716074941989
13300,ENSG00000185658,BRWD1,Q9NSI6,S,1786,0.117174981352144
13301,ENSG00000130479,MAP1S,Q66K74,S,592,0.342558273683421
13305,ENSG00000162923,WDR26,Q9H7D7,S,123,0.286825100501932
13306,ENSG00000086758,HUWE1,Q7Z6Z7,S,648,0.488499530035109
13308,ENSG00000164694,FNDC1,Q4ZHG4,S,537,0.0651325125177962
13310,ENSG00000165775,FUNDC2,Q9BWH2,S,151,0.585838685306359
13311,ENSG00000110395,CBL,P22681,S,486,0.307711857825169
13312,ENSG00000141577,CEP131,Q9UPN4,S,14,0.293552594529642
13317,ENSG00000115524,SF3B1,O75533,S,259,0.272023174385622
13319,ENSG00000102879,CORO1A,P31146,T,424,0.461634552856689
13320,ENSG00000111897,SERINC1,Q9NRX5,S,351,0.455192731665706
13323,ENSG00000131730,CKMT2,P17540,T,151,0.466715275262382
13327,ENSG00000105186,ANKRD27,Q96NW4,S,962,0.554000547003999
13328,ENSG00000130939,UBE4B,O95155,S,383,0.152640614786853
13329,ENSG00000198681,MAGEA1,P43355,S,77,0.458094693659807
13332,ENSG00000074054,CLASP1,Q7Z460,S,552,0.308107524908257
13333,ENSG00000203485,INF2,Q27J81,S,1192,0.390814358556565
13335,ENSG00000172349,IL16,Q14005,S,1023,0.130069816076483
13338,ENSG00000145241,CENPC,Q03188,S,333,0.357362587902343
13339,ENSG00000109689,STIM2,Q9P246,S,523,0.616751161753177
13340,ENSG00000198160,MIER1,Q8N108,S,131,0.168416778389179
13341,ENSG00000178695,KCTD12,Q96CX2,S,176,0.457252961749304
13342,ENSG00000187164,SHTN1,A0MZ66,S,467,0.356690120211256
13344,ENSG00000121297,TSHZ3,Q63HK5,S,644,0.170860590551234
13346,ENSG00000116117,PARD3B,Q8TEW8,S,141,0.570905074751947
13347,ENSG00000009844,VTA1,Q9NP79,Y,278,0.470557388832973
13348,ENSG00000104812,GYS1,P13807,S,647,0.362638617790312
13350,ENSG00000140153,WDR20,Q8TBZ3,S,347,0.609228766266764
13352,ENSG00000171940,ZNF217,O75362,S,662,0.34865012354755
13354,ENSG00000047849,MAP4,P27816,T,97,0.255395438282164
13356,ENSG00000125637,PSD4,Q8NDX1,S,1020,0.609208412977795
13357,ENSG00000160767,FAM189B,P81408,S,493,0.644724928249665
13358,ENSG00000044574,HSPA5,P11021,S,354,0.363704054800942
13359,ENSG00000085840,ORC1,Q13415,S,287,0.420914961939265
13360,ENSG00000177606,JUN,P05412,T,93,0.590132457711644
13361,ENSG00000107957,SH3PXD2A,Q5TCZ1,S,379,0.171915140072463
13362,ENSG00000160049,DFFA,O00273,S,232,0.460822249102038
13363,ENSG00000110321,EIF4G2,P78344,S,381,0.242816571071933
13366,ENSG00000198589,LRBA,P50851,S,1770,0.133941743496305
13367,ENSG00000151623,NR3C2,P08235,S,703,0.280101087829463
13370,ENSG00000152291,TGOLN2,O43493,S,352,0.131081834316353
13371,ENSG00000197892,KIF13B,Q9NQT8,S,1497,0.135194332772869
13373,ENSG00000197879,MYO1C,O00159,S,410,0.2605274944418
13375,ENSG00000127124,HIVEP3,Q5T1R4,S,542,0.374028408859536
13376,ENSG00000185499,MUC1,P15941,S,1240,0.259465169400465
13377,ENSG00000168303,MPLKIP,Q8TAP9,S,82,0.516576244951727
13378,ENSG00000074755,ZZEF1,O43149,T,1477,0.150177930932091
13379,ENSG00000110321,EIF4G2,P78344,S,479,0.224300972068646
13380,ENSG00000176720,BOK,Q9UMX3,S,7,0.43098732651882
13381,ENSG00000111731,C2CD5,Q86YS7,T,278,0.207611705195463
13383,ENSG00000204178,MACO1,Q8N5G2,S,650,0.321317209174182
13385,ENSG00000127720,METTL25,Q8N6Q8,S,265,0.196163587743069
13386,ENSG00000165752,STK32C,Q86UX6,S,10,0.483926318870497
13387,ENSG00000163625,WDFY3,Q8IZQ1,S,984,0.0558577904383047
13389,ENSG00000198168,SVIP,Q8NHG7,S,46,0.161867104351731
13390,ENSG00000125124,BBS2,Q9BXC9,S,365,0.366258206441155
13392,ENSG00000011426,ANLN,Q9NQW6,T,397,0.438720168372846
13393,ENSG00000143033,MTF2,Q9Y483,S,513,0.174682601611398
13395,ENSG00000108509,CAMTA2,O94983,S,449,0.226031335641288
13396,ENSG00000169251,NMD3,Q96D46,S,25,0.229024954369665
13397,ENSG00000150625,GPM6A,P51674,T,268,0.146820961674803
13400,ENSG00000176853,FAM91A1,Q658Y4,S,829,0.307025062364544
13403,ENSG00000041802,LSG1,Q9H089,S,93,0.404019478319475
13404,ENSG00000163466,ARPC2,O15144,T,194,0.386574604200983
13406,ENSG00000120549,KIAA1217,Q5T5P2,S,353,0.441891218496984
13407,ENSG00000081913,PHLPP1,O60346,S,313,0.217530676148611
13409,ENSG00000136854,STXBP1,P61764,S,269,0.0843379301927855
13410,ENSG00000213672,NCKIPSD,Q9NZQ3,T,121,0.166407125412405
13411,ENSG00000153317,ASAP1,Q9ULH1,T,784,0.0767938286339495
13413,ENSG00000099308,MAST3,O60307,S,39,0.464460962447482
13417,ENSG00000108854,SMURF2,Q9HAU4,S,44,0.315964534603221
13418,ENSG00000013573,DDX11,A8MPP1,S,204,0.392190376089649
13419,ENSG00000104067,TJP1,Q07157,S,1065,0.17502925777819
13422,ENSG00000005073,HOXA11,P31270,S,220,0.129017963501285
13423,ENSG00000115993,TRAK2,O60296,S,387,0.22186409329685
13424,ENSG00000263465,SRSF8,Q9BRL6,S,196,0.442138492536612
13426,ENSG00000163945,UVSSA,Q2YD98,S,476,0.241474505261362
13427,ENSG00000112561,TFEB,P19484,S,463,0.513313611991257
13428,ENSG00000138385,SSB,P05455,T,362,0.328147139580056
13429,ENSG00000086758,HUWE1,Q7Z6Z7,T,1905,0.228884884894612
13433,ENSG00000013374,NUB1,Q9Y5A7,S,489,0.178520130146377
13444,ENSG00000120913,PDLIM2,Q96JY6,S,116,0.143811449134178
13446,ENSG00000069275,NUCKS1,Q9H1E3,S,14,0.652080116766326
13449,ENSG00000125351,UPF3B,Q9BZI7,S,409,0.128514156294037
13451,ENSG00000197555,SIPA1L1,O43166,S,310,0.0597089065291816
13452,ENSG00000066405,CLDN18,P56856,S,233,0.143739441044884
13453,ENSG00000170921,TANC2,Q9HCD6,S,1560,0.401041886652601
13455,ENSG00000167978,SRRM2,Q9UQ35,S,311,0.141194499968518
13457,ENSG00000090975,PITPNM2,Q9BZ72,S,319,0.424829308559622
13460,ENSG00000173801,JUP,P14923,Y,20,0.391569844387084
13461,ENSG00000112210,RAB23,Q9ULC3,S,197,0.12625197762799
13463,ENSG00000142156,COL6A1,P12109,S,766,0.123264948291544
13464,ENSG00000007237,GAS7,O60861,S,156,0.496629116289372
13465,ENSG00000283526,PRRT1B,A0A1B0GWB2,T,20,0.210916899418712
13466,ENSG00000100154,TTC28,Q96AY4,S,1372,0.189336867335575
13467,ENSG00000067365,METTL22,Q9BUU2,S,132,0.636668584435672
13469,ENSG00000197822,OCLN,Q16625,S,340,0.402677586243636
13470,ENSG00000102098,SCML2,Q9UQR0,S,267,0.474461256467728
13471,ENSG00000184384,MAML2,Q8IZL2,S,1089,0.156472056588722
13472,ENSG00000141503,MINK1,Q8N4C8,T,1008,0.354931184848176
13476,ENSG00000163820,FYCO1,Q9BQS8,S,580,0.0998517062771749
13479,ENSG00000133835,HSD17B4,P51659,S,304,0.300578995041568
13481,ENSG00000150457,LATS2,Q9NRM7,S,528,0.282544299791173
13483,ENSG00000087206,UIMC1,Q96RL1,S,205,0.390416919117264
13488,ENSG00000169592,INO80E,Q8NBZ0,S,111,0.202452199377909
13489,ENSG00000100364,KIAA0930,Q6ICG6,S,328,0.167707188974848
13492,ENSG00000072121,ZFYVE26,Q68DK2,S,1271,0.193195065982206
13494,ENSG00000172943,PHF8,Q9UPP1,S,834,0.274286279470973
13495,ENSG00000148516,ZEB1,P37275,S,319,0.497800668253144
13498,ENSG00000181555,SETD2,Q9BYW2,S,1898,0.161335310075005
13499,ENSG00000065618,COL17A1,Q9UMD9,S,70,0.252525346770346
13501,ENSG00000100393,EP300,Q09472,T,887,0.209964355901834
13502,ENSG00000134215,VAV3,Q9UKW4,Y,217,0.376953212557588
13505,ENSG00000065526,SPEN,Q96T58,T,1258,0.0670640143347916
13506,ENSG00000075426,FOSL2,P15408,S,232,0.335737644987933
13508,ENSG00000160211,G6PD,P11413,T,10,0.429377268568147
13510,ENSG00000100345,MYH9,P35579,S,1628,0.188289176068425
13512,ENSG00000122482,ZNF644,Q9H582,S,375,0.181672254876962
13514,ENSG00000118412,CASP8AP2,Q9UKL3,S,29,0.271849187777922
13516,ENSG00000115216,NRBP1,Q9UHY1,T,232,0.570437801335814
13517,ENSG00000119844,AFTPH,Q6ULP2,S,226,0.2475683345527
13519,ENSG00000141867,BRD4,O60885,S,1100,0.101040470977303
13520,ENSG00000168575,SLC20A2,Q08357,S,253,0.393491290039564
13521,ENSG00000145868,FBXO38,Q6PIJ6,S,600,0.267876952293913
13525,ENSG00000170088,TMEM192,Q8IY95,Y,213,0.870311585734238
13526,ENSG00000088930,XRN2,Q9H0D6,T,481,0.182942744877581
13528,ENSG00000143036,SLC44A3,Q8N4M1,S,639,0.152784623039116
13530,ENSG00000173068,BNC2,Q6ZN30,T,543,0.123134588081133
13532,ENSG00000099992,TBC1D10A,Q9BXI6,S,40,0.427891392772857
13533,ENSG00000186834,HEXIM1,O94992,T,236,0.400430766685234
13535,ENSG00000088970,KIZ,Q2M2Z5,S,321,0.40660108389341
13536,ENSG00000164144,ARFIP1,P53367,T,16,0.106940770061641
13537,ENSG00000122958,VPS26A,O75436,T,307,0.263059680195701
13539,ENSG00000185567,AHNAK2,Q8IVF2,S,5395,0.0794450282437863
13540,ENSG00000198873,GRK5,P34947,T,485,0.539482687991785
13542,ENSG00000196924,FLNA,P21333,S,2329,0.192536901569926
13546,ENSG00000075711,DLG1,Q12959,S,573,0.405038538636856
13549,ENSG00000113638,TTC33,Q6PID6,T,251,0.374566089241761
13550,ENSG00000122966,CIT,O14578,S,1582,0.136666844532865
13552,ENSG00000022567,SLC45A4,Q5BKX6,S,424,0.545957266143598
13554,ENSG00000072518,MARK2,Q7KZI7,T,467,0.489897438663121
13555,ENSG00000075275,CELSR1,Q9NYQ6,S,2737,0.275610768440258
13558,ENSG00000125753,VASP,P50552,Y,39,0.830216201264707
13560,ENSG00000126583,PRKCG,P05129,T,655,0.338072271140911
13561,ENSG00000136279,DBNL,Q9UJU6,S,146,0.344188594224063
13562,ENSG00000110931,CAMKK2,Q96RR4,S,137,0.604378994269985
13563,ENSG00000100034,PPM1F,P49593,S,454,0.403982389205726
13565,ENSG00000176788,BASP1,P80723,S,182,0.280081040824873
13566,ENSG00000078114,NEBL,O76041,T,813,0.380420880499683
13567,ENSG00000100345,MYH9,P35579,S,1808,0.235414107779256
13568,ENSG00000156531,PHF6,Q8IWS0,S,145,0.427686368845215
13574,ENSG00000104714,ERICH1,Q86X53,T,62,0.450548759217154
13575,ENSG00000198929,NOS1AP,O75052,S,374,0.496016682597013
13576,ENSG00000169032,MAP2K1,Q02750,S,385,0.305654555904857
13580,ENSG00000073969,NSF,P46459,S,106,0.30965222030935
13584,ENSG00000159140,SON,P18583,S,1774,0.134931882939943
13585,ENSG00000114812,VIPR1,P32241,S,449,0.528482106541249
13589,ENSG00000177169,ULK1,O75385,S,403,0.463124574629063
13590,ENSG00000160972,PPP1R16A,Q96I34,S,60,0.277160684255763
13595,ENSG00000138674,SEC31A,O94979,S,1101,0.211403638926543
13596,ENSG00000072201,LNX1,Q8TBB1,S,583,0.182150579422836
13599,ENSG00000183742,MACC1,Q6ZN28,S,515,0.291054898632573
13601,ENSG00000248333,CDK11B,P21127,S,113,0.314124799446815
13604,ENSG00000047579,DTNBP1,Q96EV8,S,298,0.124723533028851
13606,ENSG00000213066,FGFR1OP,O95684,S,215,0.116255153989453
13607,ENSG00000111731,C2CD5,Q86YS7,T,807,0.294723949704632
13608,ENSG00000204160,ZDHHC18,Q9NUE0,S,61,0.304665289989086
13611,ENSG00000167548,KMT2D,O14686,T,4621,0.370987728104754
13612,ENSG00000136527,TRA2B,P62995,T,203,0.550572847827976
13615,ENSG00000196632,WNK3,Q9BYP7,S,1471,0.108502632463611
13619,ENSG00000119185,ITGB1BP1,O14713,S,28,0.327945757946219
13621,ENSG00000134250,NOTCH2,Q04721,S,2070,0.324724694147612
13622,ENSG00000225830,ERCC6,Q03468,T,303,0.318612852310565
13623,ENSG00000128011,LRFN1,Q9P244,S,674,0.224016141039155
13625,ENSG00000148158,SNX30,Q5VWJ9,T,38,0.405245303928592
13626,ENSG00000050820,BCAR1,P56945,Y,362,0.623618354709784
13627,ENSG00000112787,FBRSL1,Q9HCM7,S,808,0.147819641899695
13630,ENSG00000173020,GRK2,P25098,S,685,0.583885881338238
13631,ENSG00000100109,TFIP11,Q9UBB9,S,144,0.282066793124394
13632,ENSG00000148337,CIZ1,Q9ULV3,T,333,0.196322615036811
13633,ENSG00000160447,PKN3,Q6P5Z2,S,488,0.308928474831771
13635,ENSG00000182809,CRIP2,P52943,S,114,0.433321870453199
13636,ENSG00000183248,PRR36,Q9H6K5,S,1109,0.173275475171064
13637,ENSG00000086712,TXLNG,Q9NUQ3,S,97,0.444548809141434
13641,ENSG00000118058,KMT2A,Q03164,T,3510,0.208816761276291
13643,ENSG00000079950,STX7,O15400,S,81,0.379431097877136
13652,ENSG00000109458,GAB1,Q13480,S,274,0.379046458882584
13654,ENSG00000110274,CEP164,Q9UPV0,S,1213,0.179089453889294
13655,ENSG00000078070,MCCC1,Q96RQ3,S,724,0.275937989809259
13658,ENSG00000135631,RAB11FIP5,Q9BXF6,S,367,0.384504738671492
13659,ENSG00000087274,ADD1,P35611,S,423,0.276402591390086
13660,ENSG00000143799,PARP1,P09874,S,179,0.37940115092717
13661,ENSG00000182795,C1orf116,Q9BW04,S,21,0.442066570310167
13664,ENSG00000100266,PACSIN2,Q9UNF0,S,357,0.197631283570203
13666,ENSG00000137166,FOXP4,Q8IVH2,S,57,0.364685698869604
13667,ENSG00000116128,BCL9,O00512,S,873,0.368885615619867
13669,ENSG00000130475,FCHO1,O14526,S,587,0.392731645900944
13671,ENSG00000154928,EPHB1,P54762,S,899,0.354149049894089
13675,ENSG00000171992,SYNPO,Q8N3V7,T,560,0.0890458917617042
13676,ENSG00000075151,EIF4G3,O43432,S,1156,0.362693858498281
13678,ENSG00000198121,LPAR1,Q92633,S,346,0.286879776206343
13679,ENSG00000102081,FMR1,P51116,S,620,0.487928114870582
13680,ENSG00000204175,GPRIN2,O60269,S,266,0.304285581757436
13682,ENSG00000091039,OSBPL8,Q9BZF1,S,314,0.420120286567558
13685,ENSG00000023839,ABCC2,Q92887,S,878,0.358422537581032
13686,ENSG00000130726,TRIM28,Q13263,S,596,0.327800590649541
13687,ENSG00000141582,CBX4,O00257,S,442,0.39770940510659
13689,ENSG00000160299,PCNT,O95613,T,2324,0.0465330172232822
13693,ENSG00000203965,EFCAB7,A8K855,S,200,0.416665557659314
13696,ENSG00000164080,RAD54L2,Q9Y4B4,S,1421,0.348397507137723
13698,ENSG00000065526,SPEN,Q96T58,S,309,0.321861478369684
13701,ENSG00000114019,AMOTL2,Q9Y2J4,S,602,0.689933903992138
13702,ENSG00000138101,DTNB,O60941,S,608,0.25906265870537
13703,ENSG00000137770,CTDSPL2,Q05D32,S,146,0.497902837549134
13704,ENSG00000144136,SLC20A1,Q8WUM9,S,267,0.29682058570749
13706,ENSG00000143924,EML4,Q9HC35,T,899,0.494213672126898
13707,ENSG00000111640,GAPDH,P04406,T,211,0.680110129900621
13709,ENSG00000111679,PTPN6,P29350,S,140,0.32331640803811
13710,ENSG00000072134,EPN2,O95208,S,182,0.3481912977139
13712,ENSG00000185122,HSF1,Q00613,S,320,0.488501173679384
13713,ENSG00000170004,CHD3,Q12873,S,1538,0.106080077807109
13715,ENSG00000178209,PLEC,Q15149,Y,4615,0.545196053436027
13716,ENSG00000176485,PLA2G16,P53816,S,85,0.498749763214873
13717,ENSG00000079246,XRCC5,P13010,S,244,0.36525298222071
13721,ENSG00000170471,RALGAPB,Q86X10,T,1310,0.0670600577004037
13723,ENSG00000112561,TFEB,P19484,S,455,0.565334611738387
13725,ENSG00000204217,BMPR2,Q13873,S,680,0.341772323230542
13729,ENSG00000141052,MYOCD,Q8IZQ8,S,704,0.14489792825627
13732,ENSG00000083097,DOPEY1,Q5JWR5,S,2421,0.166441337872162
13733,ENSG00000121289,CEP89,Q96ST8,S,77,0.327215856982843
13734,ENSG00000132846,ZBED3,Q96IU2,S,109,0.415510331900025
13735,ENSG00000010818,HIVEP2,P31629,S,1443,0.362941619746726
13736,ENSG00000089154,GCN1,Q92616,S,2657,0.134405131558818
13739,ENSG00000163328,GPR155,Q7Z3F1,S,867,0.2191863174878
13740,ENSG00000106089,STX1A,Q16623,S,95,0.145031726030453
13741,ENSG00000132024,CC2D1A,Q6P1N0,T,204,0.364934988499421
13742,ENSG00000149115,TNKS1BP1,Q9C0C2,S,260,0.165811673216761
13743,ENSG00000103319,EEF2K,O00418,S,627,0.18475823124113
13744,ENSG00000137843,PAK6,Q9NQU5,S,351,0.475939108837885
13745,ENSG00000113441,LNPEP,Q9UIQ6,S,51,0.361360179936713
13746,ENSG00000154639,CXADR,P78310,S,301,0.371064467157661
13747,ENSG00000143393,PI4KB,Q9UBF8,S,425,0.484070875337991
13749,ENSG00000165238,WNK2,Q9Y3S1,S,1798,0.117576970561086
13750,ENSG00000134250,NOTCH2,Q04721,S,2081,0.300364575422357
13752,ENSG00000163110,PDLIM5,Q96HC4,T,80,0.176478684786808
13753,ENSG00000170921,TANC2,Q9HCD6,S,129,0.160929573363353
13754,ENSG00000100580,TMED8,Q6PL24,S,63,0.372226723921297
13762,ENSG00000072518,MARK2,Q7KZI7,S,479,0.271596679192256
13763,ENSG00000179562,GCC1,Q96CN9,S,91,0.181090279466713
13764,ENSG00000204469,PRRC2A,P48634,S,808,0.335561991696095
13767,ENSG00000104419,NDRG1,Q92597,S,378,0.294797321353041
13773,ENSG00000180900,SCRIB,Q14160,S,1353,0.194389487808699
13775,ENSG00000165699,TSC1,Q92574,S,539,0.0793315782955922
13776,ENSG00000109756,RAPGEF2,Q9Y4G8,S,1256,0.259380467962378
13779,ENSG00000026025,VIM,P08670,T,37,0.603353061640045
13780,ENSG00000111752,PHC1,P78364,S,645,0.347535089126302
13781,ENSG00000115282,TTC31,Q49AM3,S,278,0.228096231559223
13784,ENSG00000116128,BCL9,O00512,S,865,0.217320113294135
13786,ENSG00000136279,DBNL,Q9UJU6,S,274,0.442625381182502
13788,ENSG00000141084,RANBP10,Q6VN20,S,451,0.249685356455208
13791,ENSG00000169057,MECP2,P51608,S,396,0.122757434757992
13792,ENSG00000129682,FGF13,Q92913,S,208,0.43961488226401
13793,ENSG00000147526,TACC1,O75410,S,287,0.506548426055462
13795,ENSG00000143514,TP53BP2,Q13625,S,567,0.0846588203696149
13797,ENSG00000130723,PRRC2B,Q5JSZ5,S,1671,0.202383466985415
13799,ENSG00000063244,U2AF2,P26368,S,294,0.378437626479119
13800,ENSG00000170604,IRF2BP1,Q8IU81,T,416,0.370714369395526
13801,ENSG00000113583,C5orf15,Q8NC54,S,256,0.472933439681338
13802,ENSG00000176915,ANKLE2,Q86XL3,S,512,0.537137738191659
13803,ENSG00000121289,CEP89,Q96ST8,S,173,0.17147506878069
13804,ENSG00000169504,CLIC4,Q9Y696,S,245,0.107767501735126
13805,ENSG00000168071,CCDC88B,A6NC98,S,1370,0.16066959915719
13807,ENSG00000156030,ELMSAN1,Q6PJG2,T,715,0.621095169080527
13811,ENSG00000186522,SEPT10,Q9P0V9,S,25,0.435693896261297
13812,ENSG00000154553,PDLIM3,Q53GG5,S,145,0.380687657583503
13813,ENSG00000171148,TADA3,O75528,S,280,0.242242829278009
13814,ENSG00000049323,LTBP1,Q14766,S,321,0.194556349285529
13816,ENSG00000177169,ULK1,O75385,S,775,0.455752628774886
13820,ENSG00000121621,KIF18A,Q8NI77,T,706,0.401920509576806
13822,ENSG00000074755,ZZEF1,O43149,S,1267,0.0808070909186645
13823,ENSG00000136026,CKAP4,Q07065,S,19,0.311839680113737
13824,ENSG00000166341,DCHS1,Q96JQ0,S,3058,0.095639020254551
13827,ENSG00000134644,PUM1,Q14671,S,75,0.346534329360519
13829,ENSG00000088833,NSFL1C,Q9UNZ2,S,176,0.52369151760792
13830,ENSG00000078618,NRDC,O43847,S,61,0.192406549976076
13833,ENSG00000004139,SARM1,Q6SZW1,S,54,0.270139675819177
13834,ENSG00000116675,DNAJC6,O75061,S,745,0.205431673907513
13835,ENSG00000168071,CCDC88B,A6NC98,S,600,0.28698959642511
13839,ENSG00000013619,MAMLD1,Q13495,S,465,0.214298771554913
13840,ENSG00000143322,ABL2,P42684,S,602,0.133600235041087
13841,ENSG00000105618,PRPF31,Q8WWY3,S,450,0.342304058112648
13842,ENSG00000135378,PRRG4,Q9BZD6,S,38,0.128353323974824
13843,ENSG00000067369,TP53BP1,Q12888,S,1634,0.163972871885047
13844,ENSG00000163798,SLC4A1AP,Q9BWU0,S,535,0.323837996589832
13846,ENSG00000165416,SUGT1,Q9Y2Z0,S,321,0.415123492000636
13847,ENSG00000144136,SLC20A1,Q8WUM9,S,269,0.605707758092982
13849,ENSG00000146247,PHIP,Q8WWQ0,S,1560,0.291676802779979
13850,ENSG00000135250,SRPK2,P78362,S,8,0.107706926828678
13853,ENSG00000119900,OGFRL1,Q5TC84,S,338,0.447282508450391
13857,ENSG00000121058,COIL,P38432,S,566,0.418157592265132
13858,ENSG00000130940,CASZ1,Q86V15,S,741,0.34392737627863
13859,ENSG00000168517,HEXIM2,Q96MH2,T,46,0.476529301321551
13862,ENSG00000070061,ELP1,O95163,S,471,0.218126096797111
13863,ENSG00000152661,GJA1,P17302,S,369,0.873742867497329
13869,ENSG00000055609,KMT2C,Q8NEZ4,S,1947,0.158327642638326
13870,ENSG00000141027,NCOR1,O75376,S,1750,0.375873402126629
13871,ENSG00000139083,ETV6,P41212,S,203,0.507391708509295
13872,ENSG00000162852,CNST,Q6PJW8,S,436,0.422038795465893
13873,ENSG00000122257,RBBP6,Q7Z6E9,S,1648,0.185868034100003
13877,ENSG00000097007,ABL1,P00519,S,659,0.315134054905292
13880,ENSG00000196396,PTPN1,P18031,S,15,0.1011618815615
13881,ENSG00000155307,SAMSN1,Q9NSI8,S,34,0.359982428390271
13882,ENSG00000176108,CHMP6,Q96FZ7,S,119,0.246124598192323
13883,ENSG00000099812,MISP,Q8IVT2,S,278,0.117833181840885
13884,ENSG00000117877,CD3EAP,O15446,S,359,0.431105059778474
13891,ENSG00000260916,CCPG1,Q9ULG6,S,186,0.392029239198145
13893,ENSG00000104825,NFKBIB,Q15653,S,183,0.512849717606713
13895,ENSG00000131711,MAP1B,P46821,S,1211,0.217593345653007
13896,ENSG00000108828,VAT1,Q99536,S,17,0.27872769200446
13897,ENSG00000197226,TBC1D9B,Q66K14,S,439,0.152798611870242
13899,ENSG00000095787,WAC,Q9BTA9,S,446,0.666759668195912
13900,ENSG00000031823,RANBP3,Q9H6Z4,Y,115,0.444356134859995
13901,ENSG00000139354,GAS2L3,Q86XJ1,S,570,0.445538291200072
13902,ENSG00000147548,NSD3,Q9BZ95,S,671,0.321697040265243
13903,ENSG00000107186,MPDZ,O75970,S,1593,0.0907906150841506
13904,ENSG00000204469,PRRC2A,P48634,S,765,0.172326733937265
13907,ENSG00000105185,PDCD5,O14737,S,51,0.35844841822989
13908,ENSG00000066933,MYO9A,B2RTY4,S,812,0.102308502182212
13909,ENSG00000107679,PLEKHA1,Q9HB21,S,330,0.300659885371139
13910,ENSG00000167978,SRRM2,Q9UQ35,S,871,0.239466402139335
13915,ENSG00000159784,FAM131B,Q86XD5,S,297,0.245610520038088
13918,ENSG00000103222,ABCC1,P33527,S,915,0.378105688068654
13921,ENSG00000273841,TAF9,Q16594,T,166,0.369146982530193
13923,ENSG00000197111,PCBP2,Q15366,S,90,0.18881246234944
13924,ENSG00000110713,NUP98,P52948,S,1465,0.0845198893366673
13926,ENSG00000158321,AUTS2,Q8WXX7,S,1250,0.407841092776448
13927,ENSG00000170390,DCLK2,Q8N568,S,317,0.408738515630606
13928,ENSG00000171988,JMJD1C,Q15652,T,2052,0.248253246528465
13929,ENSG00000103194,USP10,Q14694,S,80,0.130306748561066
13931,ENSG00000197077,KIAA1671,Q9BY89,S,380,0.0370663900664678
13933,ENSG00000163092,XIRP2,A4UGR9,S,3295,0.0532504820707975
13934,ENSG00000121966,CXCR4,P61073,T,318,0.403460844781584
13935,ENSG00000136478,TEX2,Q8IWB9,S,748,0.360851706986909
13936,ENSG00000116871,MAP7D1,Q3KQU3,S,240,0.103030711323463
13937,ENSG00000166471,TMEM41B,Q5BJD5,S,35,0.144110314991079
13938,ENSG00000075711,DLG1,Q12959,S,567,0.23984773335599
13939,ENSG00000144554,FANCD2,Q9BXW9,S,1257,0.295421442230667
13941,ENSG00000148773,MKI67,P46013,T,1505,0.161952904111441
13942,ENSG00000184304,PRKD1,Q15139,S,345,0.114646497644647
13943,ENSG00000134954,ETS1,P14921,Y,283,0.686456851453756
13945,ENSG00000100207,TCF20,Q9UGU0,S,541,0.202248773699526
13947,ENSG00000100897,DCAF11,Q8TEB1,S,75,0.285500972608345
13948,ENSG00000064999,ANKS1A,Q92625,Y,455,0.876278856535461
13950,ENSG00000108559,NUP88,Q99567,S,49,0.3170005990467
13953,ENSG00000085224,ATRX,P46100,S,750,0.178280665002205
13954,ENSG00000102755,FLT1,P17948,S,1207,0.291845538752288
13955,ENSG00000074054,CLASP1,Q7Z460,S,545,0.200064949560683
13959,ENSG00000164576,SAP30L,Q9HAJ7,T,104,0.319329828655133
13960,ENSG00000171467,ZNF318,Q5VUA4,S,160,0.192954602532809
13965,ENSG00000163346,PBXIP1,Q96AQ6,S,147,0.410320255878234
13967,ENSG00000082153,BZW1,Q7L1Q6,S,391,0.426449052439988
13968,ENSG00000106263,EIF3B,P55884,S,117,0.305316028519915
13970,ENSG00000106571,GLI3,P10071,S,906,0.203759905732039
13973,ENSG00000116871,MAP7D1,Q3KQU3,S,241,0.373235572672367
13974,ENSG00000151491,EPS8,Q12929,S,481,0.238689927784419
13976,ENSG00000139926,FRMD6,Q96NE9,S,522,0.572091585720692
13977,ENSG00000080845,DLGAP4,Q9Y2H0,S,732,0.274856648852577
13978,ENSG00000139350,NEDD1,Q8NHV4,T,515,0.256037690442975
13980,ENSG00000082397,EPB41L3,Q9Y2J2,T,467,0.201179225262005
13982,ENSG00000135250,SRPK2,P78362,T,498,0.308788312053494
13983,ENSG00000133858,ZFC3H1,O60293,S,805,0.269374911621887
13984,ENSG00000173575,CHD2,O14647,S,1789,0.500694140722504
13985,ENSG00000185215,TNFAIP2,Q03169,S,68,0.194652174475141
13987,ENSG00000164867,NOS3,P29474,S,634,0.22735108068551
13989,ENSG00000125505,MBOAT7,Q96N66,S,284,0.299099110991114
13990,ENSG00000093167,LRRFIP2,Q9Y608,T,317,0.54975876792774
13991,ENSG00000101189,MRGBP,Q9NV56,S,147,0.114490990937316
13994,ENSG00000122966,CIT,O14578,S,1317,0.044941059599055
13998,ENSG00000130762,ARHGEF16,Q5VV41,S,9,0.405262857650117
13999,ENSG00000079308,TNS1,Q9HBL0,S,1340,0.303949280119013
14000,ENSG00000146463,ZMYM4,Q5VZL5,S,110,0.23497757238208
14005,ENSG00000099625,CBARP,Q8N350,S,328,0.49807208564935
14006,ENSG00000230778,ANKRD63,C9JTQ0,S,203,0.263607282235969
14008,ENSG00000114745,GORASP1,Q9BQQ3,S,220,0.272290403669953
14009,ENSG00000177728,TMEM94,Q12767,S,221,0.477154922404841
14011,ENSG00000170448,NFXL1,Q6ZNB6,S,50,0.323428300481527
14012,ENSG00000155465,SLC7A7,Q9UM01,T,5,0.134219687899041
14014,ENSG00000114850,SSR3,Q9UNL2,S,7,0.272566158801613
14016,ENSG00000144567,RETREG2,Q8NC44,S,403,0.258769461834797
14018,ENSG00000167548,KMT2D,O14686,T,2233,0.307295632753983
14019,ENSG00000124831,LRRFIP1,Q32MZ4,T,466,0.079260476117631
14021,ENSG00000127527,EPS15L1,Q9UBC2,S,355,0.460996735770047
14022,ENSG00000170027,YWHAG,P61981,S,113,0.107914375743546
14025,ENSG00000257923,CUX1,P39880,S,1349,0.0712088868351272
14028,ENSG00000070808,CAMK2A,Q9UQM7,T,310,0.42993998117897
14029,ENSG00000188112,C6orf132,Q5T0Z8,S,1160,0.239144466491942
14030,ENSG00000113758,DBN1,Q16643,S,141,0.506285832208965
14032,ENSG00000141577,CEP131,Q9UPN4,S,308,0.169441176258848
14033,ENSG00000165699,TSC1,Q92574,S,361,0.242549594165602
14036,ENSG00000138709,LARP1B,Q659C4,S,331,0.311185842474952
14041,ENSG00000067369,TP53BP1,Q12888,S,1758,0.362663175614792
14043,ENSG00000014641,MDH1,P40925,S,189,0.265675229700523
14044,ENSG00000079950,STX7,O15400,S,174,0.154864863046206
14047,ENSG00000186638,KIF24,Q5T7B8,S,102,0.265111351782898
14048,ENSG00000170921,TANC2,Q9HCD6,S,1534,0.437040546653373
14050,ENSG00000166716,ZNF592,Q92610,S,361,0.49885249650047
14053,ENSG00000118058,KMT2A,Q03164,S,3511,0.347639491828774
14055,ENSG00000134909,ARHGAP32,A7KAX9,S,44,0.0778670137890524
14056,ENSG00000088387,DOCK9,Q9BZ29,T,1217,0.0886526197777041
14057,ENSG00000099889,ARVCF,O00192,S,198,0.368304834828516
14059,ENSG00000181826,RELL1,Q8IUW5,T,154,0.324654771967917
14061,ENSG00000102893,PHKB,Q93100,S,701,0.492470715141941
14062,ENSG00000085733,CTTN,Q14247,S,155,0.301174877331967
14063,ENSG00000197535,MYO5A,Q9Y4I1,S,1651,0.466756493833394
14064,ENSG00000084092,NOA1,Q8NC60,S,419,0.210198397643526
14068,ENSG00000156011,PSD3,Q9NYI0,T,772,0.23866025310663
14069,ENSG00000153823,PID1,Q7Z2X4,S,238,0.123745175767815
14070,ENSG00000132716,DCAF8,Q5TAQ9,S,27,0.344874956932669
14071,ENSG00000108557,RAI1,Q7Z5J4,T,696,0.211205221759465
14073,ENSG00000124789,NUP153,P49790,T,632,0.176527434127954
14074,ENSG00000151208,DLG5,Q8TDM6,S,1305,0.347310058526639
14076,ENSG00000163950,SLBP,Q14493,T,171,0.811980585852643
14079,ENSG00000019144,PHLDB1,Q86UU1,S,157,0.402101951326815
14084,ENSG00000157500,APPL1,Q9UKG1,T,399,0.526428430782443
14085,ENSG00000118197,DDX59,Q5T1V6,S,156,0.353335849729282
14086,ENSG00000148516,ZEB1,P37275,T,29,0.111182350241633
14089,ENSG00000105705,SUGP1,Q8IWZ8,S,61,0.185444925961736
14091,ENSG00000134757,DSG3,P32926,T,980,0.177430978226693
14092,ENSG00000114383,TUSC2,O75896,S,50,0.459381193615384
14093,ENSG00000030419,IKZF2,Q9UKS7,S,79,0.340549344746548
14094,ENSG00000148356,LRSAM1,Q6UWE0,S,290,0.412249407183018
14096,ENSG00000164715,LMTK2,Q8IWU2,S,525,0.12149861268352
14098,ENSG00000134744,ZCCHC11,Q5TAX3,S,841,0.220071589105165
14099,ENSG00000172939,OXSR1,O95747,S,423,0.166734496681702
14100,ENSG00000187800,PEAR1,Q5VY43,S,964,0.173442917962548
14101,ENSG00000168476,REEP4,Q9H6H4,S,202,0.371398697238627
14102,ENSG00000079335,CDC14A,Q9UNH5,S,583,0.437240318842278
14104,ENSG00000121413,ZSCAN18,Q8TBC5,S,14,0.526801839749781
14106,ENSG00000198198,SZT2,Q5T011,S,723,0.216752116705073
14107,ENSG00000124942,AHNAK,Q09666,S,1023,0.176666181212714
14111,ENSG00000103319,EEF2K,O00418,S,78,0.428157890149933
14115,ENSG00000115806,GORASP2,Q9H8Y8,S,449,0.300522985881887
14116,ENSG00000121766,ZCCHC17,Q9NP64,S,170,0.184912114430363
14117,ENSG00000148498,PARD3,Q8TEW0,S,889,0.5256750707113
14118,ENSG00000196924,FLNA,P21333,S,377,0.316160039519869
14119,ENSG00000171475,WIPF2,Q8TF74,T,300,0.114046310350793
14120,ENSG00000118900,UBN1,Q9NPG3,S,338,0.216474236782494
14122,ENSG00000164889,SLC4A2,P04920,S,172,0.315939983280306
14125,ENSG00000242612,DECR2,Q9NUI1,S,287,0.367801980924663
14126,ENSG00000174306,ZHX3,Q9H4I2,S,577,0.188982695292683
14127,ENSG00000165494,PCF11,O94913,S,169,0.265540230841119
14128,ENSG00000166925,TSC22D4,Q9Y3Q8,S,264,0.521350001521207
14129,ENSG00000134775,FHOD3,Q2V2M9,T,378,0.190257751607136
14131,ENSG00000065526,SPEN,Q96T58,T,3244,0.173456736386665
14136,ENSG00000118298,CA14,Q9ULX7,S,325,0.213501594469617
14137,ENSG00000159423,ALDH4A1,P30038,S,410,0.134704254063878
14145,ENSG00000161202,DVL3,Q92997,T,695,0.148277675092078
14146,ENSG00000109089,CDR2L,Q86X02,S,344,0.388113365451952
14147,ENSG00000113504,SLC12A7,Q9Y666,S,108,0.170752766113587
14150,ENSG00000084733,RAB10,P61026,S,181,0.300481752771323
14151,ENSG00000134909,ARHGAP32,A7KAX9,S,1585,0.407424689036767
14152,ENSG00000141378,PTRH2,Q9Y3E5,S,54,0.316520138833703
14154,ENSG00000108384,RAD51C,O43502,S,20,0.553571947515799
14156,ENSG00000149554,CHEK1,O14757,S,317,0.975351982693878
14157,ENSG00000115464,USP34,Q70CQ2,S,3384,0.270541809696008
14158,ENSG00000147044,CASK,O14936,S,562,0.309029502542771
14163,ENSG00000134294,SLC38A2,Q96QD8,S,22,0.528355827571384
14164,ENSG00000115977,AAK1,Q2M2I8,T,653,0.349677635896706
14166,ENSG00000168522,FNTA,P49354,T,375,0.25660087467022
14167,ENSG00000138835,RGS3,P49796,S,946,0.320509478379276
14169,ENSG00000164080,RAD54L2,Q9Y4B4,S,1169,0.540760632924242
14172,ENSG00000159784,FAM131B,Q86XD5,S,105,0.171735823056987
14174,ENSG00000029363,BCLAF1,Q9NYF8,S,228,0.502849046404026
14175,ENSG00000154803,FLCN,Q8NFG4,S,298,0.156073899432805
14177,ENSG00000114859,CLCN2,P51788,T,20,0.145676739491711
14178,ENSG00000170004,CHD3,Q12873,S,1553,0.154728616111911
14179,ENSG00000131095,GFAP,P14136,S,13,0.437677620875864
14182,ENSG00000141551,CSNK1D,P48730,S,328,0.392237752677967
14183,ENSG00000100632,ERH,P84090,S,24,0.362098434395563
14184,ENSG00000147526,TACC1,O75410,S,305,0.162756516950954
14189,ENSG00000167110,GOLGA2,Q08379,S,792,0.0884419779891671
14192,ENSG00000112419,PHACTR2,O75167,S,423,0.0935128851886014
14193,ENSG00000183742,MACC1,Q6ZN28,S,184,0.422281378255592
14194,ENSG00000065923,SLC9A7,Q96T83,S,695,0.346353250459537
14197,ENSG00000132155,RAF1,P04049,S,291,0.259658549362886
14198,ENSG00000072803,FBXW11,Q9UKB1,S,65,0.317585556442397
14203,ENSG00000010270,STARD3NL,O95772,S,227,0.348496252411115
14205,ENSG00000176619,LMNB2,Q03252,S,292,0.0980146148898488
14207,ENSG00000175592,FOSL1,P15407,S,74,0.459253559506181
14210,ENSG00000123146,ADGRE5,P48960,S,818,0.348234636983594
14211,ENSG00000278540,ACACA,Q13085,S,488,0.176525734295455
14212,ENSG00000099849,RASSF7,Q02833,T,129,0.31179211620435
14213,ENSG00000136478,TEX2,Q8IWB9,S,802,0.469301207968639
14215,ENSG00000132825,PPP1R3D,O95685,S,77,0.405198859931985
14217,ENSG00000125618,PAX8,Q06710,T,279,0.288502581762085
14218,ENSG00000116117,PARD3B,Q8TEW8,S,403,0.0814612345097078
14219,ENSG00000101447,FAM83D,Q9H4H8,S,458,0.363418557224279
14220,ENSG00000136068,FLNB,O75369,S,2135,0.444213957661569
14222,ENSG00000089048,ESF1,Q9H501,S,735,0.225249785330949
14223,ENSG00000144867,SRPRB,Q9Y5M8,S,112,0.322060287906398
14224,ENSG00000079308,TNS1,Q9HBL0,T,1433,0.0744501068242676
14226,ENSG00000109572,CLCN3,P51790,S,745,0.550293118597646
14227,ENSG00000148426,PROSER2,Q86WR7,S,382,0.220540456844231
14229,ENSG00000197694,SPTAN1,Q13813,S,416,0.228661260546386
14230,ENSG00000170242,USP47,Q96K76,S,1353,0.620412345168407
14231,ENSG00000055483,USP36,Q9P275,S,582,0.476511841645613
14235,ENSG00000157107,FCHO2,Q0JRZ9,S,511,0.309962164221514
14237,ENSG00000101384,JAG1,P78504,S,1105,0.155068876895476
14239,ENSG00000179134,SAMD4B,Q5PRF9,S,236,0.303491075808545
14240,ENSG00000187867,PALM3,A6NDB9,S,284,0.122589164353755
14241,ENSG00000103056,SMPD3,Q9NY59,S,238,0.176822275819728
14243,ENSG00000138780,GSTCD,Q8NEC7,S,233,0.359960274916987
14244,ENSG00000148303,RPL7A,P62424,S,209,0.255618272421726
14246,ENSG00000128654,MTX2,O75431,S,240,0.103957252204861
14247,ENSG00000115306,SPTBN1,Q01082,S,2338,0.235840794743892
14248,ENSG00000169057,MECP2,P51608,T,400,0.116688848387179
14250,ENSG00000250423,KIAA1210,Q9ULL0,S,1086,0.103778237064809
14251,ENSG00000075420,FNDC3B,Q53EP0,S,260,0.234730833581675
14253,ENSG00000167971,CASKIN1,Q8WXD9,S,719,0.166616200283687
14254,ENSG00000113645,WWC1,Q8IX03,T,527,0.480114660219097
14255,ENSG00000179403,VWA1,Q6PCB0,S,92,0.0949756745474818
14257,ENSG00000125733,TRIP10,Q15642,S,504,0.12623106319142
14261,ENSG00000196562,SULF2,Q8IWU5,S,838,0.345586408316334
14262,ENSG00000163697,APBB2,Q92870,S,228,0.109453252991139
14263,ENSG00000103343,ZNF174,Q15697,S,287,0.323991399319438
14264,ENSG00000146426,TIAM2,Q8IVF5,S,389,0.134430992113324
14267,ENSG00000137312,FLOT1,O75955,S,19,0.185216944606837
14268,ENSG00000100139,MICALL1,Q8N3F8,T,362,0.381817677076022
14270,ENSG00000154914,USP43,Q70EL4,S,1111,0.25369991343191
14271,ENSG00000152939,MARVELD2,Q8N4S9,S,173,0.372908826708599
14273,ENSG00000010818,HIVEP2,P31629,S,296,0.149873052938072
14274,ENSG00000172572,PDE3A,Q14432,S,657,0.0702053782801674
14275,ENSG00000163781,TOPBP1,Q92547,T,861,0.400667815048334
14277,ENSG00000067369,TP53BP1,Q12888,T,1319,0.18604643073555
14278,ENSG00000015133,CCDC88C,Q9P219,S,1547,0.201084680567954
14279,ENSG00000198807,PAX9,P55771,T,175,0.38638654618457
14281,ENSG00000165478,HEPACAM,Q14CZ8,S,318,0.222081374588415
14288,ENSG00000113441,LNPEP,Q9UIQ6,Y,70,0.803075611937974
14293,ENSG00000155545,MIER3,Q7Z3K6,S,53,0.358417543394492
14297,ENSG00000196924,FLNA,P21333,S,343,0.0554162331499325
14298,ENSG00000116539,ASH1L,Q9NR48,T,2339,0.168555803575563
14299,ENSG00000122986,HVCN1,Q96D96,S,63,0.312707345413808
14305,ENSG00000078674,PCM1,Q15154,T,1468,0.16291218128057
14306,ENSG00000162688,AGL,O15417,S,1028,0.0457652576938483
14308,ENSG00000019144,PHLDB1,Q86UU1,S,551,0.377235628907463
14309,ENSG00000085733,CTTN,Q14247,T,411,0.403922175319297
14311,ENSG00000125850,OVOL2,Q9BRP0,S,269,0.437636330413659
14313,ENSG00000183454,GRIN2A,Q12879,S,882,0.155236031507845
14314,ENSG00000169057,MECP2,P51608,T,228,0.281858271965605
14315,ENSG00000079134,THOC1,Q96FV9,S,2,0.395640167141056
14317,ENSG00000144224,UBXN4,Q92575,T,133,0.321683243838057
14318,ENSG00000124831,LRRFIP1,Q32MZ4,S,733,0.475777900161566
14319,ENSG00000183963,SMTN,P53814,S,576,0.344216077764703
14320,ENSG00000130479,MAP1S,Q66K74,S,770,0.397183275466797
14322,ENSG00000205356,TECPR1,Q7Z6L1,S,388,0.126465969962981
14323,ENSG00000100412,ACO2,Q99798,S,559,0.357809642318846
14324,ENSG00000125447,GGA3,Q9NZ52,S,538,0.361670357092494
14325,ENSG00000102401,ARMCX3,Q9UH62,S,113,0.323262786255899
14326,ENSG00000163625,WDFY3,Q8IZQ1,S,3501,0.16853194207256
14327,ENSG00000105856,HBP1,O60381,S,402,0.232040318057558
14328,ENSG00000262655,SPON1,Q9HCB6,S,747,0.236518396396881
14329,ENSG00000206053,JPT2,Q9H910,S,132,0.360255470217078
14330,ENSG00000108592,FTSJ3,Q8IY81,S,599,0.318829517287238
14333,ENSG00000116731,PRDM2,Q13029,S,914,0.293048575262165
14334,ENSG00000129657,SEC14L1,Q92503,S,226,0.337224420585318
14335,ENSG00000143772,ITPKB,P27987,S,71,0.335725314853593
14336,ENSG00000177707,NECTIN3,Q9NQS3,S,465,0.404752557684663
14338,ENSG00000204574,ABCF1,Q8NE71,S,595,0.244870830062035
14340,ENSG00000149782,PLCB3,Q01970,S,934,0.35600100944205
14344,ENSG00000101557,USP14,P54578,S,229,0.279934655165111
14345,ENSG00000060237,WNK1,Q9H4A3,S,2121,0.222703740881284
14349,ENSG00000135144,DTX1,Q86Y01,S,215,0.313256443937963
14351,ENSG00000102034,ELF4,Q99607,S,641,0.528528445256505
14352,ENSG00000129351,ILF3,Q12906,S,860,0.489864815821973
14355,ENSG00000250423,KIAA1210,Q9ULL0,S,543,0.114214879310069
14356,ENSG00000099875,MKNK2,Q9HBH9,S,452,0.488613066607613
14358,ENSG00000243156,MICAL3,Q7RTP6,S,1152,0.27778386072761
14359,ENSG00000100359,SGSM3,Q96HU1,T,407,0.368465209535611
14361,ENSG00000087274,ADD1,P35611,T,364,0.358860773820731
14365,ENSG00000092439,TRPM7,Q96QT4,S,1493,0.235352288797441
14366,ENSG00000140694,PARN,O95453,S,587,0.39310192738687
14369,ENSG00000148426,PROSER2,Q86WR7,T,146,0.294537542419731
14371,ENSG00000109917,ZPR1,O75312,S,190,0.175720310758195
14373,ENSG00000173786,CNP,P09543,S,6,0.371687876622523
14374,ENSG00000099917,MED15,Q96RN5,T,511,0.315469257127439
14375,ENSG00000151229,SLC2A13,Q96QE2,S,15,0.310321844997864
14378,ENSG00000139970,RTN1,Q16799,S,480,0.344567889588836
14380,ENSG00000091127,PUS7,Q96PZ0,S,39,0.245056145949753
14381,ENSG00000130479,MAP1S,Q66K74,S,472,0.425704181267331
14383,ENSG00000165775,FUNDC2,Q9BWH2,S,10,0.230740658120627
14384,ENSG00000213903,LTB4R,Q15722,S,313,0.525478422644174
14389,ENSG00000163872,YEATS2,Q9ULM3,S,123,0.156321631133352
14390,ENSG00000116871,MAP7D1,Q3KQU3,S,741,0.251710352340194
14393,ENSG00000242247,ARFGAP3,Q9NP61,S,274,0.330860916019834
14394,ENSG00000114857,NKTR,P30414,S,572,0.297010065984352
14395,ENSG00000214022,REPIN1,Q9BWE0,S,21,0.401360827249812
14396,ENSG00000047849,MAP4,P27816,T,942,0.231554293861174
14398,ENSG00000111859,NEDD9,Q14511,Y,629,0.806720035532085
14399,ENSG00000099290,WASHC2A,Q641Q2,T,5,0.0817893571813925
14401,ENSG00000198589,LRBA,P50851,S,3,0.0597796744532357
14402,ENSG00000149115,TNKS1BP1,Q9C0C2,S,1054,0.177743396176134
14404,ENSG00000110987,BCL7A,Q4VC05,S,157,0.156306300130099
14406,ENSG00000137502,RAB30,Q15771,S,185,0.427467465380303
14407,ENSG00000112282,MED23,Q9ULK4,S,1350,0.060452280761597
14409,ENSG00000134884,ARGLU1,Q9NWB6,T,61,0.487444487298773
14410,ENSG00000067369,TP53BP1,Q12888,S,692,0.180506672631346
14412,ENSG00000122566,HNRNPA2B1,P22626,T,159,0.286425792537728
14415,ENSG00000111913,RIPOR2,Q9Y4F9,S,344,0.344439288111308
14416,ENSG00000164749,HNF4G,Q14541,S,94,0.17266375602894
14417,ENSG00000150712,MTMR12,Q9C0I1,S,601,0.137168560167015
14418,ENSG00000145362,ANK2,Q01484,S,2574,0.0926059033651386
14419,ENSG00000086065,CHMP5,Q9NZZ3,S,98,0.327372719504835
14420,ENSG00000158158,CNNM4,Q6P4Q7,S,728,0.270389314107072
14421,ENSG00000147457,CHMP7,Q8WUX9,S,232,0.47369991335135
14424,ENSG00000160789,LMNA,P02545,S,282,0.426295014031077
14426,ENSG00000170473,PYM1,Q9BRP8,S,117,0.334923985595897
14428,ENSG00000105063,PPP6R1,Q9UPN7,S,531,0.600809883574998
14431,ENSG00000079156,OSBPL6,Q9BZF3,S,190,0.286534077494687
14433,ENSG00000139990,DCAF5,Q96JK2,S,651,0.293011880799682
14434,ENSG00000108312,UBTF,P17480,S,273,0.310782018601935
14435,ENSG00000130638,ATXN10,Q9UBB4,S,430,0.430644949234587
14438,ENSG00000141298,SSH2,Q76I76,S,461,0.587149087478351
14440,ENSG00000184363,PKP3,Q9Y446,Y,210,0.426428210770304
14441,ENSG00000136231,IGF2BP3,O00425,S,496,0.28863251876678
14443,ENSG00000032219,ARID4A,P29374,S,1111,0.295656343933623
14446,ENSG00000135378,PRRG4,Q9BZD6,S,200,0.497312407266956
14447,ENSG00000183840,GPR39,O43194,S,427,0.367383888641191
14448,ENSG00000075711,DLG1,Q12959,S,443,0.471189348405314
14449,ENSG00000177303,CASKIN2,Q8WXE0,S,393,0.307654047624482
14455,ENSG00000112561,TFEB,P19484,S,114,0.521475347858353
14456,ENSG00000173218,VANGL1,Q8TAA9,S,86,0.427013284859511
14459,ENSG00000142279,WTIP,A6NIX2,S,29,0.248722327913621
14463,ENSG00000081913,PHLPP1,O60346,S,324,0.197526629071997
14465,ENSG00000166501,PRKCB,P05771,T,500,0.972145097825345
14466,ENSG00000160685,ZBTB7B,O15156,S,172,0.10213872177269
14467,ENSG00000075711,DLG1,Q12959,S,598,0.545077515022716
14472,ENSG00000198758,EPS8L3,Q8TE67,S,557,0.415403223987632
14473,ENSG00000137872,SEMA6D,Q8NFY4,T,773,0.594197749179384
14474,ENSG00000126067,PSMB2,P49721,S,76,0.485981184968783
14476,ENSG00000197283,SYNGAP1,Q96PV0,S,87,0.25071514220088
14477,ENSG00000100815,TRIP11,Q15643,S,1341,0.17179402189529
14480,ENSG00000122966,CIT,O14578,S,1940,0.307503083089055
14482,ENSG00000103479,RBL2,Q08999,T,694,0.438006074537571
14484,ENSG00000099991,CABIN1,Q9Y6J0,T,2154,0.353915101100168
14489,ENSG00000179364,PACS2,Q86VP3,S,691,0.153871981128957
14490,ENSG00000196396,PTPN1,P18031,S,365,0.502690100299328
14491,ENSG00000005700,IBTK,Q9P2D0,S,990,0.404770800826099
14494,ENSG00000160469,BRSK1,Q8TDC3,S,508,0.447030442314544
14495,ENSG00000172785,CBWD1,Q9BRT8,S,7,0.160960749300578
14497,ENSG00000116871,MAP7D1,Q3KQU3,S,93,0.252671997400984
14500,ENSG00000133226,SRRM1,Q8IYB3,S,665,0.452769927734044
14501,ENSG00000131374,TBC1D5,Q92609,S,712,0.279841048272155
14502,ENSG00000085365,SCAMP1,O15126,T,45,0.450529433567026
14503,ENSG00000275342,PRAG1,Q86YV5,T,784,0.179652475594154
14505,ENSG00000169180,XPO6,Q96QU8,T,210,0.276332737139718
14508,ENSG00000168071,CCDC88B,A6NC98,T,507,0.149063451496085
14509,ENSG00000136928,GABBR2,O75899,S,884,0.237526242453237
14510,ENSG00000137574,TGS1,Q96RS0,S,438,0.307923986770094
14511,ENSG00000118200,CAMSAP2,Q08AD1,T,1308,0.206655674225629
14515,ENSG00000163872,YEATS2,Q9ULM3,S,468,0.180758503740292
14516,ENSG00000118689,FOXO3,O43524,S,300,0.402571101053262
14520,ENSG00000184675,AMER1,Q5JTC6,S,19,0.0809486029222234
14522,ENSG00000179134,SAMD4B,Q5PRF9,S,275,0.299925086082044
14523,ENSG00000183808,RBM12B,Q8IXT5,S,874,0.161285014560614
14528,ENSG00000144283,PKP4,Q99569,S,75,0.515706618051955
14529,ENSG00000196498,NCOR2,Q9Y618,S,943,0.339388558511084
14530,ENSG00000011426,ANLN,Q9NQW6,S,449,0.13486591946315
14534,ENSG00000136068,FLNB,O75369,S,2179,0.41994147263257
14536,ENSG00000163513,TGFBR2,P37173,S,409,0.668477463624114
14537,ENSG00000177106,EPS8L2,Q9H6S3,S,449,0.406433600638234
14540,ENSG00000112659,CUL9,Q8IWT3,S,930,0.181053373357193
14541,ENSG00000115355,CCDC88A,Q3V6T2,S,449,0.18566013046098
14542,ENSG00000132155,RAF1,P04049,S,289,0.454075760192513
14544,ENSG00000136933,RABEPK,Q7Z6M1,S,61,0.244540106222204
14545,ENSG00000176994,SMCR8,Q8TEV9,S,467,0.325166926928372
14547,ENSG00000103343,ZNF174,Q15697,S,266,0.173800757775652
14549,ENSG00000163104,SMARCAD1,Q9H4L7,S,28,0.167337527940947
14550,ENSG00000137601,NEK1,Q96PY6,S,881,0.308558308781327
14553,ENSG00000164576,SAP30L,Q9HAJ7,S,99,0.624348859384858
14554,ENSG00000023734,STRAP,Q9Y3F4,S,338,0.340722791507156
14555,ENSG00000145819,ARHGAP26,Q9UNA1,S,588,0.27332335583742
14556,ENSG00000213047,DENND1B,Q6P3S1,S,652,0.371188928444595
14558,ENSG00000239887,C1orf226,A1L170,S,237,0.199727961308591
14559,ENSG00000133477,FAM83F,Q8NEG4,S,112,0.559322777345625
14560,ENSG00000036054,TBC1D23,Q9NUY8,S,466,0.48648464884476
14563,ENSG00000085978,ATG16L1,Q676U5,S,255,0.463415843835893
14567,ENSG00000117000,RLF,Q13129,S,1273,0.225788628683636
14568,ENSG00000142949,PTPRF,P10586,S,1310,0.19268679912975
14569,ENSG00000170876,TMEM43,Q9BTV4,S,9,0.147839775537187
14571,ENSG00000159082,SYNJ1,O43426,S,1391,0.218360801444342
14573,ENSG00000100345,MYH9,P35579,S,1122,0.221055367649558
14574,ENSG00000169764,UGP2,Q16851,Y,186,0.322841038821917
14579,ENSG00000163092,XIRP2,A4UGR9,S,2348,0.112236910587593
14580,ENSG00000132002,DNAJB1,P25685,S,171,0.567596537618369
14584,ENSG00000058729,RIOK2,Q9BVS4,S,390,0.383649857081406
14585,ENSG00000135631,RAB11FIP5,Q9BXF6,S,224,0.248175251256256
14588,ENSG00000130024,PHF10,Q8WUB8,S,297,0.573706605752837
14589,ENSG00000125398,SOX9,P48436,S,223,0.460881114126601
14590,ENSG00000159840,ZYX,Q15942,S,169,0.409075877406626
14592,ENSG00000182253,SYNM,O15061,S,981,0.0845859145869707
14594,ENSG00000180185,FAHD1,Q6P587,S,40,0.121347431946326
14596,ENSG00000196544,BORCS6,Q96GS4,S,168,0.255042674744876
14597,ENSG00000166326,TRIM44,Q96DX7,S,339,0.488996632049988
14599,ENSG00000136205,TNS3,Q68CZ2,S,1115,0.391332321964593
14601,ENSG00000139684,ESD,P10768,S,197,0.336748069678331
14602,ENSG00000143373,ZNF687,Q8N1G0,S,369,0.0611115190189852
14603,ENSG00000177426,TGIF1,Q15583,T,280,0.128768316887404
14604,ENSG00000140386,SCAPER,Q9BY12,S,200,0.166698215013831
14605,ENSG00000092068,SLC7A8,Q9UHI5,T,522,0.197504477826069
14606,ENSG00000167861,HID1,Q8IV36,T,591,0.268377709221992
14607,ENSG00000143850,PLEKHA6,Q9Y2H5,S,466,0.194723554219811
14608,ENSG00000162104,ADCY9,O60503,S,56,0.123509488670375
14610,ENSG00000019144,PHLDB1,Q86UU1,S,978,0.201367104314975
14611,ENSG00000125817,CENPB,P07199,S,156,0.549121670573589
14612,ENSG00000179134,SAMD4B,Q5PRF9,T,406,0.221703943519705
14614,ENSG00000133030,MPRIP,Q6WCQ1,S,226,0.361737769943079
14618,ENSG00000141002,TCF25,Q9BQ70,S,122,0.268375723695692
14620,ENSG00000138434,SSFA2,P28290,T,1132,0.124452728966305
14627,ENSG00000122779,TRIM24,O15164,S,690,0.145959371519679
14631,ENSG00000129667,RHBDF2,Q6PJF5,S,10,0.101081589388774
14632,ENSG00000103479,RBL2,Q08999,S,1035,0.608158875188796
14634,ENSG00000130764,LRRC47,Q8N1G4,S,518,0.404915239649307
14636,ENSG00000137076,TLN1,Q9Y490,S,429,0.138480486358233
14638,ENSG00000085433,WDR47,O94967,S,359,0.26247691895691
14639,ENSG00000182196,ARL6IP4,Q66PJ3,S,325,0.389346710636505
14640,ENSG00000168014,C2CD3,Q4AC94,S,1874,0.0892704014046414
14641,ENSG00000196411,EPHB4,P54760,Y,614,0.692593325968346
14644,ENSG00000178209,PLEC,Q15149,T,4632,0.334052329396218
14645,ENSG00000169057,MECP2,P51608,S,216,0.7431124711974
14649,ENSG00000140403,DNAJA4,Q8WW22,S,84,0.226958906709923
14650,ENSG00000051620,HEBP2,Q9Y5Z4,S,37,0.111494056901006
14652,ENSG00000055609,KMT2C,Q8NEZ4,S,1493,0.192156426048697
14654,ENSG00000173210,ABLIM3,O94929,S,563,0.306526632154635
14655,ENSG00000168575,SLC20A2,Q08357,S,424,0.468517563095607
14656,ENSG00000159314,ARHGAP27,Q6ZUM4,S,182,0.133103992967165
14659,ENSG00000170604,IRF2BP1,Q8IU81,S,478,0.206490667622848
14660,ENSG00000162613,FUBP1,Q96AE4,S,55,0.244855872175185
14663,ENSG00000149100,EIF3M,Q7L2H7,S,152,0.26578478587998
14664,ENSG00000169258,GPRIN1,Q7Z2K8,S,850,0.337979728449261
14667,ENSG00000148498,PARD3,Q8TEW0,S,692,0.444244682389033
14668,ENSG00000047648,ARHGAP6,O43182,S,667,0.340579312007896
14671,ENSG00000136628,EPRS,P07814,T,745,0.108846709745873
14672,ENSG00000181555,SETD2,Q9BYW2,S,1845,0.294989455330621
14673,ENSG00000113013,HSPA9,P38646,S,657,0.16731850423246
14676,ENSG00000102316,MAGED2,Q9UNF1,S,265,0.465539886853179
14677,ENSG00000109787,KLF3,P57682,S,101,0.582131056161559
14678,ENSG00000144747,TMF1,P82094,S,170,0.180511996138038
14680,ENSG00000131778,CHD1L,Q86WJ1,S,636,0.541697357455158
14681,ENSG00000168143,FAM83B,Q5T0W9,S,514,0.114436021488987
14683,ENSG00000118322,ATP10B,O94823,S,984,0.0764018693621949
14686,ENSG00000165891,E2F7,Q96AV8,S,856,0.320937088251725
14687,ENSG00000072864,NDE1,Q9NXR1,S,211,0.581772983869092
14690,ENSG00000033030,ZCCHC8,Q6NZY4,S,331,0.346797501363138
14691,ENSG00000168172,HOOK3,Q86VS8,S,690,0.325776740368855
14692,ENSG00000117115,PADI2,Q9Y2J8,S,82,0.240961563607795
14695,ENSG00000121104,FAM117A,Q9C073,S,91,0.419007110226629
14697,ENSG00000109686,SH3D19,Q5HYK7,S,148,0.117935686137191
14698,ENSG00000138434,SSFA2,P28290,S,353,0.0882691421816249
14699,ENSG00000175084,DES,P17661,S,82,0.313957559729892
14701,ENSG00000100485,SOS2,Q07890,S,1298,0.282031353420597
14702,ENSG00000163781,TOPBP1,Q92547,S,1504,0.206821949941235
14703,ENSG00000164830,OXR1,Q8N573,S,307,0.210054644046139
14705,ENSG00000177354,C10orf71,Q711Q0,T,865,0.139464868176451
14706,ENSG00000018408,WWTR1,Q9GZV5,S,90,0.910190075197239
14709,ENSG00000149115,TNKS1BP1,Q9C0C2,S,878,0.177829758247297
14711,ENSG00000126583,PRKCG,P05129,S,326,0.193332645965623
14712,ENSG00000103657,HERC1,Q15751,S,4857,0.262363510296202
14713,ENSG00000006047,YBX2,Q9Y2T7,T,76,0.285211068913426
14714,ENSG00000163629,PTPN13,Q12923,S,442,0.135793112200986
14716,ENSG00000114790,ARHGEF26,Q96DR7,S,127,0.226869622844622
14717,ENSG00000021826,CPS1,P31327,S,863,0.223718246039042
14720,ENSG00000084234,APLP2,Q06481,Y,755,0.964896239471033
14721,ENSG00000173930,SLCO4C1,Q6ZQN7,S,28,0.221391460152782
14723,ENSG00000112242,E2F3,O00716,S,166,0.649845241374236
14724,ENSG00000165757,JCAD,Q9P266,S,1324,0.0892331346515787
14726,ENSG00000272391,POM121C,A8CG34,S,373,0.255084501657772
14727,ENSG00000174720,LARP7,Q4G0J3,S,254,0.219634184079206
14730,ENSG00000102760,RGCC,Q9H4X1,S,87,0.295726235396734
14733,ENSG00000162104,ADCY9,O60503,S,1273,0.171769640082518
14736,ENSG00000136527,TRA2B,P62995,Y,207,0.385018733394017
14737,ENSG00000114573,ATP6V1A,P38606,S,160,0.305953871932909
14738,ENSG00000127947,PTPN12,Q05209,S,571,0.466526861062869
14739,ENSG00000082397,EPB41L3,Q9Y2J2,T,1081,0.167442700522703
14741,ENSG00000116991,SIPA1L2,Q9P2F8,S,1029,0.215580706392331
14742,ENSG00000130779,CLIP1,P30622,S,47,0.216760796163832
14744,ENSG00000136573,BLK,P51451,S,24,0.243309892446082
14746,ENSG00000127831,VIL1,P09327,S,747,0.161998098118195
14750,ENSG00000164684,ZNF704,Q6ZNC4,S,367,0.541601663770682
14751,ENSG00000148308,GTF3C5,Q9Y5Q8,S,200,0.266427231174229
14752,ENSG00000082482,KCNK2,O95069,S,348,0.446616307830505
14753,ENSG00000138660,AP1AR,Q63HQ0,S,174,0.473632089112474
14754,ENSG00000163814,CDCP1,Q9H5V8,S,801,0.317396105590758
14755,ENSG00000168918,INPP5D,Q92835,Y,865,0.690716649129597
14756,ENSG00000196642,RABL6,Q3YEC7,T,408,0.365723956761885
14757,ENSG00000164080,RAD54L2,Q9Y4B4,T,1029,0.19092957302353
14758,ENSG00000110104,CCDC86,Q9H6F5,Y,109,0.450434127568536
14760,ENSG00000170448,NFXL1,Q6ZNB6,S,41,0.216439424897853
14761,ENSG00000048707,VPS13D,Q5THJ4,S,764,0.290654567944384
14762,ENSG00000117877,CD3EAP,O15446,T,171,0.334523074932022
14764,ENSG00000174106,LEMD3,Q9Y2U8,S,331,0.240346876688256
14765,ENSG00000165959,CLMN,Q96JQ2,T,163,0.09343688762671
14766,ENSG00000198933,TBKBP1,A7MCY6,S,349,0.424860683588785
14767,ENSG00000131473,ACLY,P53396,S,442,0.231051694111753
14768,ENSG00000166963,MAP1A,P78559,S,1283,0.180760482274889
14769,ENSG00000143850,PLEKHA6,Q9Y2H5,S,1021,0.106512304071381
14770,ENSG00000157625,TAB3,Q8N5C8,S,506,0.368957298046246
14771,ENSG00000149499,EML3,Q32P44,S,889,0.442929071370398
14772,ENSG00000156030,ELMSAN1,Q6PJG2,S,648,0.12563026014239
14773,ENSG00000099814,CEP170B,Q9Y4F5,S,988,0.334721111609441
14775,ENSG00000182504,CEP97,Q8IW35,S,413,0.364024120070441
14776,ENSG00000070814,TCOF1,Q13428,S,762,0.253588328059022
14779,ENSG00000164741,DLC1,Q96QB1,S,577,0.217749179638861
14781,ENSG00000177731,FLII,Q13045,S,860,0.176906597903871
14782,ENSG00000101189,MRGBP,Q9NV56,S,194,0.483146273156925
14784,ENSG00000128573,FOXP2,O15409,S,330,0.372604059752302
14787,ENSG00000152953,STK32B,Q9NY57,S,378,0.223190462134597
14789,ENSG00000180900,SCRIB,Q14160,T,1545,0.259901645519126
14791,ENSG00000188883,KLRG2,A4D1S0,S,212,0.468612965160314
14792,ENSG00000100395,L3MBTL2,Q969R5,T,76,0.467541641996404
14796,ENSG00000247746,USP51,Q70EK9,S,26,0.20378453804577
14797,ENSG00000160051,IQCC,Q4KMZ1,S,438,0.243790227233864
14798,ENSG00000057294,PKP2,Q99959,S,34,0.0900338724596034
14801,ENSG00000197969,VPS13A,Q96RL7,S,1936,0.0806329006617728
14802,ENSG00000164190,NIPBL,Q6KC79,S,352,0.203753821072429
14808,ENSG00000128829,EIF2AK4,Q9P2K8,S,1515,0.056479529693933
14810,ENSG00000100731,PCNX1,Q96RV3,S,571,0.139330870378457
14815,ENSG00000095951,HIVEP1,P15822,S,1749,0.394068292596075
14817,ENSG00000065970,FOXJ2,Q9P0K8,T,48,0.122188203746507
14819,ENSG00000126870,WDR60,Q8WVS4,S,457,0.176547861913039
14824,ENSG00000164830,OXR1,Q8N573,T,391,0.330043759090786
14825,ENSG00000102921,N4BP1,O75113,S,325,0.103197172707007
14826,ENSG00000038219,BOD1L1,Q8NFC6,S,868,0.102554849967871
14827,ENSG00000198589,LRBA,P50851,S,1139,0.160607350165959
14829,ENSG00000166833,NAV2,Q8IVL1,S,1233,0.134307027775371
14830,ENSG00000081277,PKP1,Q13835,S,153,0.291346289122621
14831,ENSG00000131711,MAP1B,P46821,S,2074,0.148360507882074
14832,ENSG00000012048,BRCA1,P38398,S,1007,0.177836691181329
14833,ENSG00000149480,MTA2,O94776,S,54,0.400256063975264
14835,ENSG00000128283,CDC42EP1,Q00587,S,147,0.12153686800377
14836,ENSG00000167522,ANKRD11,Q6UB99,S,812,0.0993013899408171
14839,ENSG00000029363,BCLAF1,Q9NYF8,T,473,0.242856994988368
14840,ENSG00000111731,C2CD5,Q86YS7,S,661,0.425400889354082
14841,ENSG00000176953,NFATC2IP,Q8NCF5,S,338,0.473216955969298
14842,ENSG00000072832,CRMP1,Q14194,Y,504,0.4913377801456
14845,ENSG00000177354,C10orf71,Q711Q0,T,680,0.0969669775009064
14848,ENSG00000054690,PLEKHH1,Q9ULM0,S,566,0.171423572840026
14849,ENSG00000150625,GPM6A,P51674,S,270,0.131687154337048
14850,ENSG00000163629,PTPN13,Q12923,T,1628,0.0630584762678489
14851,ENSG00000163872,YEATS2,Q9ULM3,T,1009,0.126576399072261
14856,ENSG00000134769,DTNA,Q9Y4J8,S,609,0.131718040198932
14859,ENSG00000170004,CHD3,Q12873,S,333,0.16351446157867
14861,ENSG00000140332,TLE3,Q04726,S,253,0.399987722813829
14862,ENSG00000144596,GRIP2,Q9C0E4,S,38,0.235926893479846
14863,ENSG00000008086,CDKL5,O76039,S,529,0.447787473314404
14864,ENSG00000136279,DBNL,Q9UJU6,T,26,0.307358378198581
14865,ENSG00000101191,DIDO1,Q9BTC0,T,1719,0.158890993331372
14868,ENSG00000145362,ANK2,Q01484,S,2447,0.064494318492171
14869,ENSG00000081277,PKP1,Q13835,Y,160,0.562907200130365
14870,ENSG00000114331,ACAP2,Q15057,S,381,0.374210636654214
14871,ENSG00000065970,FOXJ2,Q9P0K8,S,46,0.476261409537463
14874,ENSG00000187147,RNF220,Q5VTB9,S,173,0.270132562967667
14875,ENSG00000181513,ACBD4,Q8NC06,S,171,0.412341164589511
14876,ENSG00000100842,EFS,O43281,S,319,0.416987968055326
14877,ENSG00000152193,RNF219,Q5W0B1,S,438,0.306427103980699
14879,ENSG00000079277,MKNK1,Q9BUB5,S,226,0.655169419827002
14882,ENSG00000148468,FAM171A1,Q5VUB5,S,371,0.422809236077231
14884,ENSG00000173517,PEAK1,Q9H792,S,902,0.104558362169324
14885,ENSG00000134369,NAV1,Q8NEY1,S,194,0.204239961747518
14888,ENSG00000089022,MAPKAPK5,Q8IW41,T,186,0.801379624150561
14889,ENSG00000182511,FES,P07332,S,408,0.390717836849884
14890,ENSG00000146463,ZMYM4,Q5VZL5,S,1244,0.193832540201428
14891,ENSG00000155367,PPM1J,Q5JR12,S,25,0.360632245741452
14892,ENSG00000163322,ABRAXAS1,Q6UWZ7,S,406,0.994907605367481
14893,ENSG00000175471,MCTP1,Q6DN14,S,95,0.150009288252294
14894,ENSG00000185800,DMWD,Q09019,S,668,0.239644866005204
14899,ENSG00000144824,PHLDB2,Q86SQ0,S,351,0.179437228010081
14900,ENSG00000008294,SPAG9,O60271,S,815,0.196703057539319
14905,ENSG00000101191,DIDO1,Q9BTC0,S,898,0.153717710554235
14906,ENSG00000126217,MCF2L,O15068,S,965,0.283221839214637
14907,ENSG00000141551,CSNK1D,P48730,S,350,0.329832788536064
14908,ENSG00000078674,PCM1,Q15154,S,869,0.223747905583483
14909,ENSG00000078061,ARAF,P10398,S,272,0.32363431244253
14910,ENSG00000148468,FAM171A1,Q5VUB5,S,544,0.145990449541804
14911,ENSG00000170471,RALGAPB,Q86X10,S,723,0.237042597197894
14913,ENSG00000119638,NEK9,Q8TD19,T,886,0.418488525768837
14917,ENSG00000172534,HCFC1,P51610,S,419,0.140534831093401
14918,ENSG00000143337,TOR1AIP1,Q5JTV8,S,227,0.243959559358939
14924,ENSG00000162664,ZNF326,Q5BKZ1,S,270,0.469478660264639
14925,ENSG00000151474,FRMD4A,Q9P2Q2,T,897,0.49374522044771
14927,ENSG00000140368,PSTPIP1,O43586,S,359,0.268507774028451
14928,ENSG00000163512,AZI2,Q9H6S1,S,343,0.58137747279115
14929,ENSG00000169813,HNRNPF,P52597,S,195,0.526865190792741
14930,ENSG00000149527,PLCH2,O75038,S,1279,0.110787721370326
14931,ENSG00000068831,RASGRP2,Q7LDG7,S,116,0.511578608913182
14932,ENSG00000160392,C19orf47,Q8N9M1,T,155,0.615365582196336
14934,ENSG00000108828,VAT1,Q99536,S,44,0.496289541381125
14935,ENSG00000172366,MCRIP2,Q9BUT9,S,82,0.456830872519382
14937,ENSG00000204231,RXRB,P28702,S,331,0.326908861817801
14939,ENSG00000110841,PPFIBP1,Q86W92,S,567,0.26086687224425
14942,ENSG00000144283,PKP4,Q99569,T,507,0.130251324341586
14943,ENSG00000066279,ASPM,Q8IZT6,T,3435,0.312569743902958
14944,ENSG00000152518,ZFP36L2,P47974,S,426,0.464076555848255
14945,ENSG00000122779,TRIM24,O15164,S,798,0.0705070794702383
14946,ENSG00000104859,CLASRP,Q8N2M8,S,101,0.47129325675483
14947,ENSG00000144791,LIMD1,Q9UGP4,S,360,0.166039668783667
14948,ENSG00000115211,EIF2B4,Q9UI10,S,191,0.423516612623168
14952,ENSG00000113648,H2AFY,O75367,S,316,0.322007547046157
14953,ENSG00000147419,CCDC25,Q86WR0,S,204,0.614501861799019
14954,ENSG00000004478,FKBP4,Q02790,S,229,0.338314179158185
14957,ENSG00000112697,TMEM30A,Q9NV96,S,280,0.166021465659455
14958,ENSG00000143379,SETDB1,Q15047,S,1025,0.197333793236674
14959,ENSG00000275832,ARHGAP23,Q9P227,S,585,0.101970660941084
14960,ENSG00000110841,PPFIBP1,Q86W92,T,428,0.263120556098135
14961,ENSG00000138593,SECISBP2L,Q93073,S,891,0.15079487685668
14964,ENSG00000136068,FLNB,O75369,S,2369,0.647064298393205
14965,ENSG00000149532,CPSF7,Q8N684,S,191,0.392215302831593
14966,ENSG00000081803,CADPS2,Q86UW7,S,56,0.255299680364083
14968,ENSG00000182446,NPLOC4,Q8TAT6,S,11,0.479591828265594
14971,ENSG00000084234,APLP2,Q06481,T,736,0.460172653066499
14972,ENSG00000102230,PCYT1B,Q9Y5K3,S,362,0.193073850518001
14974,ENSG00000145362,ANK2,Q01484,S,898,0.268845697449443
14977,ENSG00000196639,HRH1,P35367,S,285,0.561094380099756
14979,ENSG00000114416,FXR1,P51114,T,411,0.248559241124825
14982,ENSG00000269858,EGLN2,Q96KS0,S,74,0.247199138007427
14983,ENSG00000130758,MAP3K10,Q02779,S,589,0.196925976208283
14984,ENSG00000162645,GBP2,O94875,S,157,0.408475496743753
14985,ENSG00000083896,YTHDC1,Q96MU7,S,317,0.461087634846482
14986,ENSG00000171222,SCAND1,P57086,S,52,0.223336874925143
14989,ENSG00000076248,UNG,P13051,S,12,0.959572671115913
14991,ENSG00000181555,SETD2,Q9BYW2,S,618,0.140855032949185
14992,ENSG00000135540,NHSL1,Q5SYE7,S,1181,0.255346298267651
14994,ENSG00000177169,ULK1,O75385,S,716,0.354538186623639
14998,ENSG00000131023,LATS1,O95835,T,255,0.495132972333125
14999,ENSG00000050820,BCAR1,P56945,S,355,0.38702952181646
15001,ENSG00000103534,TMC5,Q6UXY8,S,968,0.0850196680049364
15003,ENSG00000204580,DDR1,Q08345,Y,792,0.85638588473497
15004,ENSG00000115648,MLPH,Q9BV36,S,397,0.490460095385102
15006,ENSG00000170955,CAVIN3,Q969G5,T,205,0.294038293460794
15008,ENSG00000198947,DMD,P11532,S,3552,0.323078097098093
15011,ENSG00000106415,GLCCI1,Q86VQ1,S,394,0.14062995362176
15017,ENSG00000115459,ELMOD3,Q96FG2,S,27,0.387883268575897
15018,ENSG00000103479,RBL2,Q08999,S,962,0.328335109864338
15019,ENSG00000130940,CASZ1,Q86V15,S,750,0.0521383934700627
15020,ENSG00000141738,GRB7,Q14451,S,76,0.424153941038973
15025,ENSG00000135315,CEP162,Q5TB80,S,24,0.299611020662962
15027,ENSG00000180357,ZNF609,O15014,S,902,0.172036967579884
15028,ENSG00000102858,MGRN1,O60291,S,524,0.429125079093462
15032,ENSG00000100605,ITPK1,Q13572,S,396,0.349850010330197
15033,ENSG00000186468,RPS23,P62266,S,45,0.116590736280311
15034,ENSG00000075420,FNDC3B,Q53EP0,S,233,0.114347497255068
15035,ENSG00000198586,TLK1,Q9UKI8,S,188,0.505692133527775
15037,ENSG00000066739,ATG2B,Q96BY7,S,735,0.0984727910005732
15038,ENSG00000041982,TNC,P24821,S,84,0.0536286170707948
15039,ENSG00000188313,PLSCR1,O15162,S,249,0.306758905824993
15041,ENSG00000127483,HP1BP3,Q5SSJ5,S,142,0.525162915183946
15042,ENSG00000170776,AKAP13,Q12802,S,395,0.171114646175181
15043,ENSG00000132854,KANK4,Q5T7N3,S,109,0.187833613359058
15048,ENSG00000198492,YTHDF2,Q9Y5A9,S,39,0.609340905689178
15049,ENSG00000100604,CHGA,P10645,S,397,0.203053694297498
15050,ENSG00000198399,ITSN2,Q9NZM3,T,1123,0.306797846402624
15051,ENSG00000107104,KANK1,Q14678,S,325,0.799991878525263
15052,ENSG00000125618,PAX8,Q06710,S,303,0.347678683231869
15054,ENSG00000170502,NUDT9,Q9BW91,S,68,0.451929717542864
15060,ENSG00000101187,SLCO4A1,Q96BD0,S,43,0.390618781102594
15064,ENSG00000152818,UTRN,P46939,S,784,0.167015979429874
15065,ENSG00000177728,TMEM94,Q12767,S,457,0.282809256594315
15068,ENSG00000182718,ANXA2,A6NMY6,S,314,0.145644871509821
15069,ENSG00000182247,UBE2E2,Q96LR5,S,15,0.332894236047515
15070,ENSG00000170545,SMAGP,Q0VAQ4,S,77,0.355798968523288
15071,ENSG00000167566,NCKAP5L,Q9HCH0,S,810,0.397328180800004
15072,ENSG00000142675,CNKSR1,Q969H4,T,289,0.506631961247206
15073,ENSG00000034053,APBA2,Q99767,S,11,0.27865428475511
15074,ENSG00000135924,DNAJB2,P25686,S,311,0.266047349802268
15075,ENSG00000156599,ZDHHC5,Q9C0B5,S,247,0.178098819719456
15079,ENSG00000085224,ATRX,P46100,S,1156,0.161843922015628
15081,ENSG00000080608,PUM3,Q15397,S,100,0.280363111690533
15082,ENSG00000108511,HOXB6,P17509,S,214,0.510874402587501
15084,ENSG00000111640,GAPDH,P04406,S,125,0.57311736407779
15085,ENSG00000141027,NCOR1,O75376,T,2396,0.395440727500434
15089,ENSG00000127527,EPS15L1,Q9UBC2,S,247,0.244336657235616
15090,ENSG00000102189,EEA1,Q15075,S,359,0.140005390497077
15092,ENSG00000153147,SMARCA5,O60264,S,50,0.100869278523644
15094,ENSG00000170471,RALGAPB,Q86X10,S,487,0.161126781939704
15096,ENSG00000138688,KIAA1109,Q2LD37,S,1971,0.0620410596490574
15097,ENSG00000115325,DOK1,Q99704,S,310,0.431077842501376
15098,ENSG00000166912,MTMR10,Q9NXD2,T,770,0.300491088069064
15100,ENSG00000142192,APP,P05067,T,743,0.907011228694479
15101,ENSG00000172466,ZNF24,P17028,S,274,0.603888954951689
15103,ENSG00000101972,STAG2,Q8N3U4,S,1061,0.401441795438304
15105,ENSG00000140694,PARN,O95453,T,631,0.308198047709292
15106,ENSG00000165929,TC2N,Q8N9U0,S,205,0.513097653732595
15110,ENSG00000165757,JCAD,Q9P266,T,1120,0.117790606422396
15112,ENSG00000133195,SLC39A11,Q8N1S5,S,179,0.136059158627338
15117,ENSG00000077684,JADE1,Q6IE81,S,89,0.494731352297936
15120,ENSG00000203485,INF2,Q27J81,S,371,0.340687277340352
15122,ENSG00000005700,IBTK,Q9P2D0,S,1021,0.265404451426769
15125,ENSG00000161800,RACGAP1,Q9H0H5,T,249,0.585038294923658
15126,ENSG00000198589,LRBA,P50851,T,2062,0.195931254787904
15129,ENSG00000125637,PSD4,Q8NDX1,T,114,0.125280986064288
15130,ENSG00000141446,ESCO1,Q5FWF5,S,288,0.32878653593246
15132,ENSG00000125637,PSD4,Q8NDX1,S,118,0.308856891144473
15135,ENSG00000072786,STK10,O94804,T,185,0.855993079215803
15136,ENSG00000144285,SCN1A,P35498,S,551,0.12599158333245
15137,ENSG00000133858,ZFC3H1,O60293,S,15,0.228336453817105
15140,ENSG00000166147,FBN1,P35555,S,2124,0.0950649049335019
15141,ENSG00000095637,SORBS1,Q9BX66,S,350,0.365211629785816
15142,ENSG00000050820,BCAR1,P56945,S,440,0.186483977665126
15143,ENSG00000120802,TMPO,P42166,S,444,0.283316136926866
15145,ENSG00000136848,DAB2IP,Q5VWQ8,S,730,0.186945165938044
15148,ENSG00000079819,EPB41L2,O43491,T,673,0.550743533905866
15150,ENSG00000099995,SF3A1,Q15459,S,28,0.130511477036239
15151,ENSG00000152669,CCNO,P22674,S,81,0.32641792998987
15153,ENSG00000164244,PRRC1,Q96M27,S,254,0.287019975822507
15154,ENSG00000198625,MDM4,O15151,S,342,0.583142191249786
15156,ENSG00000161618,ALDH16A1,Q8IZ83,S,550,0.157623902111685
15157,ENSG00000141084,RANBP10,Q6VN20,S,489,0.285418489537279
15158,ENSG00000075539,FRYL,O94915,S,1941,0.505289480479512
15161,ENSG00000140577,CRTC3,Q6UUV7,S,410,0.504674863584101
15162,ENSG00000132688,NES,P48681,T,456,0.0503217301789719
15166,ENSG00000197283,SYNGAP1,Q96PV0,S,895,0.106436339868772
15167,ENSG00000131979,GCH1,P30793,S,60,0.302601895792299
15171,ENSG00000118596,SLC16A7,O60669,S,472,0.371275453238038
15172,ENSG00000133392,MYH11,P35749,S,1374,0.0352002803500208
15174,ENSG00000130669,PAK4,O96013,S,97,0.32294447452347
15178,ENSG00000116604,MEF2D,Q14814,S,212,0.272433834763939
15180,ENSG00000106565,TMEM176B,Q3YBM2,S,258,0.493910522558055
15181,ENSG00000106028,SSBP1,Q04837,S,67,0.284377682466571
15182,ENSG00000003989,SLC7A2,P52569,S,464,0.515829418966052
15185,ENSG00000085276,MECOM,Q03112,S,550,0.0907122898426998
15187,ENSG00000170873,MTSS1,O43312,S,261,0.289894580728475
15189,ENSG00000141448,GATA6,Q92908,S,268,0.469907838195855
15191,ENSG00000131711,MAP1B,P46821,S,1280,0.213420777927056
15192,ENSG00000197386,HTT,P42858,S,415,0.172327816665988
15194,ENSG00000134453,RBM17,Q96I25,S,229,0.323965604983951
15195,ENSG00000178919,FOXE1,O00358,S,329,0.24477411577359
15197,ENSG00000135597,REPS1,Q96D71,S,120,0.299051801880372
15198,ENSG00000110841,PPFIBP1,Q86W92,S,999,0.434158953030707
15199,ENSG00000055483,USP36,Q9P275,S,713,0.274947489808131
15202,ENSG00000254772,EEF1G,P26641,S,387,0.261772068727884
15207,ENSG00000139218,SCAF11,Q99590,S,341,0.248508811594953
15210,ENSG00000138363,ATIC,P31939,S,264,0.408278953157081
15211,ENSG00000108848,LUC7L3,O95232,S,116,0.296863688566268
15212,ENSG00000161682,FAM171A2,A8MVW0,S,446,0.250937015303621
15214,ENSG00000175137,SH3BP5L,Q7L8J4,T,13,0.26069914030698
15216,ENSG00000064703,DDX20,Q9UHI6,S,532,0.346271037596314
15219,ENSG00000110002,VWA5A,O00534,S,104,0.124168968203226
15221,ENSG00000103126,AXIN1,O15169,S,75,0.446273942302267
15224,ENSG00000145687,SSBP2,P81877,S,321,0.418997428299932
15225,ENSG00000152102,FAM168B,A1KXE4,S,64,0.247724408691657
15227,ENSG00000174705,SH3PXD2B,A1X283,S,769,0.146230327344529
15230,ENSG00000136643,RPS6KC1,Q96S38,S,608,0.289896814596716
15232,ENSG00000172020,GAP43,P17677,S,203,0.265552984983561
15234,ENSG00000086758,HUWE1,Q7Z6Z7,S,2527,0.230454934684062
15235,ENSG00000099968,BCL2L13,Q9BXK5,S,370,0.352339853287977
15237,ENSG00000148158,SNX30,Q5VWJ9,T,65,0.138430456458364
15239,ENSG00000104529,EEF1D,P29692,S,86,0.335009207198656
15240,ENSG00000167193,CRK,P46108,S,304,0.153314226041643
15241,ENSG00000183808,RBM12B,Q8IXT5,S,829,0.306073480332503
15243,ENSG00000168502,MTCL1,Q9Y4B5,S,1106,0.132871895519052
15245,ENSG00000174672,BRSK2,Q8IWQ3,S,435,0.594872474131274
15246,ENSG00000132275,RRP8,O43159,S,126,0.351737966378097
15247,ENSG00000168143,FAM83B,Q5T0W9,S,838,0.450746422780509
15250,ENSG00000065613,SLK,Q9H2G2,S,347,0.411608702066657
15251,ENSG00000144645,OSBPL10,Q9BXB5,S,326,0.250601925699748
15252,ENSG00000189143,CLDN4,O14493,Y,208,0.614466366695654
15254,ENSG00000078674,PCM1,Q15154,T,1460,0.254354366878872
15255,ENSG00000170579,DLGAP1,O14490,S,431,0.262220946058232
15256,ENSG00000158301,GPRASP2,Q96D09,S,330,0.259898899238847
15257,ENSG00000175707,KDF1,Q8NAX2,S,11,0.254808835987303
15258,ENSG00000087274,ADD1,P35611,T,614,0.542172719448509
15262,ENSG00000075461,CACNG4,Q9UBN1,S,259,0.268742264396246
15263,ENSG00000072121,ZFYVE26,Q68DK2,S,615,0.358555344214638
15264,ENSG00000111731,C2CD5,Q86YS7,S,637,0.0932409095575752
15265,ENSG00000082482,KCNK2,O95069,S,385,0.431644928535
15267,ENSG00000173276,ZBTB21,Q9ULJ3,S,605,0.312442245831357
15268,ENSG00000105738,SIPA1L3,O60292,S,97,0.212632085883038
15269,ENSG00000057294,PKP2,Q99959,S,225,0.26424090950589
15270,ENSG00000109881,CCDC34,Q96HJ3,S,50,0.484435706579987
15271,ENSG00000141577,CEP131,Q9UPN4,S,146,0.321042103683625
15273,ENSG00000120802,TMPO,P42166,S,167,0.207320450631928
15274,ENSG00000125844,RRBP1,Q9P2E9,S,659,0.130198919821201
15276,ENSG00000032219,ARID4A,P29374,S,677,0.171319751200458
15277,ENSG00000166974,MAPRE2,Q15555,S,232,0.1562669572291
15278,ENSG00000065989,PDE4A,P27815,S,128,0.276489502908226
15281,ENSG00000138758,SEPT11,Q9NVA2,S,17,0.31116988288466
15282,ENSG00000163902,RPN1,P04843,S,62,0.0723033843491079
15283,ENSG00000135837,CEP350,Q5VT06,S,473,0.295879314156866
15286,ENSG00000083642,PDS5B,Q9NTI5,S,1176,0.394681336448219
15287,ENSG00000070404,FSTL3,O95633,S,255,0.211219461637613
15288,ENSG00000117523,PRRC2C,Q9Y520,S,1244,0.340280271360501
15289,ENSG00000254087,LYN,P07948,Y,194,0.667724941216285
15290,ENSG00000070814,TCOF1,Q13428,S,678,0.063621068014954
15291,ENSG00000132688,NES,P48681,S,814,0.224690834391467
15292,ENSG00000168497,CAVIN2,O95810,S,31,0.160559774998544
15296,ENSG00000120149,MSX2,P35548,S,91,0.306310184701274
15300,ENSG00000172375,C2CD2L,O14523,S,623,0.513100971913388
15302,ENSG00000162849,KIF26B,Q2KJY2,S,1762,0.254984622358823
15303,ENSG00000136848,DAB2IP,Q5VWQ8,S,950,0.292660114650485
15304,ENSG00000134243,SORT1,Q99523,S,814,0.265793926815951
15306,ENSG00000155008,APOOL,Q6UXV4,S,204,0.2443102328282
15307,ENSG00000168958,MFF,Q9GZY8,S,202,0.457506784953372
15310,ENSG00000136861,CDK5RAP2,Q96SN8,S,1666,0.0486653630160629
15311,ENSG00000171604,CXXC5,Q7LFL8,S,48,0.127069500985075
15312,ENSG00000128591,FLNC,Q14315,S,1161,0.17111189023293
15313,ENSG00000112699,GMDS,O60547,Y,323,0.565039900977287
15314,ENSG00000143337,TOR1AIP1,Q5JTV8,S,179,0.295389199497269
15315,ENSG00000131711,MAP1B,P46821,Y,1337,0.389253206619917
15318,ENSG00000135622,SEMA4F,O95754,S,718,0.22735469240781
15319,ENSG00000162065,TBC1D24,Q9ULP9,S,472,0.290339428740018
15321,ENSG00000167548,KMT2D,O14686,T,4682,0.490400836955623
15323,ENSG00000147684,NDUFB9,Q9Y6M9,S,85,0.563692320242376
15325,ENSG00000166503,HDGFL3,Q9Y3E1,S,108,0.3770664729877
15326,ENSG00000106511,MEOX2,P50222,S,295,0.17862194256303
15327,ENSG00000166341,DCHS1,Q96JQ0,S,3035,0.290453147595161
15328,ENSG00000075391,RASAL2,Q9UJF2,S,925,0.304975567806705
15331,ENSG00000181222,POLR2A,P24928,S,27,0.245313863713354
15334,ENSG00000115539,PDCL3,Q9H2J4,S,234,0.635327646179446
15335,ENSG00000068985,PAGE1,O75459,S,105,0.308114093967343
15337,ENSG00000146648,EGFR,P00533,S,1104,0.41506447340316
15338,ENSG00000121060,TRIM25,Q14258,Y,278,0.594321481711962
15340,ENSG00000184588,PDE4B,Q07343,S,732,0.177120291352004
15342,ENSG00000145725,PPIP5K2,O43314,S,1016,0.452542791801004
15343,ENSG00000187257,RSBN1L,Q6PCB5,S,536,0.422651227575285
15345,ENSG00000130779,CLIP1,P30622,S,193,0.387188897208896
15346,ENSG00000100852,ARHGAP5,Q13017,S,590,0.233095873910961
15348,ENSG00000248905,FMN1,Q68DA7,S,842,0.205791105027032
15352,ENSG00000196793,ZNF239,Q16600,S,191,0.414018087477863
15354,ENSG00000164916,FOXK1,P85037,T,245,0.48720223824038
15355,ENSG00000173517,PEAK1,Q9H792,S,878,0.279325830932742
15361,ENSG00000232434,AJM1,C9J069,S,509,0.212479891481912
15363,ENSG00000137497,NUMA1,Q14980,S,200,0.225319267015661
15367,ENSG00000064999,ANKS1A,Q92625,S,917,0.142471575045983
15373,ENSG00000205726,ITSN1,Q15811,S,983,0.193251754197226
15375,ENSG00000154783,FGD5,Q6ZNL6,S,1221,0.134031745456655
15377,ENSG00000179562,GCC1,Q96CN9,S,416,0.466827845257559
15379,ENSG00000272333,KMT2B,Q9UMN6,S,632,0.0941897719764209
15380,ENSG00000224470,ATXN1L,P0C7T5,T,456,0.271730801774808
15385,ENSG00000005700,IBTK,Q9P2D0,S,1111,0.0527146013599377
15386,ENSG00000095637,SORBS1,Q9BX66,S,461,0.207330157331938
15388,ENSG00000198087,CD2AP,Q9Y5K6,S,224,0.4818156593304
15390,ENSG00000033327,GAB2,Q9UQC2,S,133,0.259812115962462
15391,ENSG00000172375,C2CD2L,O14523,S,703,0.238190601028238
15392,ENSG00000172071,EIF2AK3,Q9NZJ5,S,688,0.376916210696195
15393,ENSG00000135476,ESPL1,Q14674,S,1125,0.0736209414901617
15394,ENSG00000187479,C11orf96,Q7Z7L8,S,409,0.343841844123082
15396,ENSG00000047578,KIAA0556,O60303,S,453,0.315602121953574
15398,ENSG00000228672,PROB1,E7EW31,S,865,0.323807137088444
15399,ENSG00000055070,SZRD1,Q7Z422,S,51,0.138761146763349
15403,ENSG00000130779,CLIP1,P30622,S,315,0.606100649477517
15404,ENSG00000139116,KIF21A,Q7Z4S6,S,529,0.0370988011044497
15406,ENSG00000078674,PCM1,Q15154,S,431,0.358351900691434
15407,ENSG00000079308,TNS1,Q9HBL0,S,858,0.22017898083682
15408,ENSG00000167548,KMT2D,O14686,S,3229,0.0908951900392281
15409,ENSG00000168476,REEP4,Q9H6H4,S,224,0.701299225026793
15410,ENSG00000123200,ZC3H13,Q5T200,S,1455,0.206033155162536
15411,ENSG00000170776,AKAP13,Q12802,S,1229,0.139307749719811
15413,ENSG00000185950,IRS2,Q9Y4H2,S,976,0.233898224465302
15414,ENSG00000146414,SHPRH,Q149N8,S,37,0.126573572986981
15416,ENSG00000110931,CAMKK2,Q96RR4,S,114,0.141114614839096
15417,ENSG00000172534,HCFC1,P51610,S,1497,0.126962321944995
15421,ENSG00000138434,SSFA2,P28290,S,437,0.198867460651598
15423,ENSG00000152894,PTPRK,Q15262,S,856,0.57852075315287
15425,ENSG00000171316,CHD7,Q9P2D1,S,2983,0.143956113350602
15427,ENSG00000106537,TSPAN13,O95857,S,143,0.11940291256808
15428,ENSG00000196428,TSC22D2,O75157,S,85,0.23528184282834
15430,ENSG00000087266,SH3BP2,P78314,S,425,0.295683036501924
15431,ENSG00000079387,SENP1,Q9P0U3,S,161,0.274310118999097
15434,ENSG00000135842,FAM129A,Q9BZQ8,S,596,0.526358637955556
15435,ENSG00000141298,SSH2,Q76I76,T,795,0.181492850389939
15436,ENSG00000128591,FLNC,Q14315,Y,926,0.376583499562065
15437,ENSG00000151092,NGLY1,Q96IV0,T,137,0.425867952416061
15438,ENSG00000149503,INCENP,Q9NQS7,S,119,0.278543995094481
15440,ENSG00000101057,MYBL2,P10244,S,421,0.276785954221855
15442,ENSG00000154639,CXADR,P78310,S,332,0.484791092194778
15445,ENSG00000174444,RPL4,P36578,S,365,0.483883198933765
15448,ENSG00000147526,TACC1,O75410,S,267,0.371599333652078
15450,ENSG00000115355,CCDC88A,Q3V6T2,S,1583,0.206135146310965
15451,ENSG00000154358,OBSCN,Q5VST9,S,6201,0.148877368191786
15453,ENSG00000111145,ELK3,P41970,S,250,0.281597232160914
15457,ENSG00000113448,PDE4D,Q08499,S,325,0.364081086326146
15458,ENSG00000114923,SLC4A3,P48751,S,170,0.118155865883512
15460,ENSG00000144674,GOLGA4,Q13439,S,78,0.441049095229989
15462,ENSG00000165238,WNK2,Q9Y3S1,S,1276,0.10645664797454
15464,ENSG00000163539,CLASP2,O75122,S,364,0.259970565451348
15465,ENSG00000198265,HELZ,P42694,T,1776,0.221543975683541
15466,ENSG00000083838,ZNF446,Q9NWS9,S,181,0.268819533216717
15467,ENSG00000109458,GAB1,Q13480,S,401,0.332331555899553
15469,ENSG00000141577,CEP131,Q9UPN4,S,105,0.48030486947119
15470,ENSG00000006607,FARP2,O94887,S,439,0.470950269886228
15471,ENSG00000165312,OTUD1,Q5VV17,S,216,0.266521286432462
15472,ENSG00000038358,EDC4,Q6P2E9,S,875,0.367705851781931
15473,ENSG00000162522,KIAA1522,Q9P206,S,406,0.211487495333277
15474,ENSG00000121749,TBC1D15,Q8TC07,S,675,0.522955814806006
15475,ENSG00000102908,NFAT5,O94916,S,109,0.202092938329248
15476,ENSG00000159788,RGS12,O14924,S,934,0.463936939745755
15481,ENSG00000152128,TMEM163,Q8TC26,S,12,0.523992441205791
15482,ENSG00000113742,CPEB4,Q17RY0,S,97,0.617016894498973
15483,ENSG00000177169,ULK1,O75385,S,467,0.438178984899078
15485,ENSG00000196517,SLC6A9,P48067,S,695,0.112737082715491
15489,ENSG00000106665,CLIP2,Q9UDT6,S,317,0.0791547342972047
15498,ENSG00000143793,C1orf35,Q9BU76,S,127,0.266849102263126
15502,ENSG00000184708,EIF4ENIF1,Q9NRA8,S,766,0.142899372188031
15504,ENSG00000137500,CCDC90B,Q9GZT6,S,219,0.299617244216293
15505,ENSG00000143702,CEP170,Q5SW79,S,571,0.19601194302423
15506,ENSG00000135829,DHX9,Q08211,S,321,0.255720608864501
15507,ENSG00000101199,ARFGAP1,Q8N6T3,S,363,0.439735912925737
15509,ENSG00000120616,EPC1,Q9H2F5,S,119,0.312673823463991
15511,ENSG00000175115,PACS1,Q6VY07,S,23,0.122262462406785
15515,ENSG00000167881,SRP68,Q9UHB9,T,270,0.291247349362542
15517,ENSG00000137076,TLN1,Q9Y490,S,2096,0.214165393443877
15518,ENSG00000167703,SLC43A2,Q8N370,S,277,0.28721493490882
15519,ENSG00000197265,GTF2E2,P29084,S,18,0.577689539902747
15522,ENSG00000176148,TCP11L1,Q9NUJ3,S,21,0.140169347943223
15523,ENSG00000146872,TLK2,Q86UE8,S,753,0.329296105183837
15525,ENSG00000038274,MAT2B,Q9NZL9,T,280,0.331122088989073
15527,ENSG00000158856,DMTN,Q08495,S,113,0.312154867632516
15530,ENSG00000088888,MAVS,Q7Z434,S,401,0.174867843179263
15532,ENSG00000187866,FAM122A,Q96E09,T,47,0.371362371555753
15533,ENSG00000143702,CEP170,Q5SW79,S,968,0.0979084094393804
15534,ENSG00000138468,SENP7,Q9BQF6,S,443,0.520510777730062
15536,ENSG00000185760,KCNQ5,Q9NR82,S,457,0.667430605628267
15537,ENSG00000080200,CRYBG3,Q68DQ2,S,679,0.085318066985958
15538,ENSG00000149499,EML3,Q32P44,S,204,0.253558300744896
15540,ENSG00000092148,HECTD1,Q9ULT8,S,1571,0.39842891126977
15541,ENSG00000110395,CBL,P22681,S,639,0.339714905297619
15543,ENSG00000086232,EIF2AK1,Q9BQI3,S,6,0.133087355577772
15544,ENSG00000177791,MYOZ1,Q9NP98,S,82,0.205639002278169
15546,ENSG00000130749,ZC3H4,Q9UPT8,T,72,0.293441898487754
15547,ENSG00000075711,DLG1,Q12959,Y,399,0.405069337813271
15548,ENSG00000160392,C19orf47,Q8N9M1,S,124,0.474102267770295
15549,ENSG00000124831,LRRFIP1,Q32MZ4,T,533,0.0763155852127646
15550,ENSG00000136205,TNS3,Q68CZ2,S,649,0.1816103594483
15554,ENSG00000197555,SIPA1L1,O43166,S,1130,0.170086669280536
15555,ENSG00000065243,PKN2,Q16513,S,531,0.223907680380671
15558,ENSG00000023287,RB1CC1,Q8TDY2,S,253,0.194671348430532
15559,ENSG00000077157,PPP1R12B,O60237,S,735,0.337121690702789
15560,ENSG00000165506,DNAAF2,Q9NVR5,T,650,0.321017502819062
15561,ENSG00000160305,DIP2A,Q14689,T,155,0.157603535768376
15562,ENSG00000167302,TEPSIN,Q96N21,S,356,0.31925229316834
15564,ENSG00000099875,MKNK2,Q9HBH9,S,76,0.364795322169286
15565,ENSG00000275342,PRAG1,Q86YV5,S,878,0.267290460693856
15566,ENSG00000276045,ORAI1,Q96D31,T,295,0.468873617345349
15567,ENSG00000197892,KIF13B,Q9NQT8,S,1382,0.322097305831952
15575,ENSG00000137200,CMTR1,Q8N1G2,S,31,0.516971588516137
15576,ENSG00000002726,AOC1,P19801,S,275,0.144646081930808
15577,ENSG00000120899,PTK2B,Q14289,S,762,0.221741995393996
15582,ENSG00000134532,SOX5,P35711,S,370,0.46424179350792
15583,ENSG00000172943,PHF8,Q9UPP1,T,706,0.279625465086174
15584,ENSG00000165288,BRWD3,Q6RI45,S,1579,0.235839313866268
15587,ENSG00000070495,JMJD6,Q6NYC1,S,23,0.130301709838307
15588,ENSG00000081189,MEF2C,Q06413,S,419,0.407141753275464
15590,ENSG00000100220,RTCB,Q9Y3I0,S,300,0.504297156671643
15592,ENSG00000119661,DNAL1,Q4LDG9,S,56,0.357553163381388
15594,ENSG00000150776,NKAPD1,Q6ZUT1,S,125,0.316167635597285
15595,ENSG00000204120,GIGYF2,Q6Y7W6,T,373,0.239685523001151
15598,ENSG00000136643,RPS6KC1,Q96S38,S,661,0.255745099728595
15602,ENSG00000139926,FRMD6,Q96NE9,S,411,0.271698040111118
15604,ENSG00000141570,CBX8,Q9HC52,S,190,0.142580816537728
15606,ENSG00000177459,ERICH5,Q6P6B1,S,354,0.149004962332393
15607,ENSG00000157500,APPL1,Q9UKG1,S,401,0.531912879962622
15610,ENSG00000126777,KTN1,Q86UP2,S,1084,0.232693857435032
15611,ENSG00000184675,AMER1,Q5JTC6,S,286,0.884512256534696
15613,ENSG00000177606,JUN,P05412,S,58,0.382264866213739
15616,ENSG00000106018,VIPR2,P41587,S,415,0.460633480588633
15617,ENSG00000196872,KIAA1211L,Q6NV74,T,319,0.0709025267379583
15622,ENSG00000170892,TSEN34,Q9BSV6,S,141,0.0928218569151121
15623,ENSG00000105447,GRWD1,Q9BQ67,S,26,0.292533955886196
15625,ENSG00000111142,METAP2,P50579,S,74,0.299748612136541
15626,ENSG00000065618,COL17A1,Q9UMD9,S,62,0.328580975519254
15628,ENSG00000054523,KIF1B,O60333,S,1605,0.252403397772706
15629,ENSG00000160145,KALRN,O60229,S,1757,0.149442668127201
15631,ENSG00000130396,AFDN,P55196,S,565,0.15823167121852
15632,ENSG00000124126,PREX1,Q8TCU6,S,1165,0.28707521253281
15634,ENSG00000118971,CCND2,P30279,S,271,0.507334131910346
15637,ENSG00000196914,ARHGEF12,Q9NZN5,S,1544,0.180179413512611
15640,ENSG00000103365,GGA2,Q9UJY4,S,233,0.371279855291944
15642,ENSG00000175931,UBE2O,Q9C0C9,T,488,0.268419558071902
15643,ENSG00000079308,TNS1,Q9HBL0,S,742,0.267520874576334
15644,ENSG00000158856,DMTN,Q08495,S,96,0.633348715859533
15645,ENSG00000100629,CEP128,Q6ZU80,S,31,0.0905665893431282
15647,ENSG00000122779,TRIM24,O15164,S,685,0.304195039043734
15649,ENSG00000173889,PHC3,Q8NDX5,S,862,0.13859631270073
15651,ENSG00000105287,PRKD2,Q9BZL6,S,355,0.192120893372105
15654,ENSG00000138443,ABI2,Q9NYB9,T,361,0.459475836354248
15656,ENSG00000132549,VPS13B,Q7Z7G8,S,1033,0.317851550797859
15657,ENSG00000100982,PCIF1,Q9H4Z3,S,140,0.282573744467147
15659,ENSG00000163249,CCNYL1,Q8N7R7,S,344,0.552646780148531
15660,ENSG00000144290,SLC4A10,Q6U841,S,89,0.364440629376926
15661,ENSG00000069345,DNAJA2,O60884,S,394,0.450553789003356
15664,ENSG00000184368,MAP7D2,Q96T17,S,721,0.22233014121314
15670,ENSG00000099822,HCN2,Q9UL51,S,786,0.463389566754913
15675,ENSG00000163104,SMARCAD1,Q9H4L7,S,98,0.382909790599772
15678,ENSG00000108557,RAI1,Q7Z5J4,T,65,0.259795300704926
15679,ENSG00000126216,TUBGCP3,Q96CW5,S,896,0.489677980373877
15680,ENSG00000111961,SASH1,O94885,S,297,0.275958835191696
15682,ENSG00000089057,SLC23A2,Q9UGH3,S,71,0.194902983891862
15684,ENSG00000177301,KCNA2,P16389,S,440,0.319550609974409
15686,ENSG00000106266,SNX8,Q9Y5X2,T,452,0.533479048819896
15687,ENSG00000108352,RAPGEFL1,Q9UHV5,S,313,0.271498291725622
15690,ENSG00000136861,CDK5RAP2,Q96SN8,S,1102,0.176715454256158
15691,ENSG00000179094,PER1,O15534,S,645,0.0921375091991011
15694,ENSG00000124784,RIOK1,Q9BRS2,S,21,0.419929472147011
15696,ENSG00000141577,CEP131,Q9UPN4,S,120,0.229529660311471
15698,ENSG00000173276,ZBTB21,Q9ULJ3,S,225,0.232262497360729
15700,ENSG00000065883,CDK13,Q14004,S,349,0.337347131790885
15701,ENSG00000099381,SETD1A,O15047,T,562,0.157741101527676
15703,ENSG00000110104,CCDC86,Q9H6F5,S,69,0.491692141018233
15704,ENSG00000102935,ZNF423,Q2M1K9,S,614,0.418416333652888
15705,ENSG00000140992,PDPK1,O15530,T,245,0.691683290230562
15706,ENSG00000196535,MYO18A,Q92614,S,728,0.659291784900038
15707,ENSG00000173166,RAPH1,Q70E73,S,54,0.191580562986743
15708,ENSG00000125414,MYH2,Q9UKX2,S,1482,0.22751066999925
15712,ENSG00000106443,PHF14,O94880,S,603,0.257307647535461
15714,ENSG00000143614,GATAD2B,Q8WXI9,S,486,0.571383364786657
15715,ENSG00000149115,TNKS1BP1,Q9C0C2,S,1121,0.165492001644985
15716,ENSG00000112851,ERBIN,Q96RT1,S,852,0.402565725067988
15724,ENSG00000151835,SACS,Q9NZJ4,T,4261,0.404994709564813
15725,ENSG00000167674,HDGFL2,Q7Z4V5,S,142,0.347338721334882
15727,ENSG00000166783,MARF1,Q9Y4F3,S,712,0.204751986279505
15728,ENSG00000198000,NOL8,Q76FK4,S,331,0.266484384183525
15729,ENSG00000168143,FAM83B,Q5T0W9,S,311,0.213186961922351
15730,ENSG00000166224,SGPL1,O95470,S,564,0.316865171257234
15731,ENSG00000142733,MAP3K6,O95382,S,1129,0.181599454312476
15732,ENSG00000005249,PRKAR2B,P31323,S,83,0.516706364092248
15733,ENSG00000105357,MYH14,Q7Z406,S,1989,0.289014268285455
15734,ENSG00000166598,HSP90B1,P14625,S,42,0.429224278366173
15736,ENSG00000103995,CEP152,O94986,S,1552,0.136541360543368
15738,ENSG00000132470,ITGB4,P16144,S,1486,0.221017722715166
15740,ENSG00000129534,MIS18BP1,Q6P0N0,S,135,0.300557809082168
15742,ENSG00000174485,DENND4A,Q7Z401,T,1223,0.252897131101761
15743,ENSG00000111276,CDKN1B,P46527,S,175,0.137910640452881
15744,ENSG00000137807,KIF23,Q02241,S,943,0.373082369109853
15747,ENSG00000158856,DMTN,Q08495,S,288,0.362489438524813
15748,ENSG00000163166,IWS1,Q96ST2,S,351,0.235008616941025
15755,ENSG00000168243,GNG4,P50150,S,9,0.127918131249877
15763,ENSG00000188522,FAM83G,A6ND36,S,614,0.276617914694242
15766,ENSG00000099290,WASHC2A,Q641Q2,S,1053,0.33091856623309
15768,ENSG00000149115,TNKS1BP1,Q9C0C2,S,275,0.141766639540047
15769,ENSG00000186566,GPATCH8,Q9UKJ3,T,655,0.171580386440024
15771,ENSG00000180233,ZNRF2,Q8NHG8,S,119,0.383266258412865
15773,ENSG00000115904,SOS1,Q07889,S,1265,0.402421067479579
15776,ENSG00000104419,NDRG1,Q92597,T,335,0.311807238990222
15779,ENSG00000113758,DBN1,Q16643,S,307,0.213130897987756
15782,ENSG00000183049,CAMK1D,Q8IU85,T,184,0.482717103030585
15783,ENSG00000176994,SMCR8,Q8TEV9,S,401,0.109991863602507
15785,ENSG00000167323,STIM1,Q13586,S,628,0.505184440792028
15786,ENSG00000166963,MAP1A,P78559,T,2105,0.202920820826479
15787,ENSG00000138757,G3BP2,Q9UN86,T,226,0.35619648307435
15790,ENSG00000112078,KCTD20,Q7Z5Y7,S,374,0.557055336017346
15791,ENSG00000159267,HLCS,P50747,S,138,0.288454409470769
15792,ENSG00000162522,KIAA1522,Q9P206,S,409,0.18889334190911
15793,ENSG00000176915,ANKLE2,Q86XL3,S,919,0.478103198195521
15794,ENSG00000156970,BUB1B,O60566,S,16,0.115508721154018
15795,ENSG00000067369,TP53BP1,Q12888,S,330,0.0620447711268062
15797,ENSG00000172869,DMXL1,Q9Y485,T,1259,0.10936304549131
15798,ENSG00000166228,PCBD1,P61457,S,9,0.28907401574764
15799,ENSG00000141527,CARD14,Q9BXL6,S,787,0.186963855967048
15800,ENSG00000136059,VILL,O15195,S,762,0.204196695800492
15801,ENSG00000090924,PLEKHG2,Q9H7P9,S,1163,0.189202880273106
15802,ENSG00000203880,PCMTD2,Q9NV79,S,306,0.131744536198937
15810,ENSG00000148672,GLUD1,P00367,S,227,0.311113985791037
15811,ENSG00000146830,GIGYF1,O75420,T,374,0.0860533378372246
15814,ENSG00000125848,FLRT3,Q9NZU0,S,639,0.232345196383191
15815,ENSG00000113407,TARS,P26639,Y,298,0.417594507792378
15816,ENSG00000168036,CTNNB1,P35222,T,556,0.538922190971511
15817,ENSG00000196924,FLNA,P21333,S,962,0.178006561598065
15819,ENSG00000132382,MYBBP1A,Q9BQG0,T,1161,0.340578090375875
15820,ENSG00000077235,GTF3C1,Q12789,S,845,0.092591471673511
15822,ENSG00000054523,KIF1B,O60333,T,647,0.339445947660669
15824,ENSG00000157851,DPYSL5,Q9BPU6,T,514,0.442681788623444
15825,ENSG00000170776,AKAP13,Q12802,S,1690,0.134613558667568
15826,ENSG00000197081,IGF2R,P11717,T,2362,0.314326212866836
15827,ENSG00000086015,MAST2,Q6P0Q8,S,281,0.42930976021933
15828,ENSG00000168280,KIF5C,O60282,T,396,0.14885972593502
15829,ENSG00000112297,CRYBG1,Q9Y4K1,S,837,0.174371920248469
15833,ENSG00000136643,RPS6KC1,Q96S38,S,737,0.134839609228731
15834,ENSG00000114019,AMOTL2,Q9Y2J4,S,157,0.462318943683462
15835,ENSG00000081803,CADPS2,Q86UW7,S,1290,0.189187359444678
15836,ENSG00000155980,KIF5A,Q12840,S,931,0.163060281775362
15837,ENSG00000175662,TOM1L2,Q6ZVM7,S,457,0.236269443935404
15839,ENSG00000047849,MAP4,P27816,S,1002,0.242614213544216
15840,ENSG00000010270,STARD3NL,O95772,S,214,0.512116598384292
15842,ENSG00000174891,RSRC1,Q96IZ7,S,237,0.312077790790125
15844,ENSG00000110395,CBL,P22681,Y,455,0.568188177641625
15846,ENSG00000176619,LMNB2,Q03252,S,322,0.107282034630886
15847,ENSG00000137872,SEMA6D,Q8NFY4,S,723,0.444998666942792
15848,ENSG00000156011,PSD3,Q9NYI0,S,770,0.462836539872995
15849,ENSG00000076826,CAMSAP3,Q9P1Y5,T,587,0.0678000804172622
15850,ENSG00000106460,TMEM106B,Q9NUM4,S,58,0.45121308866469
15856,ENSG00000167978,SRRM2,Q9UQ35,Y,1820,0.330645705375288
15857,ENSG00000148337,CIZ1,Q9ULV3,S,868,0.316875688356408
15860,ENSG00000185658,BRWD1,Q9NSI6,S,2018,0.191228721583692
15861,ENSG00000162458,FBLIM1,Q8WUP2,S,285,0.169556477253351
15867,ENSG00000167548,KMT2D,O14686,S,2726,0.229550267534251
15868,ENSG00000143702,CEP170,Q5SW79,S,1132,0.283663909591348
15869,ENSG00000138411,HECW2,Q9P2P5,S,1027,0.125012150626785
15872,ENSG00000176783,RUFY1,Q96T51,S,694,0.16772813047344
15873,ENSG00000137575,SDCBP,O00560,Y,46,0.792327025738722
15876,ENSG00000182606,TRAK1,Q9UPV9,S,393,0.224490871558919
15877,ENSG00000110274,CEP164,Q9UPV0,S,577,0.164753080169325
15879,ENSG00000099904,ZDHHC8,Q9ULC8,S,675,0.63744851695105
15881,ENSG00000123908,AGO2,Q9UKV8,S,831,0.184623434114288
15883,ENSG00000083642,PDS5B,Q9NTI5,S,1366,0.181519278640439
15887,ENSG00000130816,DNMT1,P26358,S,954,0.369200849258878
15888,ENSG00000186564,FOXD2,O60548,S,96,0.438215956574379
15889,ENSG00000132970,WASF3,Q9UPY6,S,233,0.139373983942852
15890,ENSG00000204304,PBX2,P40425,S,146,0.11879210018895
15892,ENSG00000162849,KIF26B,Q2KJY2,S,1773,0.123079468678479
15894,ENSG00000134283,PPHLN1,Q8NEY8,S,207,0.296221086572867
15896,ENSG00000086758,HUWE1,Q7Z6Z7,S,3565,0.0564834929522886
15897,ENSG00000163449,TMEM169,Q96HH4,S,51,0.232550511080114
15898,ENSG00000105401,CDC37,Q16543,S,300,0.328320837826107
15899,ENSG00000084093,REST,Q13127,S,750,0.150068870145486
15901,ENSG00000164251,F2RL1,P55085,S,383,0.551369054309462
15902,ENSG00000168397,ATG4B,Q9Y4P1,S,383,0.581868096068062
15903,ENSG00000129534,MIS18BP1,Q6P0N0,S,824,0.271234881953787
15905,ENSG00000082438,COBLL1,Q53SF7,S,887,0.188130543371883
15907,ENSG00000166165,CKB,P12277,S,178,0.374544513322655
15908,ENSG00000204469,PRRC2A,P48634,S,1110,0.273760351272907
15910,ENSG00000204469,PRRC2A,P48634,T,609,0.217867991036292
15912,ENSG00000160953,MUM1,Q2TAK8,S,235,0.256614803171405
15913,ENSG00000102081,FMR1,P51116,S,603,0.314004761363568
15918,ENSG00000147526,TACC1,O75410,S,131,0.119706524311356
15919,ENSG00000039319,ZFYVE16,Q7Z3T8,S,142,0.212238473565555
15922,ENSG00000151952,TMEM132D,Q14C87,S,555,0.240232598648548
15926,ENSG00000067334,DNTTIP2,Q5QJE6,S,483,0.103270059937061
15929,ENSG00000143195,ILDR2,Q71H61,S,426,0.136251361580487
15930,ENSG00000132024,CC2D1A,Q6P1N0,S,208,0.385955019142443
15932,ENSG00000196428,TSC22D2,O75157,S,206,0.232264847852989
15933,ENSG00000166046,TCP11L2,Q8N4U5,S,50,0.252095883704319
15936,ENSG00000147526,TACC1,O75410,T,275,0.318331140971499
15939,ENSG00000140474,ULK3,Q6PHR2,S,305,0.363119429747931
15940,ENSG00000141295,SCRN2,Q96FV2,T,50,0.275332372766177
15941,ENSG00000101811,CSTF2,P33240,S,113,0.542513313237021
15942,ENSG00000100065,CARD10,Q9BWT7,S,638,0.31936672354218
15944,ENSG00000120149,MSX2,P35548,S,123,0.317701073252037
15946,ENSG00000127511,SIN3B,O75182,S,1002,0.146965666720207
15947,ENSG00000158941,CCAR2,Q8N163,T,21,0.0887862610320651
15948,ENSG00000164134,NAA15,Q9BXJ9,S,856,0.463914297153948
15949,ENSG00000141428,C18orf21,Q32NC0,T,130,0.548960200889046
15953,ENSG00000198369,SPRED2,Q7Z698,S,167,0.369785688725117
15954,ENSG00000111110,PPM1H,Q9ULR3,S,119,0.411444574368564
15955,ENSG00000011426,ANLN,Q9NQW6,S,561,0.293454324354032
15961,ENSG00000114019,AMOTL2,Q9Y2J4,S,670,0.217997578571812
15963,ENSG00000118503,TNFAIP3,P21580,S,220,0.195148268210206
15965,ENSG00000180190,TDRP,Q86YL5,S,41,0.188351333625442
15967,ENSG00000188883,KLRG2,A4D1S0,S,158,0.360763169493241
15970,ENSG00000139168,ZCRB1,Q8TBF4,S,210,0.576704985859726
15971,ENSG00000121104,FAM117A,Q9C073,S,193,0.490627247092122
15973,ENSG00000100207,TCF20,Q9UGU0,T,582,0.173853343683602
15975,ENSG00000177548,RABEP2,Q9H5N1,S,189,0.342496843899895
15977,ENSG00000135905,DOCK10,Q96BY6,S,1322,0.164773922718598
15980,ENSG00000099204,ABLIM1,O14639,S,435,0.333624837462301
15981,ENSG00000143751,SDE2,Q6IQ49,S,304,0.275516225470659
15984,ENSG00000118518,RNF146,Q9NTX7,S,90,0.2526495016445
15988,ENSG00000101407,TTI1,O43156,S,828,0.134646633383358
15989,ENSG00000160299,PCNT,O95613,S,682,0.105564318193844
15991,ENSG00000120278,PLEKHG1,Q9ULL1,S,1128,0.125072021008486
15992,ENSG00000129351,ILF3,Q12906,T,486,0.328264048825855
15996,ENSG00000091436,MAP3K20,Q9NYL2,S,302,0.42117019895639
15999,ENSG00000111676,ATN1,P54259,S,168,0.224272014298674
16000,ENSG00000129667,RHBDF2,Q6PJF5,S,115,0.410527900675197
16004,ENSG00000007237,GAS7,O60861,S,163,0.676529759126668
16006,ENSG00000119686,FLVCR2,Q9UPI3,S,522,0.130213182672415
16009,ENSG00000134597,RBMX2,Q9Y388,S,121,0.159651625795626
16011,ENSG00000123240,OPTN,Q96CV9,S,15,0.32746388757729
16012,ENSG00000070814,TCOF1,Q13428,S,1407,0.239770047189119
16014,ENSG00000172020,GAP43,P17677,S,202,0.119676051863647
16015,ENSG00000072786,STK10,O94804,S,454,0.43873472542597
16017,ENSG00000104728,ARHGEF10,O15013,S,1284,0.35582493654505
16022,ENSG00000167548,KMT2D,O14686,S,4822,0.225716952792743
16023,ENSG00000141655,TNFRSF11A,Q9Y6Q6,S,463,0.301251958742208
16026,ENSG00000087589,CASS4,Q9NQ75,Y,244,0.493106708252881
16027,ENSG00000163848,ZNF148,Q9UQR1,T,669,0.327999073753198
16029,ENSG00000172572,PDE3A,Q14432,S,524,0.46246665759775
16032,ENSG00000066084,DIP2B,Q9P265,T,144,0.270169733646172
16035,ENSG00000116786,PLEKHM2,Q8IWE5,S,559,0.175488823867144
16036,ENSG00000109118,PHF12,Q96QT6,T,671,0.381062110838175
16042,ENSG00000174791,RIN1,Q13671,S,250,0.23629017655577
16046,ENSG00000167978,SRRM2,Q9UQ35,S,2118,0.223403825167686
16047,ENSG00000068354,TBC1D25,Q3MII6,S,156,0.171519406654884
16048,ENSG00000133835,HSD17B4,P51659,S,617,0.105277627882501
16050,ENSG00000123143,PKN1,Q16512,T,914,0.268176686051339
16051,ENSG00000196218,RYR1,P21817,T,1404,0.200950947383022
16052,ENSG00000146830,GIGYF1,O75420,S,538,0.272741462409266
16055,ENSG00000119638,NEK9,Q8TD19,S,829,0.381133200932366
16056,ENSG00000172164,SNTB1,Q13884,S,227,0.332339180671501
16057,ENSG00000166387,PPFIBP2,Q8ND30,S,487,0.25195788243202
16060,ENSG00000167522,ANKRD11,Q6UB99,S,1990,0.331734940129073
16062,ENSG00000061938,TNK2,Q07912,S,728,0.334649778384346
16063,ENSG00000135148,TRAFD1,O14545,T,414,0.335483925571027
16064,ENSG00000108349,CASC3,O15234,S,358,0.220733282925988
16065,ENSG00000163512,AZI2,Q9H6S1,S,348,0.436351008389164
16066,ENSG00000175048,ZDHHC14,Q8IZN3,S,473,0.180300003885099
16068,ENSG00000158092,NCK1,P16333,S,347,0.543749399977119
16074,ENSG00000178685,PARP10,Q53GL7,S,1011,0.21633285005493
16075,ENSG00000006607,FARP2,O94887,S,876,0.697728966521424
16076,ENSG00000139200,PIANP,Q8IYJ0,S,245,0.179180369788505
16077,ENSG00000124789,NUP153,P49790,S,334,0.373491143897699
16078,ENSG00000139436,GIT2,Q14161,S,360,0.121719028986586
16081,ENSG00000166971,AKTIP,Q9H8T0,T,29,0.179859592908371
16084,ENSG00000099219,ERMP1,Q7Z2K6,S,44,0.236164919162484
16085,ENSG00000102854,MSLN,Q13421,S,200,0.189628881911574
16086,ENSG00000158161,EYA3,Q99504,S,255,0.336543794853183
16092,ENSG00000033800,PIAS1,O75925,S,503,0.666254838731248
16093,ENSG00000198721,ECI2,O75521,S,119,0.477356847641822
16094,ENSG00000148730,EIF4EBP2,Q13542,T,37,0.692963459060453
16097,ENSG00000107263,RAPGEF1,Q13905,S,313,0.200603409322944
16098,ENSG00000138434,SSFA2,P28290,S,591,0.290253230370178
16101,ENSG00000070808,CAMK2A,Q9UQM7,S,404,0.203383917421596
16106,ENSG00000250423,KIAA1210,Q9ULL0,S,816,0.0539436849743405
16107,ENSG00000140374,ETFA,P13804,S,192,0.387806407614976
16108,ENSG00000036448,MYOM2,P54296,S,737,0.0671772360972967
16110,ENSG00000101161,PRPF6,O94906,T,220,0.411441992710941
16111,ENSG00000073417,PDE8A,O60658,S,20,0.213062865600719
16114,ENSG00000183741,CBX6,O95503,S,276,0.161430161951595
16115,ENSG00000145725,PPIP5K2,O43314,S,1013,0.416675270048956
16118,ENSG00000136935,GOLGA1,Q92805,S,194,0.155691569181616
16121,ENSG00000197579,TOPORS,Q9NS56,S,866,0.498182092626405
16123,ENSG00000257103,LSM14A,Q8ND56,S,182,0.484343358103048
16125,ENSG00000164484,TMEM200A,Q86VY9,S,323,0.317408522394682
16126,ENSG00000144824,PHLDB2,Q86SQ0,S,281,0.0790254961322106
16128,ENSG00000151320,AKAP6,Q13023,S,1067,0.259048635389643
16129,ENSG00000112297,CRYBG1,Q9Y4K1,S,151,0.105447745288696
16130,ENSG00000127152,BCL11B,Q9C0K0,T,376,0.46219759271182
16132,ENSG00000134954,ETS1,P14921,S,267,0.465199392059802
16133,ENSG00000163781,TOPBP1,Q92547,T,822,0.419631984130077
16135,ENSG00000198910,L1CAM,P32004,S,1191,0.604538889309424
16136,ENSG00000137699,TRIM29,Q14134,S,58,0.125624956696262
16140,ENSG00000204217,BMPR2,Q13873,S,586,0.319792415149665
16142,ENSG00000174780,SRP72,O76094,S,610,0.301002494312542
16144,ENSG00000180353,HCLS1,P14317,S,97,0.285301960946577
16146,ENSG00000125703,ATG4C,Q96DT6,S,369,0.254714392170631
16147,ENSG00000158805,ZNF276,Q8N554,S,366,0.45649066488379
16149,ENSG00000103056,SMPD3,Q9NY59,S,178,0.133586738298007
16150,ENSG00000105556,MIER2,Q8N344,S,180,0.319765409539701
16151,ENSG00000167994,RAB3IL1,Q8TBN0,T,198,0.124245066318977
16152,ENSG00000144366,GULP1,Q9UBP9,T,208,0.200790474157621
16153,ENSG00000079308,TNS1,Q9HBL0,S,1046,0.185528571977498
16154,ENSG00000165271,NOL6,Q9H6R4,S,283,0.34329902061532
16155,ENSG00000143702,CEP170,Q5SW79,S,485,0.0711711167456701
16158,ENSG00000111077,TNS2,Q63HR2,S,589,0.0822782145589677
16160,ENSG00000099814,CEP170B,Q9Y4F5,S,512,0.171961122184768
16161,ENSG00000149115,TNKS1BP1,Q9C0C2,S,712,0.287175479230213
16163,ENSG00000076650,GPATCH1,Q9BRR8,S,477,0.227591412005917
16165,ENSG00000004478,FKBP4,Q02790,S,118,0.494066545345919
16166,ENSG00000136854,STXBP1,P61764,Y,473,0.39924407363785
16169,ENSG00000101972,STAG2,Q8N3U4,S,1065,0.199228938007524
16171,ENSG00000143337,TOR1AIP1,Q5JTV8,S,230,0.217850531956523
16177,ENSG00000158352,SHROOM4,Q9ULL8,S,729,0.233102425754236
16180,ENSG00000131711,MAP1B,P46821,T,837,0.188390324019833
16181,ENSG00000115109,EPB41L5,Q9HCM4,S,418,0.420955626652176
16182,ENSG00000143995,MEIS1,O00470,S,198,0.242137993781398
16189,ENSG00000124762,CDKN1A,P38936,S,31,0.193673720464009
16190,ENSG00000139990,DCAF5,Q96JK2,S,631,0.237357878637194
16192,ENSG00000185344,ATP6V0A2,Q9Y487,S,704,0.383779062877816
16193,ENSG00000122779,TRIM24,O15164,S,667,0.465593965465693
16194,ENSG00000132005,RFX1,P22670,S,979,0.242744053056848
16197,ENSG00000097007,ABL1,P00519,S,919,0.362176018569032
16198,ENSG00000082269,FAM135A,Q9P2D6,S,454,0.205000645355179
16199,ENSG00000157927,RADIL,Q96JH8,S,540,0.0869030257890794
16203,ENSG00000160796,NBEAL2,Q6ZNJ1,T,1869,0.127287688201994
16206,ENSG00000102780,DGKH,Q86XP1,S,1075,0.150258158193788
16207,ENSG00000162642,C1orf52,Q8N6N3,S,22,0.155506327492438
16208,ENSG00000104320,NBN,O60934,T,337,0.569082488834995
16209,ENSG00000121152,NCAPH,Q15003,S,81,0.485705801086074
16210,ENSG00000141526,SLC16A3,O15427,T,460,0.4458444692811
16212,ENSG00000198721,ECI2,O75521,S,101,0.312566575838847
16215,ENSG00000173638,SLC19A1,P41440,S,503,0.46565457829699
16218,ENSG00000167978,SRRM2,Q9UQ35,S,1199,0.179650176526831
16219,ENSG00000059915,PSD,A5PKW4,S,191,0.0882566657172053
16220,ENSG00000167978,SRRM2,Q9UQ35,S,1270,0.193124795528768
16221,ENSG00000197136,PCNX3,Q9H6A9,S,96,0.0966648089127455
16222,ENSG00000116747,TROVE2,P10155,S,19,0.587426376292242
16223,ENSG00000166503,HDGFL3,Q9Y3E1,S,107,0.154161644457213
16227,ENSG00000166508,MCM7,P33993,S,314,0.35715390734871
16229,ENSG00000159423,ALDH4A1,P30038,S,409,0.179782082358491
16230,ENSG00000156697,UTP14A,Q9BVJ6,S,407,0.414022837061368
16232,ENSG00000140600,SH3GL3,Q99963,S,264,0.46564811024224
16233,ENSG00000116641,DOCK7,Q96N67,S,910,0.471836945277595
16238,ENSG00000166963,MAP1A,P78559,S,1322,0.0705087031760176
16240,ENSG00000162402,USP24,Q9UPU5,S,1612,0.366827919469006
16241,ENSG00000144320,LNPK,Q9C0E8,T,213,0.465177654107589
16242,ENSG00000109111,SUPT6H,Q7KZ85,T,1718,0.36494861234038
16243,ENSG00000111266,DUSP16,Q9BY84,S,627,0.30933515587177
16244,ENSG00000141052,MYOCD,Q8IZQ8,S,347,0.305824772790203
16245,ENSG00000132535,DLG4,P78352,Y,240,0.392742853831539
16246,ENSG00000134802,SLC43A3,Q8NBI5,T,258,0.441361995770401
16247,ENSG00000171914,TLN2,Q9Y4G6,S,461,0.0708247832539528
16248,ENSG00000144824,PHLDB2,Q86SQ0,S,909,0.34485845829628
16249,ENSG00000126950,TMEM35A,Q53FP2,S,154,0.11450521853436
16251,ENSG00000120733,KDM3B,Q7LBC6,S,320,0.171661053490924
16253,ENSG00000088930,XRN2,Q9H0D6,S,485,0.347216229416695
16254,ENSG00000135525,MAP7,Q14244,S,203,0.382508025873235
16255,ENSG00000166922,SCG5,P05408,S,108,0.111611140621295
16256,ENSG00000123240,OPTN,Q96CV9,S,528,0.325955818944828
16258,ENSG00000114127,XRN1,Q8IZH2,S,1650,0.100239500030972
16259,ENSG00000149313,AASDHPPT,Q9NRN7,S,258,0.400984118960114
16261,ENSG00000169710,FASN,P49327,S,725,0.266072524529066
16263,ENSG00000158941,CCAR2,Q8N163,S,686,0.141491044218049
16265,ENSG00000070882,OSBPL3,Q9H4L5,S,425,0.260348613169479
16267,ENSG00000151465,CDC123,Q96ST8,T,77,0.327215856982843
16269,ENSG00000135540,NHSL1,Q5SYE7,S,1458,0.627123206861735
16271,ENSG00000124831,LRRFIP1,Q32MZ4,S,739,0.217576716217562
16272,ENSG00000106689,LHX2,P50458,S,230,0.251643518002129
16275,ENSG00000044115,CTNNA1,P35221,S,297,0.317050264951412
16277,ENSG00000044115,CTNNA1,P35221,T,42,0.164045765090335
16278,ENSG00000072518,MARK2,Q7KZI7,S,422,0.111984594052848
16281,ENSG00000143776,CDC42BPA,Q5VT25,T,1725,0.16725163399678
16283,ENSG00000170903,MSANTD4,Q8NCY6,T,192,0.475120128125996
16288,ENSG00000138835,RGS3,P49796,S,965,0.216212952929023
16289,ENSG00000168497,CAVIN2,O95810,S,51,0.271693616176827
16290,ENSG00000177853,ZNF518A,Q6AHZ1,S,655,0.24045783882591
16291,ENSG00000074054,CLASP1,Q7Z460,S,649,0.347677652107365
16296,ENSG00000162733,DDR2,Q16832,Y,481,0.695813858284415
16298,ENSG00000198824,CHAMP1,Q96JM3,T,458,0.429388075477126
16299,ENSG00000123562,MORF4L2,Q15014,S,15,0.364806122713751
16301,ENSG00000163125,RPRD2,Q5VT52,S,817,0.329051476212709
16305,ENSG00000155066,PROM2,Q8N271,S,817,0.303069511551062
16306,ENSG00000163558,PRKCI,P41743,S,248,0.148765989241155
16307,ENSG00000196498,NCOR2,Q9Y618,S,1595,0.0984320294948494
16313,ENSG00000213413,PVRIG,Q6DKI7,S,210,0.198257844073583
16314,ENSG00000124198,ARFGEF2,Q9Y6D5,S,346,0.379248003017096
16315,ENSG00000167114,SLC27A4,Q6P1M0,S,555,0.19298719476213
16317,ENSG00000130475,FCHO1,O14526,S,585,0.551516919414805
16320,ENSG00000135829,DHX9,Q08211,S,1032,0.0774749189368986
16321,ENSG00000107036,RIC1,Q4ADV7,T,992,0.361238318508414
16324,ENSG00000100201,DDX17,Q92841,S,676,0.457407416503373
16325,ENSG00000170776,AKAP13,Q12802,T,1930,0.241131998107224
16327,ENSG00000198561,CTNND1,O60716,S,125,0.251360345791691
16328,ENSG00000136603,SKIL,P12757,S,452,0.340012707601422
16329,ENSG00000152455,SUV39H2,Q9H5I1,S,382,0.392425164542794
16330,ENSG00000131711,MAP1B,P46821,T,565,0.17266233335032
16332,ENSG00000167257,RNF214,Q8ND24,S,150,0.366458519217671
16337,ENSG00000178209,PLEC,Q15149,S,1181,0.117237674509626
16338,ENSG00000198198,SZT2,Q5T011,S,1209,0.142793092943192
16339,ENSG00000147044,CASK,O14936,S,314,0.285275567077581
16341,ENSG00000111077,TNS2,Q63HR2,S,845,0.323097337932968
16342,ENSG00000132952,USPL1,Q5W0Q7,S,1055,0.246132108604181
16347,ENSG00000094914,AAAS,Q9NRG9,S,541,0.279211634383955
16350,ENSG00000167711,SERPINF2,P08697,S,450,0.225178915215017
16351,ENSG00000119392,GLE1,Q53GS7,T,102,0.451201621404396
16352,ENSG00000097007,ABL1,P00519,S,720,0.155301395247311
16353,ENSG00000134369,NAV1,Q8NEY1,S,1826,0.243211126278521
16356,ENSG00000119772,DNMT3A,Q9Y6K1,T,261,0.494634104448733
16357,ENSG00000083642,PDS5B,Q9NTI5,T,1370,0.532485825809213
16358,ENSG00000173402,DAG1,Q14118,S,888,0.972093412471608
16359,ENSG00000134077,THUMPD3,Q9BV44,S,207,0.358595758684006
16360,ENSG00000118960,HS1BP3,Q53T59,S,302,0.430836585117623
16361,ENSG00000196782,MAML3,Q96JK9,T,617,0.153523919329817
16363,ENSG00000151136,BTBD11,A6QL63,S,65,0.400180733226315
16364,ENSG00000151474,FRMD4A,Q9P2Q2,S,681,0.347552760475983
16365,ENSG00000182674,KCNB2,Q92953,S,531,0.243313389973792
16368,ENSG00000113643,RARS,P54136,T,103,0.352373692274628
16369,ENSG00000079313,REXO1,Q8N1G1,S,358,0.236742740352528
16370,ENSG00000148356,LRSAM1,Q6UWE0,S,234,0.182821566251928
16372,ENSG00000237441,RGL2,O15211,S,578,0.193396518499233
16373,ENSG00000143891,GALM,Q96C23,S,14,0.257319308169038
16376,ENSG00000138434,SSFA2,P28290,S,1174,0.262277727029707
16378,ENSG00000129003,VPS13C,Q709C8,S,2486,0.172743472096351
16379,ENSG00000115306,SPTBN1,Q01082,S,2340,0.473610441405248
16380,ENSG00000130528,HRC,P23327,S,96,0.274529498371112
16381,ENSG00000152409,JMY,Q8N9B5,S,946,0.26069892523716
16384,ENSG00000180900,SCRIB,Q14160,S,1547,0.294800505072064
16386,ENSG00000118473,SGIP1,Q9BQI5,S,493,0.485349786676728
16387,ENSG00000075702,WDR62,O43379,S,982,0.248106150930162
16390,ENSG00000176986,SEC24C,P53992,S,891,0.197548076350945
16391,ENSG00000196935,SRGAP1,Q7Z6B7,S,1005,0.330019745680203
16392,ENSG00000109971,HSPA8,P11142,S,633,0.146141811517094
16393,ENSG00000107036,RIC1,Q4ADV7,S,1015,0.257591843241349
16394,ENSG00000141699,RETREG3,Q86VR2,S,436,0.5092745988882
16399,ENSG00000150593,PDCD4,Q53EL6,T,90,0.244073519103921
16400,ENSG00000137807,KIF23,Q02241,S,605,0.359448135770236
16401,ENSG00000115207,GTF3C2,Q8WUA4,S,165,0.322692380420932
16403,ENSG00000185122,HSF1,Q00613,S,292,0.523992849561702
16404,ENSG00000058272,PPP1R12A,O14974,T,408,0.122614483078432
16407,ENSG00000115306,SPTBN1,Q01082,S,2110,0.164626294924394
16408,ENSG00000169554,ZEB2,O60315,S,1129,0.269980291753377
16409,ENSG00000170144,HNRNPA3,P51991,S,356,0.746218927894147
16411,ENSG00000111206,FOXM1,Q08050,S,704,0.295216596187753
16412,ENSG00000173210,ABLIM3,O94929,T,279,0.430963593626245
16413,ENSG00000101972,STAG2,Q8N3U4,S,1064,0.275110546432912
16415,ENSG00000102302,FGD1,P98174,S,715,0.404357750757817
16416,ENSG00000164327,RICTOR,Q6R327,S,1320,0.168017995364353
16419,ENSG00000143079,CTTNBP2NL,Q9P2B4,T,597,0.406671494540242
16420,ENSG00000077235,GTF3C1,Q12789,S,844,0.138297147732447
16421,ENSG00000204138,PHACTR4,Q8IZ21,S,118,0.404252853486693
16423,ENSG00000116748,AMPD1,P23109,S,139,0.159237660803679
16424,ENSG00000164924,YWHAZ,P63104,S,63,0.512938637843903
16426,ENSG00000152457,DCLRE1C,Q96SD1,S,385,0.375541838725859
16427,ENSG00000085224,ATRX,P46100,S,871,0.34418046983908
16429,ENSG00000034152,MAP2K3,P46734,T,39,0.559610452164283
16430,ENSG00000074590,NUAK1,O60285,S,603,0.297257091542162
16431,ENSG00000168005,SPINDOC,Q9BUA3,S,81,0.117930930316897
16432,ENSG00000065526,SPEN,Q96T58,S,2634,0.123971877508038
16436,ENSG00000169714,CNBP,P62633,S,151,0.292373217309686
16437,ENSG00000180448,ARHGAP45,Q92619,T,937,0.114988687358393
16441,ENSG00000141644,MBD1,Q9UIS9,T,517,0.0914489683622463
16442,ENSG00000070814,TCOF1,Q13428,S,475,0.246904945196867
16444,ENSG00000153201,RANBP2,O14715,S,788,0.430580646168521
16445,ENSG00000105875,WDR91,A4D1P6,S,256,0.374512444733223
16447,ENSG00000198130,HIBCH,Q6NVY1,S,234,0.311090483693665
16448,ENSG00000100216,TOMM22,Q9NS69,S,15,0.580702587136303
16450,ENSG00000163104,SMARCAD1,Q9H4L7,S,214,0.299040380380115
16451,ENSG00000118412,CASP8AP2,Q9UKL3,S,1380,0.180750745583887
16452,ENSG00000157765,SLC34A2,O95436,S,671,0.124581065586153
16453,ENSG00000180530,NRIP1,P48552,S,252,0.275593888240712
16456,ENSG00000164190,NIPBL,Q6KC79,S,305,0.318673255194376
16459,ENSG00000119509,INVS,Q9Y283,S,614,0.332970388866111
16460,ENSG00000066739,ATG2B,Q96BY7,S,886,0.260585284876534
16462,ENSG00000138413,IDH1,O75874,S,389,0.294514966529587
16463,ENSG00000133392,MYH11,P35749,S,1720,0.0759270116765276
16464,ENSG00000034677,RNF19A,Q9NV58,S,574,0.190324603893787
16466,ENSG00000179588,ZFPM1,Q8IX07,T,653,0.152603559587325
16471,ENSG00000132024,CC2D1A,Q6P1N0,Y,207,0.463693889174549
16474,ENSG00000079263,SP140,Q13342,S,467,0.219756459683934
16476,ENSG00000156639,ZFAND3,Q9H8U3,S,124,0.411993637134977
16479,ENSG00000172765,TMCC1,O94876,S,413,0.188851161468125
16483,ENSG00000166484,MAPK7,Q13164,T,733,0.547308276923604
16484,ENSG00000196914,ARHGEF12,Q9NZN5,T,1293,0.170722689601376
16486,ENSG00000176406,RIMS2,Q9UQ26,S,1092,0.264826749977644
16488,ENSG00000198844,ARHGEF15,O94989,S,93,0.211546550345605
16490,ENSG00000123104,ITPR2,Q14571,S,2636,0.209033780554132
16491,ENSG00000100503,NIN,Q8N4C6,S,1931,0.195541771421883
16492,ENSG00000165995,CACNB2,Q08289,T,219,0.261947711931452
16493,ENSG00000108510,MED13,Q71F56,S,398,0.200759337690545
16494,ENSG00000198604,BAZ1A,Q9NRL2,S,1363,0.278941123365577
16496,ENSG00000124486,USP9X,Q93008,S,2448,0.205999331105754
16497,ENSG00000095637,SORBS1,Q9BX66,T,642,0.158837720196636
16499,ENSG00000104714,ERICH1,Q86X53,S,339,0.164035505909972
16504,ENSG00000089094,KDM2B,Q8NHM5,S,483,0.0899997487968257
16505,ENSG00000163513,TGFBR2,P37173,S,486,0.291650325042333
16510,ENSG00000100523,DDHD1,Q8NEL9,T,720,0.122770340308618
16511,ENSG00000038382,TRIO,O75962,T,1824,0.281543729867152
16512,ENSG00000116095,PLEKHA3,Q9HB20,S,289,0.237033961009536
16514,ENSG00000155657,TTN,Q14247,S,302,0.400856898623205
16515,ENSG00000118197,DDX59,Q5T1V6,S,76,0.219532167330029
16517,ENSG00000154310,TNIK,Q9UKE5,S,526,0.250503369836788
16519,ENSG00000147689,FAM83A,Q86UY5,S,353,0.324597036573295
16523,ENSG00000116539,ASH1L,Q9NR48,S,529,0.110482417898165
16524,ENSG00000131373,HACL1,Q9UJ83,S,192,0.153328992716168
16525,ENSG00000141298,SSH2,Q76I76,S,1227,0.302509246554019
16527,ENSG00000095380,NANS,Q9NR45,S,134,0.331396938283386
16528,ENSG00000131725,WDR44,Q5JSH3,S,342,0.438161162328886
16529,ENSG00000181191,PJA1,Q8NG27,S,387,0.278640177990299
16531,ENSG00000124496,TRERF1,Q96PN7,S,1070,0.304330650738346
16533,ENSG00000166888,STAT6,P42226,Y,641,0.42830874856617
16534,ENSG00000109458,GAB1,Q13480,T,638,0.549333231312871
16536,ENSG00000124160,NCOA5,Q9HCD5,S,416,0.105681682269997
16537,ENSG00000149503,INCENP,Q9NQS7,S,291,0.221013569599796
16539,ENSG00000171992,SYNPO,Q8N3V7,S,863,0.262866645566559
16542,ENSG00000167106,FAM102A,Q5T9C2,S,311,0.346892496490336
16544,ENSG00000197226,TBC1D9B,Q66K14,S,1138,0.266051548563855
16545,ENSG00000148343,MIGA2,Q7L4E1,T,206,0.362070030570137
16550,ENSG00000166897,ELFN2,Q5R3F8,S,758,0.591594743269609
16552,ENSG00000107331,ABCA2,Q9BZC7,S,2381,0.198196178320769
16556,ENSG00000106211,HSPB1,P04792,T,162,0.312372706036601
16557,ENSG00000169567,HINT1,P49773,S,45,0.45159551453977
16559,ENSG00000107438,PDLIM1,O00151,S,186,0.319252543129531
16560,ENSG00000146950,SHROOM2,Q13796,S,1524,0.222352032636433
16561,ENSG00000164867,NOS3,P29474,S,53,0.180333757823941
16562,ENSG00000108469,RECQL5,O94762,S,488,0.281871859847206
16564,ENSG00000143569,UBAP2L,Q14157,T,291,0.164151538543973
16565,ENSG00000154358,OBSCN,Q5VST9,S,4750,0.53113545322659
16569,ENSG00000174791,RIN1,Q13671,T,336,0.306548268512794
16573,ENSG00000113812,ACTR8,Q9H981,S,468,0.341176405081499
16575,ENSG00000100297,MCM5,P33992,S,605,0.625801436772159
16576,ENSG00000197077,KIAA1671,Q9BY89,S,1598,0.174772081592325
16577,ENSG00000105771,SMG9,Q9H0W8,S,25,0.266306382796039
16578,ENSG00000162522,KIAA1522,Q9P206,S,529,0.223592749666484
16580,ENSG00000110066,KMT5B,Q4FZB7,S,532,0.170724389058687
16581,ENSG00000079308,TNS1,Q9HBL0,Y,1345,0.398632131780674
16582,ENSG00000107862,GBF1,Q92538,S,1475,0.300634841500871
16585,ENSG00000170677,SOCS6,O14544,S,311,0.399070062610994
16588,ENSG00000160007,ARHGAP35,Q9NRY4,S,962,0.078580386429152
16591,ENSG00000117758,STX12,Q86Y82,S,94,0.177065206473149
16594,ENSG00000197256,KANK2,Q63ZY3,S,71,0.321678473152766
16597,ENSG00000167978,SRRM2,Q9UQ35,S,846,0.215801106368418
16598,ENSG00000156521,TYSND1,Q2T9J0,T,107,0.377786381190838
16599,ENSG00000108953,YWHAE,P62258,S,65,0.344351721466452
16600,ENSG00000165525,NEMF,O60524,S,831,0.264552306388049
16601,ENSG00000166025,AMOTL1,Q8IY63,S,793,0.506385759284812
16602,ENSG00000111640,GAPDH,P04406,T,153,0.676243741623909
16604,ENSG00000095380,NANS,Q9NR45,S,248,0.330602770589177
16608,ENSG00000159086,PAXBP1,Q9Y5B6,S,191,0.367803598330858
16609,ENSG00000153551,CMTM7,Q96FZ5,S,16,0.119243478444157
16614,ENSG00000117298,ECE1,P42892,T,25,0.454641188045768
16615,ENSG00000103671,TRIP4,Q15650,S,387,0.379543065301155
16616,ENSG00000138640,FAM13A,O94988,S,727,0.333528134406816
16617,ENSG00000104689,TNFRSF10A,O00220,S,424,0.275631371202697
16618,ENSG00000198604,BAZ1A,Q9NRL2,S,714,0.0639461446699302
16619,ENSG00000198758,EPS8L3,Q8TE67,S,201,0.137292266307874
16622,ENSG00000176225,RTTN,Q86VV8,S,305,0.307781359632337
16623,ENSG00000177425,PAWR,Q96IZ0,T,230,0.330776320798212
16625,ENSG00000076864,RAP1GAP,P47736,S,498,0.547609609037924
16628,ENSG00000010818,HIVEP2,P31629,S,2301,0.320696751645487
16629,ENSG00000173786,CNP,P09543,Y,110,0.343844771579164
16634,ENSG00000160796,NBEAL2,Q6ZNJ1,S,759,0.283156182009054
16636,ENSG00000147010,SH3KBP1,Q96B97,S,156,0.342806176415302
16637,ENSG00000110237,ARHGEF17,Q96PE2,S,862,0.174518007684097
16638,ENSG00000063245,EPN1,Q9Y6I3,S,204,0.135286888285072
16640,ENSG00000100284,TOM1,O60784,S,359,0.350085010796753
16645,ENSG00000055044,NOP58,Q9Y2X3,S,351,0.518647519943313
16646,ENSG00000153317,ASAP1,Q9ULH1,T,1048,0.259927332325776
16647,ENSG00000132405,TBC1D14,Q9P2M4,S,103,0.126859663533383
16648,ENSG00000102870,ZNF629,Q9UEG4,S,52,0.175871229979999
16650,ENSG00000075275,CELSR1,Q9NYQ6,S,2758,0.117939715657597
16651,ENSG00000177469,CAVIN1,Q6NZI2,S,300,0.604391280090654
16652,ENSG00000197785,ATAD3A,Q9NVI7,S,634,0.144897978532603
16654,ENSG00000091164,TXNL1,O43396,S,18,0.0920889258404832
16657,ENSG00000139083,ETV6,P41212,S,321,0.113548434047951
16658,ENSG00000138669,PRKG2,Q13237,S,110,0.198143624005217
16660,ENSG00000142197,DOPEY2,Q9Y3R5,S,650,0.104152123401636
16661,ENSG00000137497,NUMA1,Q14980,S,1728,0.289304787672439
16664,ENSG00000008086,CDKL5,O76039,S,375,0.0738189295608616
16666,ENSG00000115008,IL1A,P01583,S,104,0.229920847589971
16667,ENSG00000099308,MAST3,O60307,S,109,0.203556912747727
16668,ENSG00000056586,RC3H2,Q9HBD1,S,808,0.47030418567239
16669,ENSG00000149930,TAOK2,Q9UL54,S,493,0.0968666619871285
16671,ENSG00000123560,PLP1,P05386,Y,104,0.76792615481977
16674,ENSG00000174446,SNAPC5,O75971,S,96,0.543239572244319
16676,ENSG00000130158,DOCK6,Q96HP0,S,1194,0.233383715155344
16679,ENSG00000067248,DHX29,Q7Z478,S,68,0.175728990170329
16680,ENSG00000121690,DEPDC7,Q96QD5,S,170,0.207125175926057
16681,ENSG00000096384,HSP90AB1,P08238,S,482,0.377040469935692
16682,ENSG00000180530,NRIP1,P48552,S,218,0.249423673487979
16683,ENSG00000167978,SRRM2,Q9UQ35,S,883,0.253132535245405
16684,ENSG00000127804,METTL16,Q86W50,S,450,0.390341298648166
16685,ENSG00000158195,WASF2,Q9Y6W5,S,296,0.522905091899533
16688,ENSG00000101040,ZMYND8,Q9ULU4,S,462,0.27659727534696
16690,ENSG00000114331,ACAP2,Q15057,T,382,0.319930063917228
16692,ENSG00000115364,MRPL19,P49406,S,77,0.232900460952455
16694,ENSG00000065526,SPEN,Q96T58,S,3466,0.139680329725939
16696,ENSG00000083642,PDS5B,Q9NTI5,T,1367,0.266134449237561
16697,ENSG00000100154,TTC28,Q96AY4,S,2307,0.239861323783785
16698,ENSG00000131473,ACLY,P53396,S,478,0.223488826721868
16699,ENSG00000145907,G3BP1,Q13283,S,230,0.685360308996616
16701,ENSG00000143373,ZNF687,Q8N1G0,S,133,0.201658013025259
16703,ENSG00000115760,BIRC6,Q9NR09,S,473,0.26229246776608
16705,ENSG00000175084,DES,P17661,Y,83,0.384925438061682
16706,ENSG00000100815,TRIP11,Q15643,S,383,0.0810179910639223
16708,ENSG00000140443,IGF1R,P08069,T,1366,0.135658191878887
16709,ENSG00000203485,INF2,Q27J81,S,586,0.0915681434501448
16711,ENSG00000108557,RAI1,Q7Z5J4,S,1107,0.199958235764593
16715,ENSG00000144747,TMF1,P82094,S,349,0.20499928830505
16716,ENSG00000174276,ZNHIT2,Q9UHR6,T,161,0.446347812056748
16717,ENSG00000008018,PSMB1,P20618,S,195,0.103976556282442
16718,ENSG00000100266,PACSIN2,Q9UNF0,S,372,0.314536088939056
16719,ENSG00000187634,SAMD11,Q96NU1,S,640,0.555015594749646
16720,ENSG00000043143,JADE2,Q9NQC1,S,635,0.242640055883724
16724,ENSG00000118922,KLF12,Q9Y4X4,S,202,0.480589026009354
16727,ENSG00000078674,PCM1,Q15154,S,1260,0.221437923074596
16728,ENSG00000092531,SNAP23,O00161,T,102,0.262573074969004
16729,ENSG00000111142,METAP2,P50579,S,63,0.30373726665833
16734,ENSG00000197265,GTF2E2,P29084,S,227,0.324871238003448
16737,ENSG00000134265,NAPG,Q99747,Y,307,0.447699122116997
16738,ENSG00000100941,PNN,Q9H307,S,84,0.26338197480491
16739,ENSG00000198087,CD2AP,Q9Y5K6,T,551,0.424130173422451
16740,ENSG00000152767,FARP1,Q9Y4F1,S,418,0.202178583304625
16744,ENSG00000213516,RBMXL1,Q96E39,S,337,0.30033036816983
16746,ENSG00000104946,TBC1D17,Q9HA65,S,604,0.529271807838101
16747,ENSG00000060688,SNRNP40,Q96DI7,T,40,0.220362538577209
16751,ENSG00000169093,ASMTL,O95671,S,239,0.413328154413607
16752,ENSG00000124496,TRERF1,Q96PN7,S,758,0.568092939142447
16753,ENSG00000142185,TRPM2,O94759,S,603,0.130562090731262
16758,ENSG00000162512,SDC3,O75056,S,428,0.410419203436944
16761,ENSG00000139832,RAB20,Q9NX57,S,142,0.585905882453728
16763,ENSG00000160685,ZBTB7B,O15156,T,528,0.0955469871572909
16766,ENSG00000168143,FAM83B,Q5T0W9,T,583,0.211850310329986
16767,ENSG00000054219,LY75,O60449,S,1719,0.0877111624682759
16768,ENSG00000091436,MAP3K20,Q9NYL2,S,648,0.344131436164048
16770,ENSG00000048828,FAM120A,Q9NZB2,S,444,0.355536776517671
16772,ENSG00000172071,EIF2AK3,Q9NZJ5,S,845,0.28829846061475
16774,ENSG00000132694,ARHGEF11,O15085,S,1519,0.150322072744151
16776,ENSG00000272391,POM121C,A8CG34,S,325,0.245906150651944
16779,ENSG00000249709,ZNF564,Q8TBZ8,S,183,0.203394534982181
16782,ENSG00000115091,ACTR3,P61158,T,119,0.459475178817136
16783,ENSG00000078699,CBFA2T2,O43439,S,44,0.194097106280362
16785,ENSG00000102858,MGRN1,O60291,S,515,0.511427206539799
16790,ENSG00000118762,PKD2,Q13563,S,166,0.212723526631361
16791,ENSG00000157510,AFAP1L1,Q8TED9,S,149,0.230602977446341
16792,ENSG00000173517,PEAK1,Q9H792,S,1236,0.0483878569347887
16794,ENSG00000115232,ITGA4,P13612,S,1023,0.28244558333974
16795,ENSG00000118960,HS1BP3,Q53T59,T,137,0.133599535864687
16797,ENSG00000169313,P2RY12,Q9H244,S,323,0.202394639209106
16798,ENSG00000187098,MITF,O75030,S,518,0.199934228913654
16802,ENSG00000158941,CCAR2,Q8N163,T,484,0.353303655964297
16808,ENSG00000151065,DCP1B,Q8IZD4,T,373,0.407796831403303
16809,ENSG00000153767,GTF2E1,P29083,S,268,0.26065127548286
16810,ENSG00000150907,FOXO1,Q12778,T,478,0.182615954494693
16811,ENSG00000104312,RIPK2,O43353,S,357,0.405257829237536
16812,ENSG00000080854,IGSF9B,Q9UPX0,S,1202,0.173194102410595
16813,ENSG00000166224,SGPL1,O95470,S,124,0.110302286430603
16815,ENSG00000092295,TGM1,P22735,S,92,0.379764595753356
16816,ENSG00000109881,CCDC34,Q96HJ3,S,52,0.443408834748532
16818,ENSG00000131016,AKAP12,Q02952,S,1497,0.0670757258923582
16820,ENSG00000170677,SOCS6,O14544,S,108,0.196369773044727
16823,ENSG00000079805,DNM2,P50570,S,644,0.0972631965090836
16824,ENSG00000160796,NBEAL2,Q6ZNJ1,S,1306,0.0489194468958125
16827,ENSG00000179588,ZFPM1,Q8IX07,S,384,0.360415099822989
16828,ENSG00000153317,ASAP1,Q9ULH1,S,816,0.191819342861549
16829,ENSG00000175073,VCPIP1,Q96JH7,S,46,0.126385814895639
16830,ENSG00000138439,FAM117B,Q6P1L5,S,510,0.255425963483412
16833,ENSG00000058063,ATP11B,Q9Y2G3,S,446,0.139258153343698
16842,ENSG00000170322,NFRKB,Q6P4R8,S,799,0.237405311350636
16846,ENSG00000198780,FAM169A,Q9Y6X4,S,637,0.494646905194656
16848,ENSG00000168143,FAM83B,Q5T0W9,T,567,0.145346634674176
16849,ENSG00000116117,PARD3B,Q8TEW8,S,990,0.323173636205013
16850,ENSG00000134371,CDC73,Q6P1J9,S,212,0.466673729008577
16851,ENSG00000186638,KIF24,Q5T7B8,T,1006,0.272847732009186
16853,ENSG00000112851,ERBIN,Q96RT1,S,682,0.230700014430026
16854,ENSG00000135373,EHF,Q9NZC4,S,184,0.365495414298878
16861,ENSG00000131711,MAP1B,P46821,S,1156,0.275055031895418
16864,ENSG00000101040,ZMYND8,Q9ULU4,S,1119,0.213713360629766
16868,ENSG00000131018,SYNE1,Q8NF91,S,8674,0.0682541193885862
16869,ENSG00000184481,FOXO4,P98177,T,229,0.138208156251103
16870,ENSG00000198561,CTNND1,O60716,S,331,0.212669750027225
16871,ENSG00000166963,MAP1A,P78559,S,1264,0.205464112761464
16874,ENSG00000197043,ANXA6,P08133,S,630,0.263522150216764
16876,ENSG00000168795,ZBTB5,O15062,S,298,0.117353078378733
16878,ENSG00000147799,ARHGAP39,Q9C0H5,S,488,0.226527397926955
16879,ENSG00000086730,LAT2,Q9GZY6,Y,136,0.870046434777455
16880,ENSG00000204304,PBX2,P40425,S,330,0.426535668334846
16881,ENSG00000166922,SCG5,P05408,T,137,0.148181356648279
16883,ENSG00000163875,MEAF6,Q9HAF1,S,136,0.270871867336861
16885,ENSG00000185359,HGS,O14964,Y,286,0.575283444421917
16890,ENSG00000196220,SRGAP3,O43295,S,1030,0.20059533198644
16893,ENSG00000189325,C6orf222,P0C671,S,463,0.24320251766643
16894,ENSG00000121903,ZSCAN20,P17040,S,862,0.355991247432758
16897,ENSG00000165868,HSPA12A,O43301,S,22,0.154428896564039
16901,ENSG00000163159,VPS72,Q15906,S,108,0.200563534508082
16903,ENSG00000115355,CCDC88A,Q3V6T2,S,1566,0.240927396783854
16905,ENSG00000184436,THAP7,Q9BT49,S,210,0.490511451470241
16906,ENSG00000008300,CELSR3,Q9NYQ7,S,3181,0.126840641152899
16907,ENSG00000102710,SUPT20H,Q8NEM7,S,437,0.535788988807238
16908,ENSG00000188191,PRKAR1B,P31321,S,71,0.460668198247596
16910,ENSG00000165280,VCP,P55072,S,702,0.524040071158382
16913,ENSG00000142798,HSPG2,P98160,S,4306,0.243546837343717
16914,ENSG00000172071,EIF2AK3,Q9NZJ5,S,856,0.436111871263207
16916,ENSG00000154767,XPC,Q01831,S,350,0.240751653286467
16918,ENSG00000197893,NRAP,Q86VF7,S,152,0.238680378357234
16920,ENSG00000170989,S1PR1,P21453,S,351,0.410461890873318
16924,ENSG00000154727,GABPA,Q06546,S,62,0.117418194282358
16925,ENSG00000041515,MYO16,Q9Y6X6,S,1555,0.172707220580331
16926,ENSG00000131236,CAP1,O14713,S,36,0.130151457438891
16928,ENSG00000160551,TAOK1,Q7L7X3,S,974,0.349282647086411
16929,ENSG00000092068,SLC7A8,Q9UHI5,S,21,0.280621832043848
16930,ENSG00000182173,TSEN54,Q7Z6J9,S,178,0.467072230983478
16932,ENSG00000167978,SRRM2,Q9UQ35,S,1008,0.19059541904134
16933,ENSG00000198467,TPM2,P07951,S,179,0.198684780141623
16934,ENSG00000165138,ANKS6,Q68DC2,S,688,0.195551875615715
16935,ENSG00000116679,IVNS1ABP,Q9Y6Y0,S,271,0.165020241479261
16937,ENSG00000118200,CAMSAP2,Q08AD1,S,901,0.22440185273465
16938,ENSG00000196535,MYO18A,Q92614,S,83,0.287149223654603
16939,ENSG00000166477,LEO1,Q8WVC0,S,140,0.239130577515302
16940,ENSG00000125977,EIF2S2,P20042,S,286,0.57348760929636
16941,ENSG00000148297,MED22,Q15528,S,173,0.214920542544966
16942,ENSG00000166317,SYNPO2L,Q9H987,S,790,0.259925427925629
16943,ENSG00000177303,CASKIN2,Q8WXE0,S,878,0.352394645491779
16944,ENSG00000149182,ARFGAP2,Q8N6H7,S,513,0.310279064857448
16947,ENSG00000197323,TRIM33,Q9UPN9,S,644,0.361601591039012
16949,ENSG00000139318,DUSP6,Q16828,S,178,0.51044672863138
16951,ENSG00000107862,GBF1,Q92538,S,1335,0.286106977631488
16952,ENSG00000198561,CTNND1,O60716,Y,335,0.519386134147875
16953,ENSG00000138688,KIAA1109,Q2LD37,S,2726,0.0654017413136458
16954,ENSG00000269313,MAGIX,Q9H6Y5,S,272,0.183851641130207
16955,ENSG00000126746,ZNF384,Q8TF68,S,214,0.371489508171836
16958,ENSG00000124160,NCOA5,Q9HCD5,T,418,0.390047468674943
16962,ENSG00000160803,UBQLN4,Q9NRR5,S,135,0.177689737185248
16965,ENSG00000094975,SUCO,Q9UBS9,S,1103,0.40118871394162
16969,ENSG00000175707,KDF1,Q8NAX2,S,201,0.208812367952526
16970,ENSG00000144283,PKP4,Q99569,S,422,0.307851757961284
16972,ENSG00000080986,NDC80,O14777,S,77,0.299887151681757
16974,ENSG00000164708,PGAM2,P15259,T,152,0.107593085470067
16975,ENSG00000124942,AHNAK,Q09666,S,2926,0.0570300929097008
16976,ENSG00000164327,RICTOR,Q6R327,T,1135,0.569668683087171
16979,ENSG00000162402,USP24,Q9UPU5,S,914,0.287625543665902
16982,ENSG00000143384,MCL1,Q07820,S,64,0.444863316195343
16989,ENSG00000163872,YEATS2,Q9ULM3,S,536,0.510537077997034
16990,ENSG00000141068,KSR1,Q8IVT5,S,194,0.112881329940317
16991,ENSG00000060237,WNK1,Q9H4A3,S,11,0.152042752005819
16992,ENSG00000097096,SYDE2,Q5VT97,S,317,0.318839120051572
16995,ENSG00000093000,NUP50,Q9UKX7,S,330,0.284179773470555
16997,ENSG00000102225,CDK16,Q00536,S,78,0.504168820304641
17001,ENSG00000175707,KDF1,Q8NAX2,S,137,0.328974357296435
17004,ENSG00000110104,CCDC86,Q9H6F5,S,255,0.699957093670458
17006,ENSG00000076826,CAMSAP3,Q9P1Y5,S,349,0.201373890060967
17007,ENSG00000102870,ZNF629,Q9UEG4,S,28,0.314965583522435
17008,ENSG00000116191,RALGPS2,Q86X27,S,296,0.454245874167849
17009,ENSG00000106346,USP42,Q9H9J4,S,1263,0.167991595917682
17011,ENSG00000142856,ITGB3BP,Q13352,S,42,0.145313068956904
17012,ENSG00000103966,EHD4,Q9H223,T,457,0.295291963815341
17014,ENSG00000163872,YEATS2,Q9ULM3,T,482,0.285469480538604
17018,ENSG00000138231,DBR1,Q9UK59,S,499,0.263331518903808
17019,ENSG00000121892,PDS5A,Q29RF7,S,1276,0.254680056087848
17020,ENSG00000168517,HEXIM2,Q96MH2,S,169,0.17906516241552
17024,ENSG00000015153,YAF2,Q8IY57,S,154,0.110686929113801
17025,ENSG00000150995,ITPR1,Q14643,S,2696,0.264949928684161
17026,ENSG00000198689,SLC9A6,Q92581,S,624,0.313742946400814
17032,ENSG00000089048,ESF1,Q9H501,T,319,0.272136937035258
17033,ENSG00000079691,CARMIL1,Q5VZK9,S,960,0.237480331189342
17036,ENSG00000135045,C9orf40,Q8IXQ3,S,67,0.306502754423515
17039,ENSG00000127481,UBR4,Q5T4S7,S,364,0.23418259678065
17040,ENSG00000182004,SNRPE,P62304,S,91,0.139778581086985
17041,ENSG00000171492,LRRC8D,Q7L1W4,T,251,0.432183976193061
17043,ENSG00000162616,DNAJB4,Q9UDY4,S,248,0.351758961714159
17044,ENSG00000189308,LIN54,Q6MZP7,S,264,0.397931191963845
17046,ENSG00000047648,ARHGAP6,O43182,S,673,0.394830453539174
17048,ENSG00000121067,SPOP,O43791,S,6,0.379928659696589
17050,ENSG00000146005,PSD2,Q9BQI7,S,220,0.339098331006755
17051,ENSG00000129422,MTUS1,Q9ULD2,S,398,0.0750356426460257
17053,ENSG00000109458,GAB1,Q13480,S,389,0.176917050211383
17055,ENSG00000013297,CLDN11,O75508,S,197,0.366840761080599
17056,ENSG00000099904,ZDHHC8,Q9ULC8,S,337,0.248368702511596
17057,ENSG00000163481,RNF25,Q96BH1,S,297,0.182932429791258
17060,ENSG00000169851,PCDH7,O60245,S,1000,0.418136523334371
17061,ENSG00000115816,CEBPZ,Q03701,S,34,0.28174566435234
17062,ENSG00000084093,REST,Q13127,S,856,0.181303172013848
17065,ENSG00000126217,MCF2L,O15068,S,412,0.193358642476568
17067,ENSG00000020577,SAMD4A,Q9UPU9,S,254,0.310504060146608
17071,ENSG00000196323,ZBTB44,Q8NCP5,S,204,0.208220122313859
17073,ENSG00000054118,THRAP3,Q9Y2W1,S,326,0.201596858553168
17076,ENSG00000170473,PYM1,Q9BRP8,S,144,0.246049971502282
17078,ENSG00000184384,MAML2,Q8IZL2,S,491,0.180540984965385
17079,ENSG00000139718,SETD1B,Q9UPS6,T,450,0.158362078082864
17080,ENSG00000118971,CCND2,P30279,T,280,0.755466753735788
17081,ENSG00000166226,CCT2,P78371,S,168,0.270441596043773
17082,ENSG00000171940,ZNF217,O75362,S,327,0.318667029720216
17084,ENSG00000143772,ITPKB,P27987,S,84,0.275592881158513
17087,ENSG00000153207,AHCTF1,Q8WYP5,T,1808,0.335223047037994
17092,ENSG00000055609,KMT2C,Q8NEZ4,S,1310,0.0548932066439257
17094,ENSG00000173638,SLC19A1,P41440,S,223,0.297905853215181
17095,ENSG00000125482,TTF1,Q15361,S,65,0.599310286401708
17096,ENSG00000171497,PPID,Q08752,S,201,0.432098881191546
17097,ENSG00000095637,SORBS1,Q9BX66,S,452,0.108347349208567
17098,ENSG00000187800,PEAR1,Q5VY43,S,918,0.195360026657999
17101,ENSG00000081913,PHLPP1,O60346,S,317,0.312860334695881
17102,ENSG00000092853,CLSPN,Q9HAW4,S,839,0.414925082430792
17104,ENSG00000130340,SNX9,Q9Y5X1,S,197,0.403485863119244
17105,ENSG00000157510,AFAP1L1,Q8TED9,S,385,0.326779119901454
17106,ENSG00000140259,MFAP1,P55081,S,82,0.179948805872939
17108,ENSG00000048828,FAM120A,Q9NZB2,S,1044,0.299725884081116
17110,ENSG00000100934,SEC23A,Q15436,S,587,0.274767914109527
17115,ENSG00000095261,PSMD5,Q16401,S,496,0.116461403690366
17117,ENSG00000118518,RNF146,Q9NTX7,S,290,0.156016522571965
17118,ENSG00000086827,ZW10,O43264,T,438,0.184808290383531
17119,ENSG00000158352,SHROOM4,Q9ULL8,S,664,0.222403166730059
17120,ENSG00000078674,PCM1,Q15154,S,2023,0.15881104010551
17123,ENSG00000087206,UIMC1,Q96RL1,S,554,0.283596774270384
17126,ENSG00000080200,CRYBG3,Q68DQ2,S,636,0.257162507013814
17127,ENSG00000072364,AFF4,Q9UHB7,S,494,0.26569483025134
17130,ENSG00000132694,ARHGEF11,O15085,S,150,0.19471764721504
17131,ENSG00000114654,EFCC1,Q9HA90,S,123,0.174237660886348
17134,ENSG00000080824,HSP90AA1,P07900,S,641,0.299445965002756
17136,ENSG00000070476,ZXDC,Q2QGD7,T,639,0.164436139883329
17138,ENSG00000158966,CACHD1,Q5VU97,S,1178,0.319129327491824
17143,ENSG00000198931,APRT,P07741,S,15,0.460906942557965
17148,ENSG00000165105,RASEF,Q8IZ41,S,451,0.211100027265248
17149,ENSG00000108557,RAI1,Q7Z5J4,S,1590,0.346427773262589
17151,ENSG00000120278,PLEKHG1,Q9ULL1,S,1362,0.292760957938996
17152,ENSG00000001629,ANKIB1,Q9P2G1,S,938,0.0873780228543802
17154,ENSG00000198700,IPO9,Q96P70,S,890,0.220394257852602
17155,ENSG00000125503,PPP1R12C,Q9BZL4,S,399,0.444558029969603
17156,ENSG00000128050,PAICS,P22234,S,276,0.318512341191877
17159,ENSG00000122591,FAM126A,Q9BYI3,S,422,0.337034128342068
17160,ENSG00000031003,FAM13B,Q9NYF5,S,501,0.296730684864066
17161,ENSG00000115461,IGFBP5,P24593,S,125,0.388211402039019
17162,ENSG00000104946,TBC1D17,Q9HA65,S,613,0.50980828976541
17165,ENSG00000140396,NCOA2,Q15596,S,1072,0.144634111270666
17166,ENSG00000070814,TCOF1,Q13428,S,171,0.425585497271099
17168,ENSG00000198912,C1orf174,Q8IYL3,S,46,0.125651510178427
17171,ENSG00000196924,FLNA,P21333,S,1470,0.179632513146103
17177,ENSG00000157110,RBPMS,Q93062,S,14,0.131617539572892
17178,ENSG00000164251,F2RL1,P55085,S,376,0.35339766990626
17179,ENSG00000277443,MARCKS,P29966,S,52,0.261915805694083
17180,ENSG00000141551,CSNK1D,P48730,S,396,0.477571657077883
17182,ENSG00000137962,ARHGAP29,Q52LW3,S,184,0.0806672363455883
17183,ENSG00000185278,ZBTB37,Q5TC79,T,194,0.115456463919074
17184,ENSG00000065054,SLC9A3R2,Q15599,S,254,0.509637607153577
17185,ENSG00000074317,SNCB,Q16143,S,64,0.201351508237017
17186,ENSG00000173465,SSSCA1,O60232,S,103,0.323741305830134
17188,ENSG00000006607,FARP2,O94887,S,428,0.256292285600954
17193,ENSG00000067798,NAV3,Q8IVL0,S,1158,0.13027059025724
17198,ENSG00000091039,OSBPL8,Q9BZF1,S,89,0.123389689572963
17199,ENSG00000183092,BEGAIN,Q9BUH8,S,465,0.409728957344967
17201,ENSG00000124942,AHNAK,Q09666,S,115,0.285584540945667
17204,ENSG00000040633,PHF23,Q9BUL5,S,64,0.597185029372633
17205,ENSG00000101040,ZMYND8,Q9ULU4,S,707,0.471690143340459
17206,ENSG00000108557,RAI1,Q7Z5J4,S,339,0.390059940501134
17209,ENSG00000128272,ATF4,P18848,S,248,0.462696989414522
17213,ENSG00000141738,GRB7,Q14451,S,368,0.566142191408575
17214,ENSG00000022976,ZNF839,A8K0R7,S,316,0.235764110681428
17217,ENSG00000107882,SUFU,Q9UMX1,S,481,0.250937356400113
17220,ENSG00000196428,TSC22D2,O75157,S,205,0.396456824155751
17223,ENSG00000213676,ATF6B,Q99941,S,93,0.531263191531813
17224,ENSG00000140577,CRTC3,Q6UUV7,S,345,0.278727183400597
17225,ENSG00000019485,PRDM11,Q9NQV5,S,63,0.239450260486414
17226,ENSG00000172943,PHF8,Q9UPP1,T,705,0.286637014302062
17231,ENSG00000196517,SLC6A9,P48067,S,698,0.274766490598466
17232,ENSG00000146426,TIAM2,Q8IVF5,S,445,0.140541891205478
17235,ENSG00000131016,AKAP12,Q02952,T,548,0.143469327386684
17238,ENSG00000278540,ACACA,Q13085,S,23,0.294402768389245
17240,ENSG00000166477,LEO1,Q8WVC0,S,271,0.286889584545671
17241,ENSG00000138398,PPIG,Q13427,S,533,0.122238218525827
17242,ENSG00000163875,MEAF6,Q9HAF1,S,125,0.552637142600304
17243,ENSG00000164970,FAM219A,Q8IW50,T,113,0.486882247394104
17244,ENSG00000104313,EYA1,Q99502,S,314,0.407744247264585
17245,ENSG00000147144,CCDC120,Q96HB5,S,280,0.752546292452284
17248,ENSG00000116675,DNAJC6,O75061,S,654,0.25758542483776
17250,ENSG00000114439,BBX,Q8WY36,S,649,0.183795351722352
17253,ENSG00000088387,DOCK9,Q9BZ29,S,308,0.084990704093573
17254,ENSG00000047644,WWC3,Q9ULE0,S,365,0.150434831490474
17257,ENSG00000147255,IGSF1,Q8N6C5,T,1316,0.20667442605573
17258,ENSG00000023734,STRAP,Q9Y3F4,S,312,0.345334371636119
17260,ENSG00000147642,SYBU,Q9NX95,S,107,0.317270113227631
17264,ENSG00000161682,FAM171A2,A8MVW0,S,411,0.207913856611034
17267,ENSG00000064655,EYA2,O00167,S,257,0.221821703080643
17270,ENSG00000197261,C6orf141,Q5SZD1,S,25,0.173651788083061
17271,ENSG00000165912,PACSIN3,Q9UKS6,S,303,0.233354512998323
17272,ENSG00000143850,PLEKHA6,Q9Y2H5,S,197,0.109098261104181
17274,ENSG00000175931,UBE2O,Q9C0C9,S,429,0.0961588840305769
17277,ENSG00000133019,CHRM3,P20309,S,413,0.232158580315644
17278,ENSG00000078674,PCM1,Q15154,S,1754,0.148922788916431
17279,ENSG00000175793,SFN,P31947,S,37,0.333467397270094
17280,ENSG00000174373,RALGAPA1,Q6GYQ0,S,1478,0.270527322800337
17282,ENSG00000158161,EYA3,Q99504,S,297,0.437907857533162
17283,ENSG00000176887,SOX11,P35716,S,332,0.363692239813261
17284,ENSG00000197321,SVIL,O95425,S,231,0.137135090173371
17286,ENSG00000115977,AAK1,Q2M2I8,S,797,0.205033573900753
17287,ENSG00000135677,GNS,P15586,S,541,0.222723348411763
17288,ENSG00000071462,BUD23,O43709,S,240,0.435623764586688
17289,ENSG00000168502,MTCL1,Q9Y4B5,S,901,0.246707369680929
17290,ENSG00000108439,PNPO,Q9NVS9,S,40,0.21193704889924
17291,ENSG00000067334,DNTTIP2,Q5QJE6,S,88,0.480078559931797
17293,ENSG00000159140,SON,P18583,S,160,0.186910322615184
17294,ENSG00000159216,RUNX1,Q01196,S,193,0.363223121711526
17300,ENSG00000111490,TBC1D30,Q9Y2I9,S,80,0.22174231191872
17303,ENSG00000168137,SETD5,Q9C0A6,S,852,0.48471040562426
17304,ENSG00000153187,HNRNPU,H3BQZ7,S,188,0.150423261552396
17306,ENSG00000085511,MAP3K4,Q9Y6R4,S,435,0.256343956126887
17307,ENSG00000064703,DDX20,Q9UHI6,S,672,0.429037639709974
17310,ENSG00000196199,MPHOSPH8,Q99549,S,85,0.463664057243387
17311,ENSG00000021574,SPAST,Q9UBP0,T,292,0.495679081200103
17312,ENSG00000130816,DNMT1,P26358,S,398,0.275094188722434
17313,ENSG00000198728,LDB1,Q86U70,S,308,0.135925738565586
17315,ENSG00000078403,MLLT10,P55197,S,217,0.1832022115945
17317,ENSG00000129245,FXR2,P51116,S,504,0.350105637044539
17320,ENSG00000067066,SP100,P23497,S,453,0.25670613839995
17321,ENSG00000128731,HERC2,O95714,S,1366,0.28826522062587
17322,ENSG00000148773,MKI67,P46013,T,2773,0.315075688035516
17323,ENSG00000119285,HEATR1,Q9H583,S,1190,0.26210642812702
17327,ENSG00000141441,GAREM1,Q9H706,S,700,0.277699521915591
17328,ENSG00000123106,CCDC91,Q7Z6B0,S,416,0.48588812773223
17331,ENSG00000091732,ZC3HC1,Q86WB0,S,354,0.581552632681816
17332,ENSG00000162104,ADCY9,O60503,S,357,0.341959316313849
17333,ENSG00000198752,CDC42BPB,Q9Y5S2,S,1673,0.0931127208791973
17334,ENSG00000173120,KDM2A,Q9Y2K7,T,720,0.184886667974179
17335,ENSG00000082397,EPB41L3,Q9Y2J2,S,460,0.426497397086678
17336,ENSG00000028203,VEZT,Q9HBM0,T,713,0.413693837305315
17337,ENSG00000128849,CGNL1,Q0VF96,S,476,0.244182148619694
17338,ENSG00000100888,CHD8,Q9HCK8,S,2218,0.0713691533646734
17339,ENSG00000133318,RTN3,O95197,S,649,0.278692399052837
17340,ENSG00000110427,KIAA1549L,Q6ZVL6,S,1542,0.101313731601956
17341,ENSG00000143633,C1orf131,Q8NDD1,S,73,0.454689895449471
17342,ENSG00000124570,SERPINB6,P35237,S,62,0.237881820343973
17343,ENSG00000168575,SLC20A2,Q08357,S,321,0.350302022040899
17344,ENSG00000136068,FLNB,O75369,S,886,0.137514903628043
17345,ENSG00000101224,CDC25B,P30305,S,249,0.502547021848785
17347,ENSG00000170873,MTSS1,O43312,S,275,0.284785159190423
17352,ENSG00000152767,FARP1,Q9Y4F1,S,878,0.214494533578011
17353,ENSG00000104067,TJP1,Q07157,S,294,0.257431519450569
17356,ENSG00000116871,MAP7D1,Q3KQU3,S,544,0.434873084593148
17357,ENSG00000124783,SSR1,P43307,S,254,0.266814687095135
17359,ENSG00000095787,WAC,Q9BTA9,S,525,0.668229495811721
17360,ENSG00000144791,LIMD1,Q9UGP4,S,296,0.368859791548816
17361,ENSG00000197965,MPZL1,O95297,S,247,0.381172545522593
17364,ENSG00000241839,PLEKHO2,Q8TD55,S,389,0.376176709693189
17365,ENSG00000143674,MAP3K21,Q5TCX8,S,528,0.287219233542141
17367,ENSG00000112561,TFEB,P19484,S,109,0.476688653981097
17368,ENSG00000158545,ZC3H18,Q86VM9,S,852,0.391591679146653
17371,ENSG00000099968,BCL2L13,Q9BXK5,S,303,0.422557493079541
17372,ENSG00000065534,MYLK,Q15746,S,1570,0.107172364565737
17375,ENSG00000062650,WAPL,Q7Z5K2,S,81,0.207303561813824
17376,ENSG00000137962,ARHGAP29,Q52LW3,S,572,0.32965230800635
17378,ENSG00000197555,SIPA1L1,O43166,S,1366,0.19820120362299
17379,ENSG00000112851,ERBIN,Q96RT1,S,644,0.078912585076784
17381,ENSG00000131626,PPFIA1,Q13136,T,230,0.286060155602331
17382,ENSG00000080824,HSP90AA1,P07900,S,623,0.436633058599704
17384,ENSG00000225830,ERCC6,Q03468,T,246,0.404906455733507
17385,ENSG00000168032,ENTPD3,O75355,S,528,0.270540137453366
17386,ENSG00000079739,PGM1,P36871,S,408,0.320660198329808
17392,ENSG00000138640,FAM13A,O94988,S,652,0.754445123998794
17393,ENSG00000124181,PLCG1,P19174,S,1233,0.359702732457993
17396,ENSG00000163558,PRKCI,P41743,S,411,0.590458892400096
17397,ENSG00000015133,CCDC88C,Q9P219,T,1429,0.165182375671712
17398,ENSG00000137460,FHDC1,Q9C0D6,S,664,0.372451563947661
17399,ENSG00000169105,CHST14,Q8NCH0,T,7,0.281971362748919
17400,ENSG00000157212,PAXIP1,Q6ZW49,S,253,0.299129844286551
17401,ENSG00000081479,LRP2,P98164,T,4612,0.513057712018536
17405,ENSG00000171914,TLN2,Q9Y4G6,S,646,0.0655362252434559
17406,ENSG00000041988,THAP3,Q8WTV1,S,122,0.229200129284926
17407,ENSG00000114867,EIF4G1,Q04637,T,318,0.232501689927337
17410,ENSG00000111731,C2CD5,Q86YS7,S,305,0.417649779381515
17411,ENSG00000082898,XPO1,O14980,S,391,0.479381407990363
17416,ENSG00000124831,LRRFIP1,Q32MZ4,S,768,0.382834713331627
17419,ENSG00000072864,NDE1,Q9NXR1,S,10,0.836465426337526
17421,ENSG00000129351,ILF3,Q12906,Y,365,0.366709468382207
17422,ENSG00000213699,SLC35F6,Q8N357,S,354,0.311536172453826
17425,ENSG00000083799,CYLD,Q9NQC7,S,547,0.302266560992793
17427,ENSG00000152818,UTRN,P46939,S,10,0.254672397792275
17428,ENSG00000182095,TNRC18,O15417,T,1250,0.210631568713098
17429,ENSG00000048707,VPS13D,Q5THJ4,S,1712,0.134611278322699
17431,ENSG00000180921,FAM83H,Q6ZRV2,T,894,0.182214192292368
17432,ENSG00000152939,MARVELD2,Q8N4S9,S,558,0.323957691324325
17434,ENSG00000136205,TNS3,Q68CZ2,S,887,0.200031924652386
17439,ENSG00000148429,USP6NL,Q92738,S,798,0.354653498182626
17440,ENSG00000079950,STX7,O15400,S,75,0.382427395887163
17441,ENSG00000156011,PSD3,Q9NYI0,S,1012,0.632235108855468
17443,ENSG00000086758,HUWE1,Q7Z6Z7,S,2953,0.202281178335875
17447,ENSG00000153317,ASAP1,Q9ULH1,S,1041,0.341245051062005
17449,ENSG00000009307,CSDE1,O75534,S,116,0.392578635612247
17450,ENSG00000173327,MAP3K11,Q16584,S,35,0.258675973469677
17451,ENSG00000107186,MPDZ,O75970,S,234,0.177157906955667
17452,ENSG00000143442,POGZ,Q7Z3K3,T,435,0.292562589333896
17453,ENSG00000148158,SNX30,Q5VWJ9,S,40,0.474405574370106
17454,ENSG00000143442,POGZ,Q7Z3K3,S,314,0.099975081709219
17455,ENSG00000075275,CELSR1,Q9NYQ6,S,2784,0.10126933642964
17457,ENSG00000137501,SYTL2,Q9HCH5,S,466,0.0725607168259722
17460,ENSG00000126787,DLGAP5,Q15398,S,642,0.273923050920827
17463,ENSG00000079482,OPHN1,O60890,S,606,0.133330391658353
17469,ENSG00000147874,HAUS6,Q7Z4H7,S,524,0.264392474021238
17472,ENSG00000165410,CFL2,Q9Y281,S,23,0.627939765302824
17474,ENSG00000102119,EMD,P50402,S,110,0.390049676179447
17476,ENSG00000047849,MAP4,P27816,T,1150,0.274250457889152
17480,ENSG00000198795,ZNF521,Q96K83,S,1104,0.152516575618607
17485,ENSG00000102221,JADE3,Q92613,S,794,0.243770521876761
17486,ENSG00000163781,TOPBP1,Q92547,S,817,0.228279841006561
17488,ENSG00000138101,DTNB,O60941,S,427,0.2706092351232
17490,ENSG00000112320,SOBP,A7XYQ1,S,583,0.208165975502225
17492,ENSG00000198646,NCOA6,Q14686,S,1892,0.124872061193525
17494,ENSG00000167323,STIM1,Q13586,S,401,0.228521540298518
17495,ENSG00000173230,GOLGB1,Q14789,S,1753,0.208293389250604
17496,ENSG00000092068,SLC7A8,Q9UHI5,S,29,0.148024297786281
17501,ENSG00000106554,CHCHD3,Q9NX63,Y,49,0.453894945902695
17504,ENSG00000147642,SYBU,Q9NX95,S,194,0.145102315219107
17506,ENSG00000130733,YIPF2,Q9BWQ6,S,60,0.162860555764328
17507,ENSG00000109756,RAPGEF2,Q9Y4G8,S,1120,0.474462981212169
17511,ENSG00000081277,PKP1,Q13835,S,208,0.291345853798984
17512,ENSG00000173898,SPTBN2,O15020,S,1940,0.324330404975985
17513,ENSG00000116641,DOCK7,Q96N67,T,2124,0.080890471309492
17514,ENSG00000164236,ANKRD33B,A6NCL7,S,416,0.522274193448666
17515,ENSG00000169607,CKAP2L,Q8IYA6,T,648,0.365509424640092
17518,ENSG00000055917,PUM2,Q8TB72,S,102,0.672595807050403
17527,ENSG00000131469,RPL27,P61353,S,34,0.0950891092133945
17528,ENSG00000154358,OBSCN,Q5VST9,S,4757,0.248828219402762
17529,ENSG00000092148,HECTD1,Q9ULT8,S,1387,0.254977221272794
17532,ENSG00000175115,PACS1,Q6VY07,S,519,0.465823194440279
17533,ENSG00000142599,RERE,Q9P2R6,S,692,0.158278829772524
17534,ENSG00000113742,CPEB4,Q17RY0,T,326,0.443103115041159
17535,ENSG00000142197,DOPEY2,Q9Y3R5,S,717,0.200600359730186
17538,ENSG00000072201,LNX1,Q8TBB1,S,441,0.238564445129429
17542,ENSG00000170004,CHD3,Q12873,S,1605,0.259326811088796
17543,ENSG00000184708,EIF4ENIF1,Q9NRA8,S,213,0.531538720104568
17544,ENSG00000073712,FERMT2,Q96AC1,S,202,0.356789489058303
17548,ENSG00000173706,HEG1,Q9ULI3,S,1332,0.378602533837901
17549,ENSG00000137166,FOXP4,Q8IVH2,S,442,0.477136448233321
17550,ENSG00000163110,PDLIM5,Q96HC4,S,309,0.449611213663297
17552,ENSG00000137936,BCAR3,O75815,S,395,0.211040002139067
17555,ENSG00000170242,USP47,Q96K76,T,932,0.235693272408814
17557,ENSG00000174373,RALGAPA1,Q6GYQ0,S,860,0.587004109723603
17558,ENSG00000177728,TMEM94,Q12767,S,368,0.143076624663131
17560,ENSG00000101079,NDRG3,Q9UGV2,S,346,0.337188235068955
17561,ENSG00000163125,RPRD2,Q5VT52,T,734,0.353193615304409
17562,ENSG00000134757,DSG3,P32926,S,985,0.265999411792146
17568,ENSG00000173517,PEAK1,Q9H792,S,503,0.203181756132174
17569,ENSG00000007520,TSR3,Q9UJK0,T,261,0.380382513992833
17570,ENSG00000161405,IKZF3,Q9UKT9,S,386,0.217766480760686
17572,ENSG00000273706,LHX1,P48742,S,162,0.236300083621129
17573,ENSG00000129071,MBD4,O95243,S,318,0.501877838052969
17577,ENSG00000181826,RELL1,Q8IUW5,T,151,0.375663759551008
17580,ENSG00000157992,KRTCAP3,Q53RY4,S,5,0.319196918282863
17581,ENSG00000182899,RPL35A,P18077,Y,34,0.495467953548749
17584,ENSG00000115524,SF3B1,O75533,T,434,0.735370464701816
17587,ENSG00000205726,ITSN1,Q15811,S,313,0.293391557963857
17589,ENSG00000124217,MOCS3,O95396,S,47,0.324598435222987
17592,ENSG00000185477,GPRIN3,Q6ZVF9,T,201,0.163877562604754
17594,ENSG00000067334,DNTTIP2,Q5QJE6,S,191,0.260860519726364
17595,ENSG00000061273,HDAC7,Q8WUI4,S,283,0.449701256541373
17596,ENSG00000128805,ARHGAP22,Q7Z5H3,S,359,0.288428434826814
17597,ENSG00000159685,CHCHD6,Q9BRQ6,S,13,0.517073000259488
17598,ENSG00000215182,MUC5AC,P98088,S,988,0.14343828728557
17600,ENSG00000164011,ZNF691,Q5VV52,S,77,0.331952436446645
17602,ENSG00000100146,SOX10,P56693,T,240,0.61120070484247
17603,ENSG00000178409,BEND3,Q5T5X7,S,33,0.256666499656946
17604,ENSG00000165929,TC2N,Q8N9U0,S,83,0.346018028264969
17605,ENSG00000172216,CEBPB,P17676,S,218,0.338641808428962
17606,ENSG00000106771,TMEM245,Q9H330,S,325,0.147638956848614
17607,ENSG00000090905,TNRC6A,Q8NDV7,S,1217,0.35156775467726
17610,ENSG00000143384,MCL1,Q07820,S,159,0.337782586251646
17612,ENSG00000160469,BRSK1,Q8TDC3,S,443,0.602743216551479
17616,ENSG00000163939,PBRM1,Q86U86,S,16,0.253585714251974
17617,ENSG00000080200,CRYBG3,Q68DQ2,S,2086,0.159225251755925
17618,ENSG00000160293,VAV2,P52735,S,663,0.30545669887527
17619,ENSG00000158856,DMTN,Q08495,S,29,0.118330591726959
17621,ENSG00000104892,KLC3,Q6P597,T,498,0.506108072324383
17622,ENSG00000147799,ARHGAP39,Q9C0H5,T,692,0.130824598348174
17623,ENSG00000124006,OBSL1,O75147,S,10,0.312136485265155
17625,ENSG00000106524,ANKMY2,Q8IV38,S,422,0.359654475645869
17633,ENSG00000023839,ABCC2,Q92887,S,283,0.352338408846625
17634,ENSG00000189184,PCDH18,Q9HCL0,S,891,0.381170953148108
17636,ENSG00000148400,NOTCH1,P46531,S,2136,0.911441492372189
17638,ENSG00000073111,MCM2,P49736,Y,137,0.468585445584441
17640,ENSG00000111490,TBC1D30,Q9Y2I9,S,117,0.25928120452936
17644,ENSG00000154310,TNIK,Q9UKE5,S,959,0.262979288215778
17646,ENSG00000142856,ITGB3BP,Q13352,S,33,0.474937387749546
17647,ENSG00000112511,PHF1,O43189,S,420,0.30557136618648
17648,ENSG00000058272,PPP1R12A,O14974,T,859,0.311922116938827
17649,ENSG00000008294,SPAG9,O60271,T,290,0.162966759942422
17650,ENSG00000165105,RASEF,Q8IZ41,S,719,0.210018977487082
17652,ENSG00000165757,JCAD,Q9P266,Y,423,0.373099040916106
17653,ENSG00000054118,THRAP3,Q9Y2W1,S,323,0.233315770838378
17656,ENSG00000074964,ARHGEF10L,Q9HCE6,S,1257,0.125849065883905
17658,ENSG00000157540,DYRK1A,Q13627,S,748,0.417543290609767
17659,ENSG00000119321,FKBP15,Q5T1M5,S,1114,0.214536605645785
17660,ENSG00000169093,ASMTL,O95671,S,228,0.306602462628943
17661,ENSG00000089737,DDX24,Q9GZR7,S,295,0.353950480195891
17663,ENSG00000112290,WASF1,Q92558,S,489,0.338046686583392
17666,ENSG00000143870,PDIA6,Q15084,S,259,0.20016698934829
17667,ENSG00000162607,USP1,O94782,T,774,0.184755619696329
17668,ENSG00000075702,WDR62,O43379,S,1249,0.275720993547102
17669,ENSG00000122122,SASH3,O75995,Y,116,0.396145399359839
17670,ENSG00000154240,CEP112,Q8N8E3,S,173,0.308457676510864
17671,ENSG00000026025,VIM,P08670,Y,276,0.448975058251918
17672,ENSG00000136026,CKAP4,Q07065,S,82,0.102522633379741
17674,ENSG00000179295,PTPN11,Q06124,S,140,0.34080028391803
17675,ENSG00000170677,SOCS6,O14544,S,70,0.319747721918432
17676,ENSG00000169710,FASN,P49327,S,1727,0.164047823681304
17677,ENSG00000243156,MICAL3,Q7RTP6,S,1792,0.343243739357984
17680,ENSG00000147854,UHRF2,Q96PU4,S,643,0.374249905891803
17682,ENSG00000130158,DOCK6,Q96HP0,S,185,0.0653204065546665
17684,ENSG00000089234,BRAP,Q7Z569,S,52,0.378492982522959
17685,ENSG00000107104,KANK1,Q14678,S,128,0.165360661613937
17687,ENSG00000072195,SPEG,Q15772,S,334,0.262139109080947
17688,ENSG00000108349,CASC3,O15234,T,155,0.425668010345957
17689,ENSG00000106772,PRUNE2,Q8WUY3,S,1789,0.101264179690728
17691,ENSG00000145349,CAMK2D,Q13557,T,287,0.779150765079287
17692,ENSG00000105939,ZC3HAV1,Q7Z2W4,S,492,0.273294784516617
17694,ENSG00000130723,PRRC2B,Q5JSZ5,S,1843,0.134875874501362
17695,ENSG00000116754,SRSF11,Q05519,S,212,0.330263675076589
17696,ENSG00000275066,SYNRG,Q9UMZ2,S,822,0.113229477382666
17700,ENSG00000120913,PDLIM2,Q96JY6,S,144,0.269851708087222
17701,ENSG00000155657,TTN,Q14247,S,302,0.400856898623205
17704,ENSG00000139567,ACVRL1,P37023,S,155,0.158175766696302
17705,ENSG00000160551,TAOK1,Q7L7X3,T,480,0.107908319853173
17706,ENSG00000198825,INPP5F,Q9Y2H2,S,793,0.146161103547793
17707,ENSG00000134508,CABLES1,Q8TDN4,S,290,0.44512763697309
17711,ENSG00000073350,LLGL2,Q6P1M3,S,1000,0.252375598725673
17712,ENSG00000145362,ANK2,Q01484,T,3093,0.160567909137872
17714,ENSG00000033030,ZCCHC8,Q6NZY4,T,374,0.298128023258057
17715,ENSG00000107186,MPDZ,O75970,S,1585,0.230239176607992
17718,ENSG00000137776,SLTM,Q9NWH9,S,999,0.319472124321408
17719,ENSG00000057294,PKP2,Q99959,S,102,0.438357734177528
17723,ENSG00000134755,DSC2,Q02487,T,783,0.139181295636673
17728,ENSG00000156299,TIAM1,Q13009,S,311,0.229277461699189
17729,ENSG00000142208,AKT1,P31749,S,126,0.475851870389342
17730,ENSG00000085224,ATRX,P46100,S,812,0.163580651407331
17732,ENSG00000165238,WNK2,Q9Y3S1,S,1817,0.186271206354581
17733,ENSG00000105699,LSR,Q86X29,T,453,0.573600275968324
17735,ENSG00000068784,SRBD1,Q8N5C6,S,151,0.0741497598568927
17739,ENSG00000162419,GMEB1,Q9Y692,S,129,0.35053496065507
17740,ENSG00000198844,ARHGEF15,O94989,S,42,0.170991774514801
17741,ENSG00000110931,CAMKK2,Q96RR4,S,129,0.547678697643691
17744,ENSG00000169592,INO80E,Q8NBZ0,S,106,0.196001363893926
17745,ENSG00000092330,TINF2,Q9BSI4,S,396,0.237163866786099
17748,ENSG00000132356,PRKAA1,Q13131,S,520,0.271766936999277
17749,ENSG00000135837,CEP350,Q5VT06,S,1551,0.207929084413914
17755,ENSG00000086015,MAST2,Q6P0Q8,S,1256,0.43276218952129
17758,ENSG00000253729,PRKDC,P78527,S,2655,0.230059550978424
17759,ENSG00000101361,NOP56,O00567,S,563,0.486875141040273
17760,ENSG00000110987,BCL7A,Q4VC05,S,113,0.223701841097742
17765,ENSG00000160679,CHTOP,Q9Y3Y2,T,242,0.189956321604152
17768,ENSG00000158792,SPATA2L,Q8IUW3,S,252,0.265229215781543
17769,ENSG00000084444,FAM234B,A2RU67,S,33,0.423905309768479
17770,ENSG00000143850,PLEKHA6,Q9Y2H5,S,276,0.374887061910254
17771,ENSG00000104369,JPH1,Q9HDC5,S,413,0.433414514919777
17772,ENSG00000171223,JUNB,P17275,T,101,0.176954550671072
17773,ENSG00000184708,EIF4ENIF1,Q9NRA8,S,77,0.345779146306177
17774,ENSG00000150627,WDR17,Q8IZU2,T,1230,0.200498327135631
17776,ENSG00000149657,LSM14B,Q9BX40,T,163,0.354590257832462
17777,ENSG00000118412,CASP8AP2,Q9UKL3,S,1161,0.214559564395048
17779,ENSG00000165304,MELK,Q14680,T,460,0.408182121163552
17781,ENSG00000067066,SP100,P23497,S,189,0.24987292597253
17782,ENSG00000105122,RASAL3,Q86YV0,T,991,0.090775042859794
17784,ENSG00000115421,PAPOLG,Q9BWT3,S,684,0.407492494160351
17786,ENSG00000065534,MYLK,Q15746,S,1123,0.108296351507447
17787,ENSG00000172869,DMXL1,Q9Y485,S,682,0.0396909386213009
17788,ENSG00000129422,MTUS1,Q9ULD2,S,183,0.192254871082333
17789,ENSG00000047849,MAP4,P27816,T,874,0.20527751324134
17790,ENSG00000091039,OSBPL8,Q9BZF1,S,799,0.301205550868733
17791,ENSG00000198301,SDAD1,Q9NVU7,S,234,0.471091710641725
17792,ENSG00000139116,KIF21A,Q7Z4S6,S,1310,0.0935966003542505
17798,ENSG00000185813,PCYT2,Q99447,T,342,0.309740809659717
17800,ENSG00000163795,ZNF513,Q8N8E2,Y,82,0.356022571380078
17801,ENSG00000143850,PLEKHA6,Q9Y2H5,S,1017,0.372036115212299
17802,ENSG00000166963,MAP1A,P78559,S,2135,0.0720140780949672
17804,ENSG00000004534,RBM6,P78332,T,252,0.265131933502566
17805,ENSG00000169224,GCSAML,Q5JQS6,S,83,0.268159309661424
17806,ENSG00000077454,LRCH4,O75427,S,380,0.331261774933898
17809,ENSG00000105559,PLEKHA4,Q9H4M7,S,778,0.198617289874309
17812,ENSG00000136068,FLNB,O75369,T,2553,0.144860015892381
17813,ENSG00000196914,ARHGEF12,Q9NZN5,S,1394,0.10363042436659
17819,ENSG00000131711,MAP1B,P46821,S,1244,0.0252698607785406
17822,ENSG00000017797,RALBP1,Q15311,S,30,0.37490648229043
17823,ENSG00000118246,FASTKD2,Q9NYY8,S,126,0.314081330301246
17824,ENSG00000065054,SLC9A3R2,Q15599,S,43,0.379687984675849
17834,ENSG00000182253,SYNM,O15061,S,465,0.0611370880729961
17839,ENSG00000161202,DVL3,Q92997,T,133,0.380925772375092
17843,ENSG00000168916,ZNF608,Q9ULD9,S,440,0.188545905992653
17845,ENSG00000126581,BECN1,Q14457,S,64,0.350632599157587
17846,ENSG00000108262,GIT1,Q9Y2X7,S,536,0.290336826104911
17848,ENSG00000038382,TRIO,O75962,S,2476,0.186485821481031
17849,ENSG00000112787,FBRSL1,Q9HCM7,S,141,0.237162594616208
17851,ENSG00000183798,EMILIN3,Q9NT22,S,206,0.157598108926471
17853,ENSG00000138434,SSFA2,P28290,S,644,0.249239057322253
17855,ENSG00000184634,MED12,Q93074,S,688,0.263136937883635
17858,ENSG00000092853,CLSPN,Q9HAW4,S,1316,0.303417626093038
17859,ENSG00000181090,EHMT1,Q9H9B1,S,38,0.157657474755508
17860,ENSG00000055609,KMT2C,Q8NEZ4,S,3521,0.0599333152809187
17861,ENSG00000055332,EIF2AK2,P19525,S,456,0.678221370003869
17862,ENSG00000170921,TANC2,Q9HCD6,S,1744,0.319396961847075
17863,ENSG00000077235,GTF3C1,Q12789,S,1632,0.250208140746199
17865,ENSG00000141027,NCOR1,O75376,S,88,0.296547077219765
17866,ENSG00000269335,IKBKG,Q9Y6K9,S,377,0.464950897283911
17867,ENSG00000167670,CHAF1A,Q13111,S,123,0.279735579227354
17868,ENSG00000085872,CHERP,Q8IWX8,S,695,0.464446804061744
17869,ENSG00000168792,ABHD15,Q6UXT9,S,452,0.190454468571586
17872,ENSG00000188037,CLCN1,P35523,S,886,0.144280307817907
17873,ENSG00000115946,PNO1,Q9NRX1,S,36,0.162394481382992
17874,ENSG00000008441,NFIX,Q14938,S,244,0.28676557855725
17877,ENSG00000139436,GIT2,Q14161,S,568,0.339463555026697
17878,ENSG00000141994,DUS3L,Q96G46,S,277,0.495826577346312
17881,ENSG00000042088,TDP1,Q9NUW8,T,147,0.5364438161006
17883,ENSG00000130158,DOCK6,Q96HP0,S,883,0.244587187146068
17885,ENSG00000066739,ATG2B,Q96BY7,S,240,0.341128447008071
17887,ENSG00000158158,CNNM4,Q6P4Q7,S,652,0.500050818855717
17888,ENSG00000177303,CASKIN2,Q8WXE0,S,802,0.273386710713945
17889,ENSG00000188343,FAM92A,A1XBS5,T,282,0.174732656400624
17890,ENSG00000116199,FAM20B,O75063,Y,138,0.44973345807123
17892,ENSG00000143870,PDIA6,Q15084,S,394,0.185308674821228
17896,ENSG00000145335,SNCA,P37840,S,87,0.333710882295624
17900,ENSG00000005339,CREBBP,Q92793,S,1578,0.293334418454812
17901,ENSG00000162944,RFTN2,Q52LD8,T,409,0.291634036959014
17902,ENSG00000198730,CTR9,Q6PD62,S,5,0.186361419190476
17904,ENSG00000110436,SLC1A2,P43004,S,21,0.15936650376826
17906,ENSG00000143970,ASXL2,Q76L83,S,136,0.253398477816482
17908,ENSG00000144791,LIMD1,Q9UGP4,S,387,0.230565158144332
17909,ENSG00000265972,TXNIP,Q9H3M7,S,9,0.151518515291677
17912,ENSG00000103479,RBL2,Q08999,S,982,0.400591069053166
17913,ENSG00000173171,MTX1,Q13505,S,43,0.448710803536974
17914,ENSG00000154133,ROBO4,Q8WZ75,S,938,0.275331967391375
17915,ENSG00000114541,FRMD4B,Q9Y2L6,S,919,0.0981843334811246
17917,ENSG00000253729,PRKDC,P78527,S,503,0.29938485127383
17920,ENSG00000157500,APPL1,Q9UKG1,S,691,0.637914635294991
17921,ENSG00000128923,MINDY2,Q8NBR6,S,68,0.186896028951938
17922,ENSG00000173517,PEAK1,Q9H792,S,662,0.105485181435101
17923,ENSG00000169564,PCBP1,Q15365,S,262,0.344281666382532
17925,ENSG00000107902,LHPP,Q9H008,S,191,0.190537670942235
17926,ENSG00000108848,LUC7L3,O95232,S,115,0.285325470667546
17928,ENSG00000184363,PKP3,Q9Y446,T,86,0.318174518374763
17931,ENSG00000149564,ESAM,Q96AP7,T,314,0.266035742502659
17934,ENSG00000106799,TGFBR1,P36897,S,165,0.327268130601612
17941,ENSG00000243056,EIF4EBP3,O60516,T,32,0.579100720231911
17943,ENSG00000040633,PHF23,Q9BUL5,S,317,0.470145919299358
17945,ENSG00000182095,TNRC18,O15417,S,2292,0.27470185467119
17946,ENSG00000173039,RELA,Q04206,S,238,0.261834433782261
17947,ENSG00000169762,TAPT1,Q6NXT6,T,529,0.416186046788381
17949,ENSG00000185963,BICD2,Q8TD16,S,606,0.272445714915328
17950,ENSG00000138398,PPIG,Q13427,S,716,0.386338104874648
17952,ENSG00000171729,TMEM51,Q9NW97,S,157,0.287518485486168
17954,ENSG00000198286,CARD11,Q9BXL7,S,854,0.152010714797104
17956,ENSG00000169258,GPRIN1,Q7Z2K8,T,120,0.285601356705595
17957,ENSG00000078487,ZCWPW1,Q9H0M4,S,36,0.226400123110834
17960,ENSG00000149930,TAOK2,Q9UL54,S,777,0.170306298338454
17962,ENSG00000099381,SETD1A,O15047,S,221,0.374497411240925
17964,ENSG00000134644,PUM1,Q14671,S,305,0.0841864502953065
17965,ENSG00000128564,VGF,O15240,S,199,0.191581012356301
17966,ENSG00000106829,TLE4,Q04727,S,206,0.441654656114331
17967,ENSG00000198909,MAP3K3,Q99759,S,145,0.374658572145061
17969,ENSG00000174672,BRSK2,Q8IWQ3,S,367,0.389847961990992
17970,ENSG00000034677,RNF19A,Q9NV58,S,633,0.142029658552262
17971,ENSG00000163904,SENP2,Q9HC62,S,123,0.364831995458918
17972,ENSG00000173442,EHBP1L1,Q8N3D4,S,734,0.1292703001276
17973,ENSG00000171560,FGA,P02671,S,356,0.342849220587997
17974,ENSG00000180921,FAM83H,Q6ZRV2,S,684,0.136986517326595
17975,ENSG00000120899,PTK2B,Q14289,S,396,0.231459204019608
17976,ENSG00000102030,NAA10,P41227,S,227,0.361490723603614
17977,ENSG00000114353,GNAI2,P04899,S,282,0.207141045687839
17978,ENSG00000163125,RPRD2,Q5VT52,S,762,0.179191265636516
17979,ENSG00000165480,SKA3,Q8IX90,S,283,0.460317558968424
17980,ENSG00000075702,WDR62,O43379,T,1191,0.276743340813357
17983,ENSG00000079308,TNS1,Q9HBL0,Y,766,0.342349774663807
17985,ENSG00000163104,SMARCAD1,Q9H4L7,T,71,0.349829848286758
17989,ENSG00000119844,AFTPH,Q6ULP2,T,291,0.293343976220532
17990,ENSG00000180530,NRIP1,P48552,S,518,0.144443273315946
17991,ENSG00000154845,PPP4R1,Q8TF05,S,935,0.245045659259632
17994,ENSG00000204209,DAXX,Q9UER7,S,668,0.582481035704969
17996,ENSG00000152223,EPG5,Q9HCE0,T,1392,0.179356631060177
17997,ENSG00000143324,XPR1,Q9UBH6,S,666,0.401769702919798
17998,ENSG00000137497,NUMA1,Q14980,S,1901,0.233348150403422
17999,ENSG00000157764,BRAF,P15056,S,750,0.482696804276033
18000,ENSG00000126603,GLIS2,Q9BZE0,S,51,0.510228006064005
18001,ENSG00000127947,PTPN12,Q05209,S,323,0.302994716449462
18002,ENSG00000121297,TSHZ3,Q63HK5,S,837,0.329601857000394
18003,ENSG00000138709,LARP1B,Q659C4,S,862,0.139679137644907
18004,ENSG00000175582,RAB6A,P20340,S,179,0.148230825428878
18006,ENSG00000155657,TTN,Q14247,S,323,0.263729416795231
18007,ENSG00000171467,ZNF318,Q5VUA4,S,993,0.155944925381205
18010,ENSG00000165732,DDX21,Q9NR30,S,164,0.317680881847425
18012,ENSG00000174705,SH3PXD2B,A1X283,S,528,0.466673314142758
18016,ENSG00000102189,EEA1,Q15075,S,354,0.366913207893358
18018,ENSG00000010292,NCAPD2,Q15021,S,585,0.297257461051302
18021,ENSG00000164237,CMBL,Q96DG6,S,111,0.3352963685755
18022,ENSG00000164484,TMEM200A,Q86VY9,S,374,0.373007659232434
18024,ENSG00000148343,MIGA2,Q7L4E1,S,220,0.335227559916012
18025,ENSG00000091732,ZC3HC1,Q86WB0,S,394,0.457446041717221
18028,ENSG00000153214,TMEM87B,Q96K49,S,494,0.394211197743389
18031,ENSG00000104067,TJP1,Q07157,S,1180,0.149975491073918
18032,ENSG00000162105,SHANK2,Q9UPX8,S,1001,0.133112029541534
18033,ENSG00000100888,CHD8,Q9HCK8,Y,2208,0.420316435287171
18034,ENSG00000171316,CHD7,Q9P2D1,S,2272,0.28645946132909
18035,ENSG00000133858,ZFC3H1,O60293,S,651,0.190936006251979
18036,ENSG00000198920,KIAA0753,Q2KHM9,S,700,0.287495379626105
18037,ENSG00000140575,IQGAP1,P46940,S,19,0.223736145459221
18040,ENSG00000007080,CCDC124,Q96CT7,S,194,0.348124269596538
18041,ENSG00000066084,DIP2B,Q9P265,S,255,0.14031938673878
18042,ENSG00000090060,PAPOLA,P51003,S,681,0.225368255569121
18047,ENSG00000109458,GAB1,Q13480,S,646,0.101453796532218
18048,ENSG00000173848,NET1,Q7Z628,S,21,0.725897068741128
18049,ENSG00000112339,HBS1L,Q9Y450,S,117,0.340499080861816
18050,ENSG00000101191,DIDO1,Q9BTC0,T,1255,0.231165363061486
18051,ENSG00000151746,BICD1,Q96G01,S,610,0.23216996318877
18052,ENSG00000091136,LAMB1,P07942,S,1222,0.093293848822077
18054,ENSG00000060237,WNK1,Q9H4A3,S,1308,0.0408733422719912
18057,ENSG00000047249,ATP6V1H,Q9UI12,S,483,0.125891571664016
18060,ENSG00000029363,BCLAF1,Q9NYF8,Y,383,0.453501278608396
18062,ENSG00000109618,SEPSECS,Q9HD40,S,500,0.269512904161058
18063,ENSG00000076650,GPATCH1,Q9BRR8,S,200,0.137370672088174
18064,ENSG00000125733,TRIP10,Q15642,S,335,0.379764009027344
18065,ENSG00000120549,KIAA1217,Q5T5P2,S,1879,0.20190523628842
18066,ENSG00000172661,WASHC2C,Q9Y4E1,S,520,0.205508142220382
18070,ENSG00000101132,PFDN4,Q9NQP4,S,125,0.372944355279877
18071,ENSG00000169057,MECP2,P51608,S,401,0.246720292296009
18072,ENSG00000139946,PELI2,Q9HAT8,S,295,0.341913986114857
18073,ENSG00000108557,RAI1,Q7Z5J4,S,538,0.347029202989089
18074,ENSG00000147548,NSD3,Q9BZ95,S,1415,0.258236178149334
18075,ENSG00000148143,ZNF462,Q96JM2,T,297,0.0416442442089099
18077,ENSG00000103479,RBL2,Q08999,S,373,0.217943362757796
18078,ENSG00000008277,ADAM22,Q9P0K1,S,862,0.299951984735855
18080,ENSG00000065526,SPEN,Q96T58,T,1910,0.250242289993227
18081,ENSG00000159784,FAM131B,Q86XD5,S,117,0.315838185720699
18084,ENSG00000107186,MPDZ,O75970,S,354,0.291375011117873
18085,ENSG00000167548,KMT2D,O14686,S,4325,0.274560057655887
18089,ENSG00000114019,AMOTL2,Q9Y2J4,S,606,0.657570146941897
18090,ENSG00000163104,SMARCAD1,Q9H4L7,S,34,0.381222060866573
18091,ENSG00000145241,CENPC,Q03188,S,146,0.131662555145807
18096,ENSG00000093167,LRRFIP2,Q9Y608,S,190,0.381457676446929
18097,ENSG00000160685,ZBTB7B,O15156,S,150,0.204783415712614
18098,ENSG00000166963,MAP1A,P78559,T,468,0.265920040655823
18099,ENSG00000170921,TANC2,Q9HCD6,S,1517,0.166778405542807
18101,ENSG00000178913,TAF7,Q15545,T,274,0.259728260464308
18104,ENSG00000178028,DMAP1,Q9NPF5,S,456,0.409791699613873
18105,ENSG00000167548,KMT2D,O14686,T,4629,0.323271155416415
18106,ENSG00000160299,PCNT,O95613,S,2327,0.153438228562327
18108,ENSG00000074696,HACD3,Q9P035,S,138,0.423524776057873
18109,ENSG00000112365,ZBTB24,O43167,S,134,0.334056990529875
18111,ENSG00000165029,ABCA1,O95477,S,2234,0.158210725515147
18112,ENSG00000102226,USP11,P51784,S,953,0.446765204493906
18113,ENSG00000108587,GOSR1,O95249,S,52,0.498881321346201
18117,ENSG00000121413,ZSCAN18,Q8TBC5,S,349,0.234080082709387
18119,ENSG00000025800,KPNA6,O60684,S,459,0.125039714804354
18120,ENSG00000164902,PHAX,Q9H814,S,350,0.405510684081214
18124,ENSG00000094916,CBX5,P45973,S,132,0.598642923835824
18126,ENSG00000147443,DOK2,O60496,Y,299,0.687757087209031
18132,ENSG00000090975,PITPNM2,Q9BZ72,S,321,0.188017518389879
18133,ENSG00000163171,CDC42EP3,Q9UKI2,S,27,0.554336253982602
18135,ENSG00000168014,C2CD3,Q4AC94,S,2146,0.142583243515613
18137,ENSG00000107738,VSIR,Q9H7M9,S,280,0.380938679026265
18141,ENSG00000065923,SLC9A7,Q96T83,S,545,0.196634667393643
18142,ENSG00000174485,DENND4A,Q7Z401,S,941,0.212419089948107
18143,ENSG00000133858,ZFC3H1,O60293,S,503,0.0942791462659109
18145,ENSG00000137145,DENND4C,Q5VZ89,S,1251,0.0500215027874628
18146,ENSG00000140396,NCOA2,Q15596,S,469,0.351292835598698
18148,ENSG00000054690,PLEKHH1,Q9ULM0,S,522,0.231504908118088
18152,ENSG00000118596,SLC16A7,O60669,S,454,0.141647921579743
18153,ENSG00000124171,PARD6B,Q9BYG5,S,11,0.437522913734407
18156,ENSG00000008405,CRY1,Q16526,S,568,0.269228929576383
18158,ENSG00000035928,RFC1,P35251,S,372,0.226455702303552
18159,ENSG00000091129,NRCAM,Q92823,T,1221,0.333875806756139
18160,ENSG00000130766,SESN2,P58004,S,279,0.323270117151309
18161,ENSG00000269313,MAGIX,Q9H6Y5,S,21,0.250818248617752
18162,ENSG00000089639,GMIP,Q9P107,S,440,0.231540347469816
18163,ENSG00000147526,TACC1,O75410,S,276,0.72929219275532
18165,ENSG00000099814,CEP170B,Q9Y4F5,S,371,0.0703777173530471
18166,ENSG00000225968,ELFN1,P0C7U0,S,629,0.200566845533502
18167,ENSG00000100764,PSMC1,P62191,T,434,0.610929003614006
18168,ENSG00000135837,CEP350,Q5VT06,S,2830,0.242080024707827
18170,ENSG00000131242,RAB11FIP4,Q86YS3,T,257,0.309115543198503
18172,ENSG00000198824,CHAMP1,Q96JM3,S,353,0.288164930735942
18173,ENSG00000197555,SIPA1L1,O43166,S,97,0.176021766914679
18174,ENSG00000196642,RABL6,Q3YEC7,S,427,0.613301691006243
18176,ENSG00000137145,DENND4C,Q5VZ89,S,1248,0.0754974682145214
18182,ENSG00000148498,PARD3,Q8TEW0,S,152,0.057209436358236
18183,ENSG00000165458,INPPL1,O15357,S,145,0.0882348012377013
18185,ENSG00000008086,CDKL5,O76039,S,720,0.443156041326092
18186,ENSG00000145192,AHSG,P02765,S,325,0.203651429109072
18187,ENSG00000122194,PLG,P00747,T,475,0.191399440098577
18188,ENSG00000180182,MED14,O60244,S,1144,0.361488064669541
18189,ENSG00000164889,SLC4A2,P04920,S,65,0.248982288457179
18190,ENSG00000077264,PAK3,O75914,S,186,0.226219730223349
18192,ENSG00000243156,MICAL3,Q7RTP6,S,1134,0.293281257167802
18193,ENSG00000149596,JPH2,Q9BR39,S,168,0.451755256003873
18194,ENSG00000068878,PSME4,Q14997,S,1746,0.175701851898504
18195,ENSG00000150764,DIXDC1,Q155Q3,S,186,0.450710186197264
18197,ENSG00000112851,ERBIN,Q96RT1,S,797,0.19846697176779
18198,ENSG00000173120,KDM2A,Q9Y2K7,S,883,0.159174051845912
18200,ENSG00000131263,RLIM,Q9NVW2,S,195,0.392626153542331
18201,ENSG00000161203,AP2M1,Q96CW1,S,236,0.433727755097982
18204,ENSG00000180357,ZNF609,O15014,S,743,0.348805423042203
18205,ENSG00000168763,CNNM3,Q8NE01,S,673,0.382999119952218
18206,ENSG00000213066,FGFR1OP,O95684,T,169,0.350029285016206
18208,ENSG00000145703,IQGAP2,Q13576,S,396,0.126828492790809
18209,ENSG00000204628,RACK1,P63244,T,316,0.305096649623321
18210,ENSG00000204427,ABHD16A,O95870,T,34,0.252060111338926
18217,ENSG00000131711,MAP1B,P46821,T,972,0.200273595334141
18221,ENSG00000119401,TRIM32,Q13049,S,339,0.647891882736009
18224,ENSG00000170473,PYM1,Q9BRP8,S,139,0.271127755309854
18225,ENSG00000124313,IQSEC2,Q5JU85,S,1148,0.439553527007163
18227,ENSG00000117523,PRRC2C,Q9Y520,S,1502,0.123588061193156
18229,ENSG00000160789,LMNA,P02545,S,12,0.488020885652023
18231,ENSG00000105939,ZC3HAV1,Q7Z2W4,S,114,0.346887423190081
18233,ENSG00000142627,EPHA2,P29317,S,892,0.437502181975384
18236,ENSG00000136068,FLNB,O75369,S,2481,0.307932431727294
18237,ENSG00000105723,GSK3A,P49840,S,64,0.104826042826784
18238,ENSG00000162614,NEXN,Q0ZGT2,S,168,0.278317009184852
18239,ENSG00000109846,CRYAB,P02511,S,21,0.297802006362444
18240,ENSG00000198000,NOL8,Q76FK4,T,263,0.330817068913798
18241,ENSG00000179604,CDC42EP4,Q9H3Q1,S,18,0.592305325349021
18243,ENSG00000158417,EIF5B,O60841,T,13,0.213369343840535
18245,ENSG00000160813,PPP1R35,Q8TAP8,T,84,0.419262646495145
18246,ENSG00000173702,MUC13,Q9H3R2,S,471,0.123974035406175
18255,ENSG00000184708,EIF4ENIF1,Q9NRA8,S,74,0.409830818270709
18258,ENSG00000067369,TP53BP1,Q12888,S,1067,0.228036662527357
18259,ENSG00000119321,FKBP15,Q5T1M5,S,356,0.306123089065139
18260,ENSG00000178927,C17orf62,Q9BQA9,S,176,0.426475035933911
18261,ENSG00000167978,SRRM2,Q9UQ35,Y,2693,0.430511554338125
18262,ENSG00000090674,MCOLN1,Q9GZU1,S,547,0.422888500437126
18263,ENSG00000158417,EIF5B,O60841,S,171,0.178235205341443
18264,ENSG00000132549,VPS13B,Q7Z7G8,S,1018,0.220110499659054
18265,ENSG00000073792,IGF2BP2,Q9Y6M1,S,312,0.0860120210542048
18266,ENSG00000131263,RLIM,Q9NVW2,S,163,0.184317519226341
18267,ENSG00000106948,AKNA,Q7Z591,T,539,0.145698687689636
18269,ENSG00000163877,SNIP1,Q8TAD8,T,152,0.358329699516414
18272,ENSG00000107862,GBF1,Q92538,S,1781,0.403504867705618
18274,ENSG00000162981,FAM84A,Q96KN4,S,38,0.344887949884394
18275,ENSG00000180917,CMTR2,Q8IYT2,S,424,0.0951724035269664
18284,ENSG00000164924,YWHAZ,P63104,S,37,0.40442488837041
18286,ENSG00000136045,PWP1,Q13610,S,495,0.173886522466504
18290,ENSG00000070814,TCOF1,Q13428,T,1175,0.300324393844403
18292,ENSG00000156531,PHF6,Q8IWS0,S,184,0.312961405445884
18293,ENSG00000136546,SCN7A,Q01118,S,905,0.297504261363899
18294,ENSG00000182795,C1orf116,Q9BW04,S,185,0.23855487018322
18295,ENSG00000065054,SLC9A3R2,Q15599,S,167,0.213941611133926
18297,ENSG00000105939,ZC3HAV1,Q7Z2W4,S,322,0.323958437433135
18298,ENSG00000106070,GRB10,Q13322,S,428,0.546970245125003
18305,ENSG00000168575,SLC20A2,Q08357,T,346,0.324414746661263
18306,ENSG00000092964,DPYSL2,Q16555,S,292,0.0761744777720057
18309,ENSG00000103495,MAZ,P56270,S,302,0.521479463042023
18310,ENSG00000114302,PRKAR2A,P13861,S,58,0.466993373082929
18312,ENSG00000104369,JPH1,Q9HDC5,T,460,0.506482004690327
18313,ENSG00000120729,MYOT,Q9UBF9,S,30,0.107293957976916
18314,ENSG00000141068,KSR1,Q8IVT5,S,192,0.228049292089761
18318,ENSG00000109971,HSPA8,P11142,T,641,0.374128214878031
18319,ENSG00000186174,BCL9L,Q86UU0,S,1004,0.511288669958318
18325,ENSG00000144426,NBEAL1,Q6ZS30,S,1330,0.0812379062957174
18326,ENSG00000103479,RBL2,Q08999,T,417,0.874127076362042
18328,ENSG00000074319,TSG101,Q99816,S,48,0.157253630780759
18329,ENSG00000141905,NFIC,P08651,S,248,0.197807455661849
18331,ENSG00000143473,KCNH1,O95259,S,904,0.216574414684772
18332,ENSG00000118200,CAMSAP2,Q08AD1,S,611,0.179775129594068
18333,ENSG00000006453,BAIAP2L1,Q9UHR4,T,494,0.292372930095672
18336,ENSG00000116062,MSH6,P52701,S,285,0.247856523909973
18337,ENSG00000031823,RANBP3,Q9H6Z4,S,357,0.292088580942591
18338,ENSG00000122565,CBX3,Q13185,T,173,0.514984558570447
18339,ENSG00000134313,KIDINS220,Q9ULH0,S,1598,0.230058164804236
18342,ENSG00000176953,NFATC2IP,Q8NCF5,S,84,0.360466864475805
18343,ENSG00000185811,IKZF1,Q13422,S,393,0.359122700423587
18344,ENSG00000086758,HUWE1,Q7Z6Z7,S,1370,0.219210372070156
18348,ENSG00000104859,CLASRP,Q8N2M8,S,501,0.512828413796108
18349,ENSG00000196091,MYBPC1,Q00872,S,611,0.115486012086358
18350,ENSG00000144283,PKP4,Q99569,S,231,0.482800707408441
18351,ENSG00000135596,MICAL1,Q8TDZ2,S,858,0.302868339664709
18353,ENSG00000135540,NHSL1,Q5SYE7,S,727,0.405810814957996
18355,ENSG00000151491,EPS8,Q12929,S,662,0.33364840695651
18356,ENSG00000105063,PPP6R1,Q9UPN7,S,726,0.223401463902164
18357,ENSG00000178409,BEND3,Q5T5X7,S,92,0.303462460997397
18358,ENSG00000228672,PROB1,E7EW31,T,776,0.0965667118168212
18359,ENSG00000197312,DDI2,Q5TDH0,S,128,0.503693091572903
18360,ENSG00000142347,MYO1F,O00160,T,1005,0.0824208092473476
18361,ENSG00000164924,YWHAZ,P63104,S,110,0.537108732707583
18364,ENSG00000100568,VTI1B,Q9UEU0,S,185,0.383340289628538
18365,ENSG00000056050,HPF1,Q9NWY4,S,337,0.30638646834631
18367,ENSG00000009954,BAZ1B,Q9UIG0,S,167,0.278760392538354
18369,ENSG00000157933,SKI,P12755,S,480,0.203977095174909
18370,ENSG00000151726,ACSL1,P33121,S,620,0.159622419626062
18371,ENSG00000196220,SRGAP3,O43295,S,868,0.261915823604141
18372,ENSG00000198912,C1orf174,Q8IYL3,S,47,0.154943614493169
18374,ENSG00000167173,C15orf39,Q6ZRI6,S,455,0.298139562452787
18376,ENSG00000151208,DLG5,Q8TDM6,T,1183,0.193236020103705
18378,ENSG00000148468,FAM171A1,Q5VUB5,S,511,0.105124286227871
18379,ENSG00000154727,GABPA,Q06546,S,308,0.252519916560075
18381,ENSG00000172020,GAP43,P17677,S,147,0.322976669674044
18383,ENSG00000042062,RIPOR3,Q96MK2,S,64,0.319480434588992
18385,ENSG00000076513,ANKRD13A,Q8IZ07,S,510,0.104005699821178
18386,ENSG00000180233,ZNRF2,Q8NHG8,S,113,0.611700480029134
18388,ENSG00000177606,JUN,P05412,T,91,0.727010503810142
18389,ENSG00000143337,TOR1AIP1,Q5JTV8,T,234,0.0855930218853147
18390,ENSG00000163635,ATXN7,O15265,S,302,0.189363980055266
18391,ENSG00000165392,WRN,Q14191,S,440,0.269170162859254
18394,ENSG00000075413,MARK3,P27448,S,543,0.456512776951648
18395,ENSG00000151612,ZNF827,Q17R98,S,771,0.197874688700293
18397,ENSG00000142173,COL6A2,P12110,S,223,0.0890592822023585
18399,ENSG00000100902,PSMA6,P60900,S,177,0.207560852578182
18400,ENSG00000160058,BSDC1,Q9NW68,S,235,0.280519499005926
18403,ENSG00000149929,HIRIP3,Q9BW71,S,551,0.532201869422721
18405,ENSG00000165757,JCAD,Q9P266,S,982,0.229368158892752
18406,ENSG00000104731,KLHDC4,Q8TBB5,S,413,0.449727998595644
18407,ENSG00000172366,MCRIP2,Q9BUT9,T,79,0.258787770188287
18408,ENSG00000139990,DCAF5,Q96JK2,T,630,0.214555188560129
18409,ENSG00000180900,SCRIB,Q14160,S,1295,0.170188295672973
18411,ENSG00000166925,TSC22D4,Q9Y3Q8,S,370,0.282794580292199
18413,ENSG00000099331,MYO9B,Q13459,S,1253,0.263314354898492
18416,ENSG00000142611,PRDM16,Q9HAZ2,S,549,0.126307860831052
18417,ENSG00000155629,PIK3AP1,Q6ZUJ8,S,740,0.181126078447553
18418,ENSG00000182504,CEP97,Q8IW35,S,308,0.380674277928847
18419,ENSG00000114857,NKTR,P30414,S,1313,0.16612898582009
18421,ENSG00000143569,UBAP2L,Q14157,S,608,0.298814872954536
18423,ENSG00000140326,CDAN1,Q8IWY9,S,277,0.393797235189451
18426,ENSG00000007384,RHBDF1,Q96CC6,S,60,0.120957978686612
18428,ENSG00000044115,CTNNA1,P35221,S,652,0.478930500779768
18433,ENSG00000169122,FAM110B,Q8TC76,S,162,0.246581766775779
18437,ENSG00000164331,ANKRA2,Q9H9E1,S,104,0.186595723682071
18438,ENSG00000047648,ARHGAP6,O43182,S,754,0.224791150147701
18439,ENSG00000174705,SH3PXD2B,A1X283,S,293,0.208787716956086
18441,ENSG00000165476,REEP3,Q6NUK4,T,201,0.484551575520196
18442,ENSG00000178996,SNX18,Q96RF0,S,20,0.235398696748148
18446,ENSG00000181555,SETD2,Q9BYW2,S,1844,0.241592311513999
18447,ENSG00000197555,SIPA1L1,O43166,S,381,0.209864485153339
18449,ENSG00000171988,JMJD1C,Q15652,S,373,0.276231802850198
18450,ENSG00000141084,RANBP10,Q6VN20,Y,362,0.481841111034731
18451,ENSG00000090615,GOLGA3,Q08378,S,389,0.382985823330119
18452,ENSG00000100139,MICALL1,Q8N3F8,S,324,0.166372397174976
18453,ENSG00000115896,PLCL1,Q15111,S,47,0.160993265466211
18454,ENSG00000132744,ACY3,Q96HD9,S,319,0.341685521932104
18455,ENSG00000177728,TMEM94,Q12767,S,800,0.246584631885617
18456,ENSG00000084676,NCOA1,Q15788,S,369,0.209998157300881
18457,ENSG00000065989,PDE4A,P27815,S,13,0.360015178166694
18459,ENSG00000117640,MTFR1L,Q9H019,S,224,0.375470952948944
18461,ENSG00000126705,AHDC1,Q5TGY3,T,1401,0.197940986198847
18463,ENSG00000143702,CEP170,Q5SW79,S,1205,0.433837985867717
18466,ENSG00000142197,DOPEY2,Q9Y3R5,S,596,0.318993487966145
18467,ENSG00000165215,CLDN3,O15551,S,203,0.311090770453569
18468,ENSG00000172349,IL16,Q14005,S,908,0.159743049243616
18470,ENSG00000123200,ZC3H13,Q5T200,S,1217,0.196101273432773
18473,ENSG00000101216,GMEB2,Q9UKD1,S,126,0.343487610465512
18476,ENSG00000171045,TSNARE1,Q96NA8,S,96,0.204041361222476
18477,ENSG00000171219,CDC42BPG,Q6DT37,S,480,0.15168850658586
18478,ENSG00000134072,CAMK1,Q14012,S,363,0.208824013975791
18480,ENSG00000203883,SOX18,P35713,S,61,0.24216180558037
18481,ENSG00000166398,KIAA0355,O15063,S,945,0.285502970714576
18484,ENSG00000169679,BUB1,O43683,S,331,0.179854509948378
18488,ENSG00000126822,PLEKHG3,A1L390,S,1046,0.169144057698994
18490,ENSG00000184708,EIF4ENIF1,Q9NRA8,T,792,0.15215972366574
18493,ENSG00000021826,CPS1,P31327,S,835,0.188254027307858
18494,ENSG00000137145,DENND4C,Q5VZ89,S,1629,0.0648540571393817
18495,ENSG00000135148,TRAFD1,O14545,S,479,0.267254879153888
18496,ENSG00000106462,EZH2,Q15910,T,386,0.119623253269133
18497,ENSG00000099814,CEP170B,Q9Y4F5,S,1199,0.245814122001533
18500,ENSG00000088367,EPB41L1,Q9H4G0,S,540,0.451353531489899
18501,ENSG00000064651,SLC12A2,P55011,T,266,0.392788810742058
18506,ENSG00000101868,POLA1,P09884,T,1268,0.316293986219244
18507,ENSG00000168497,CAVIN2,O95810,S,284,0.35488787442766
18509,ENSG00000173218,VANGL1,Q8TAA9,S,88,0.723059680692556
18510,ENSG00000134909,ARHGAP32,A7KAX9,S,856,0.335426293364523
18511,ENSG00000178927,C17orf62,Q9BQA9,T,170,0.124549685347133
18512,ENSG00000128191,DGCR8,Q8WYQ5,S,373,0.313396908473751
18514,ENSG00000066294,CD84,Q9UIB8,Y,296,0.873268669728317
18515,ENSG00000111087,GLI1,P08151,S,640,0.580790312516307
18516,ENSG00000130479,MAP1S,Q66K74,S,766,0.191294710692191
18517,ENSG00000028203,VEZT,Q9HBM0,S,617,0.179686039921854
18518,ENSG00000138375,SMARCAL1,Q9NZC9,S,151,0.204633539022644
18519,ENSG00000115325,DOK1,Q99704,Y,362,0.757875051686424
18521,ENSG00000124942,AHNAK,Q09666,S,4986,0.310117201500787
18522,ENSG00000198642,KLHL9,Q9P2J3,S,603,0.608977599521552
18523,ENSG00000111596,CNOT2,Q9NZN8,S,61,0.643767059456514
18524,ENSG00000099381,SETD1A,O15047,T,1185,0.154754536281255
18525,ENSG00000205517,RGL3,Q3MIN7,S,52,0.20943696535475
18527,ENSG00000167978,SRRM2,Q9UQ35,S,1028,0.242326066424081
18528,ENSG00000131620,ANO1,Q5XXA6,S,107,0.246660599136144
18529,ENSG00000173482,PTPRM,P28827,S,821,0.30666946566773
18530,ENSG00000198728,LDB1,Q86U70,S,410,0.505168144573257
18534,ENSG00000180773,SLC36A4,Q6YBV0,T,35,0.360942665271637
18535,ENSG00000125798,FOXA2,Q9Y261,S,303,0.547247503084636
18536,ENSG00000126705,AHDC1,Q5TGY3,S,896,0.307632627181695
18537,ENSG00000151208,DLG5,Q8TDM6,S,841,0.182123248164122
18538,ENSG00000132005,RFX1,P22670,T,164,0.193020714766354
18539,ENSG00000101331,CCM2L,Q9NUG4,S,563,0.152704536582273
18542,ENSG00000133392,MYH11,P35749,S,1684,0.0854948029806789
18543,ENSG00000178607,ERN1,O75460,S,724,0.82712988764962
18544,ENSG00000097033,SH3GLB1,Q9Y371,Y,80,0.516500110790944
18545,ENSG00000140988,RPS2,P15880,Y,133,0.417862785105027
18546,ENSG00000089154,GCN1,Q92616,T,1022,0.175621388036314
18547,ENSG00000166169,POLL,Q9UGP5,T,164,0.101962632264369
18549,ENSG00000198920,KIAA0753,Q2KHM9,S,190,0.303466078230412
18552,ENSG00000092201,SUPT16H,Q9Y5B9,S,1013,0.352960949350171
18553,ENSG00000151693,ASAP2,O43150,T,843,0.158777106940172
18555,ENSG00000072832,CRMP1,Q14194,S,540,0.186885394867707
18557,ENSG00000125414,MYH2,Q9UKX2,S,1239,0.255033102765464
18559,ENSG00000205937,RNPS1,Q15287,S,266,0.489227648378364
18560,ENSG00000100354,TNRC6B,Q9UPQ9,S,1512,0.150699801726943
18561,ENSG00000087206,UIMC1,Q96RL1,S,597,0.309818667119087
18565,ENSG00000172575,RASGRP1,O95267,S,711,0.406626565794333
18566,ENSG00000148730,EIF4EBP2,Q13542,T,82,0.185442464933549
18568,ENSG00000110427,KIAA1549L,Q6ZVL6,S,1653,0.173023026383459
18569,ENSG00000197892,KIF13B,Q9NQT8,S,858,0.143044127187263
18571,ENSG00000177200,CHD9,Q3L8U1,S,1754,0.231677196045377
18573,ENSG00000144824,PHLDB2,Q86SQ0,S,200,0.354249432110573
18574,ENSG00000112394,SLC16A10,Q8TF71,S,498,0.368286337612357
18576,ENSG00000104518,GSDMD,P57764,Y,158,0.397672653204163
18577,ENSG00000058063,ATP11B,Q9Y2G3,S,1156,0.311495983366764
18578,ENSG00000142599,RERE,Q9P2R6,T,599,0.218573614361346
18579,ENSG00000115183,TANC1,Q9C0D5,S,1681,0.0666560785203334
18580,ENSG00000166833,NAV2,Q8IVL1,S,1302,0.105053386743931
18582,ENSG00000178035,IMPDH2,P12268,S,425,0.322676343735735
18583,ENSG00000108262,GIT1,Q9Y2X7,T,392,0.513214520534728
18586,ENSG00000122122,SASH3,O75995,S,25,0.538505231512712
18590,ENSG00000181555,SETD2,Q9BYW2,T,749,0.198864060830465
18591,ENSG00000167880,EVPL,Q92817,S,27,0.301729341481637
18594,ENSG00000029363,BCLAF1,Q9NYF8,S,884,0.521974324494639
18597,ENSG00000087087,SRRT,Q9BXP5,S,550,0.241755230180402
18598,ENSG00000133606,MKRN1,Q9UHC7,S,135,0.124878418232151
18600,ENSG00000092295,TGM1,P22735,T,22,0.203075668388159
18602,ENSG00000066933,MYO9A,B2RTY4,S,1349,0.156397545043777
18603,ENSG00000165801,ARHGEF40,Q8TER5,S,1491,0.174173515691464
18604,ENSG00000105447,GRWD1,Q9BQ67,T,10,0.469455595458556
18607,ENSG00000136280,CCM2,Q9BSQ5,S,287,0.222400253922517
18609,ENSG00000001629,ANKIB1,Q9P2G1,S,304,0.355673112782087
18611,ENSG00000109171,SLAIN2,Q9P270,S,366,0.536355029238152
18613,ENSG00000074054,CLASP1,Q7Z460,S,704,0.19642279497175
18615,ENSG00000146376,ARHGAP18,Q8N392,S,92,0.232309599388667
18616,ENSG00000144283,PKP4,Q99569,S,162,0.0883732983438932
18618,ENSG00000166987,MBD6,Q96DN6,S,211,0.257858991757611
18620,ENSG00000173889,PHC3,Q8NDX5,S,655,0.124835676096418
18621,ENSG00000134444,KIAA1468,Q9P260,S,167,0.242720291357348
18625,ENSG00000112290,WASF1,Q92558,S,339,0.132994558724883
18626,ENSG00000124942,AHNAK,Q09666,S,3409,0.195323762747676
18627,ENSG00000048052,HDAC9,Q9UKV0,S,22,0.399291016253848
18630,ENSG00000151322,NPAS3,Q8IXF0,S,619,0.177091601246222
18633,ENSG00000103710,RASL12,Q9NYN1,S,12,0.1899511187283
18635,ENSG00000076826,CAMSAP3,Q9P1Y5,S,1099,0.142218302519048
18637,ENSG00000215301,DDX3X,O00571,S,92,0.362104801424959
18639,ENSG00000134686,PHC2,Q8IXK0,T,618,0.224653414577
18644,ENSG00000179094,PER1,O15534,S,811,0.118818249663338
18645,ENSG00000120451,SNX19,Q92543,T,701,0.265396863550125
18646,ENSG00000110713,NUP98,P52948,Y,659,0.350499691496778
18647,ENSG00000173898,SPTBN2,O15020,S,1073,0.129068753344652
18648,ENSG00000155657,TTN,Q14247,S,282,0.428833141687534
18650,ENSG00000109111,SUPT6H,Q7KZ85,S,1712,0.187329094452225
18653,ENSG00000141551,CSNK1D,P48730,T,349,0.347229224957894
18654,ENSG00000112379,ARFGEF3,Q5TH69,S,2100,0.216314844832166
18656,ENSG00000130726,TRIM28,Q13263,S,689,0.210606968338458
18657,ENSG00000095637,SORBS1,Q9BX66,S,481,0.396380611620619
18658,ENSG00000171055,FEZ2,Q9UHY8,S,208,0.412516831051328
18659,ENSG00000099991,CABIN1,Q9Y6J0,T,2151,0.335953643047118
18661,ENSG00000165280,VCP,P55072,S,775,0.407847967764625
18665,ENSG00000127838,PNKD,Q8N490,S,57,0.252950669117851
18666,ENSG00000188994,ZNF292,O60281,S,1159,0.148351272212776
18667,ENSG00000180914,OXTR,P30559,S,370,0.377680161363272
18669,ENSG00000135631,RAB11FIP5,Q9BXF6,S,332,0.156335774876277
18670,ENSG00000153048,CARHSP1,Q9Y2V2,T,54,0.355618994769815
18671,ENSG00000163507,CIP2A,Q8TCG1,S,573,0.0770218756046898
18675,ENSG00000162664,ZNF326,Q5BKZ1,S,162,0.51953104485749
18686,ENSG00000145675,PIK3R1,P27986,S,608,0.333847170848308
18692,ENSG00000165458,INPPL1,O15357,S,1167,0.357122858171441
18695,ENSG00000104369,JPH1,Q9HDC5,S,171,0.150818277845818
18696,ENSG00000127528,KLF2,Q9Y5W3,S,177,0.797280859451257
18699,ENSG00000110075,PPP6R3,Q5H9R7,S,634,0.381783315358477
18700,ENSG00000055070,SZRD1,Q7Z422,T,67,0.409397282290443
18701,ENSG00000115524,SF3B1,O75533,S,229,0.309939954408645
18702,ENSG00000051009,FAM160A2,Q8N612,S,897,0.352616906202212
18703,ENSG00000162849,KIF26B,Q2KJY2,S,1021,0.22909839381814
18705,ENSG00000100802,C14orf93,Q9H972,S,118,0.163676141291398
18706,ENSG00000111911,HINT3,Q9NQE9,S,38,0.4148591355014
18709,ENSG00000163874,ZC3H12A,Q5D1E8,S,359,0.488059709794685
18713,ENSG00000132718,SYT11,Q9BT88,S,70,0.145271680735231
18716,ENSG00000078674,PCM1,Q15154,S,1263,0.238269799706872
18718,ENSG00000086102,NFX1,Q12986,S,326,0.345638119989508
18720,ENSG00000101079,NDRG3,Q9UGV2,T,329,0.615122420013733
18722,ENSG00000185000,DGAT1,O75907,T,12,0.753030267453489
18723,ENSG00000169641,LUZP1,Q86V48,S,573,0.317922784071766
18724,ENSG00000135451,TROAP,Q12815,S,376,0.405246747056582
18725,ENSG00000100106,TRIOBP,Q9H2D6,S,1228,0.206306721182604
18728,ENSG00000139083,ETV6,P41212,T,31,0.402391094817149
18729,ENSG00000003989,SLC7A2,P52569,S,462,0.340534936808257
18733,ENSG00000105939,ZC3HAV1,Q7Z2W4,S,327,0.374666697157953
18734,ENSG00000011426,ANLN,Q9NQW6,S,518,0.3761991471898
18735,ENSG00000006740,ARHGAP44,Q17R89,S,640,0.289393569091159
18736,ENSG00000136205,TNS3,Q68CZ2,S,1126,0.177264862199235
18738,ENSG00000185340,GAS2L1,Q99501,S,492,0.387862383395446
18740,ENSG00000135837,CEP350,Q5VT06,S,1828,0.347940415095928
18742,ENSG00000149929,HIRIP3,Q9BW71,T,471,0.432152048662695
18743,ENSG00000047578,KIAA0556,O60303,S,233,0.0901499275305786
18744,ENSG00000125386,FAM193A,P78312,S,677,0.141561972897987
18745,ENSG00000168685,IL7R,P16871,S,366,0.177609937206962
18750,ENSG00000138709,LARP1B,Q659C4,S,363,0.437513015440034
18751,ENSG00000130158,DOCK6,Q96HP0,S,1230,0.25702682089482
18752,ENSG00000154229,PRKCA,P17252,S,657,0.481365785933146
18755,ENSG00000099308,MAST3,O60307,S,680,0.31742377280717
18757,ENSG00000108262,GIT1,Q9Y2X7,S,571,0.520449048419236
18758,ENSG00000185658,BRWD1,Q9NSI6,S,1943,0.167288360749526
18762,ENSG00000124783,SSR1,P43307,T,260,0.306656897671277
18764,ENSG00000177917,ARL6IP6,Q8N6S5,S,65,0.330154806990275
18766,ENSG00000170881,RNF139,Q8WU17,T,635,0.343701008021622
18767,ENSG00000104067,TJP1,Q07157,Y,1087,0.338948022330485
18768,ENSG00000130150,MOSPD2,Q8NHP6,S,283,0.354177963355011
18769,ENSG00000095370,SH2D3C,Q8N5H7,S,446,0.358385238396314
18771,ENSG00000148840,PPRC1,Q5VV67,T,173,0.254258410941658
18773,ENSG00000162896,PIGR,P01833,T,679,0.130671532910857
18776,ENSG00000178882,RFLNA,Q6ZTI6,S,25,0.336007111763097
18777,ENSG00000159377,PSMB4,P28070,T,27,0.449595948920432
18778,ENSG00000176248,ANAPC2,Q9UJX6,S,474,0.416884201474906
18779,ENSG00000103249,CLCN7,P51798,T,805,0.341727052068367
18780,ENSG00000076826,CAMSAP3,Q9P1Y5,S,1070,0.244562752430032
18781,ENSG00000124789,NUP153,P49790,S,246,0.0594469690728348
18782,ENSG00000155629,PIK3AP1,Q6ZUJ8,S,145,0.312507919017013
18784,ENSG00000106052,TAX1BP1,Q86VP1,S,666,0.271862753058971
18785,ENSG00000081277,PKP1,Q13835,Y,187,0.369258205908529
18786,ENSG00000166272,WBP1L,Q9NX94,S,228,0.135766594521837
18789,ENSG00000130479,MAP1S,Q66K74,S,929,0.273275766813694
18792,ENSG00000089199,CHGB,P05060,S,320,0.0843364096679767
18793,ENSG00000176953,NFATC2IP,Q8NCF5,S,127,0.384849842189186
18794,ENSG00000067369,TP53BP1,Q12888,T,548,0.209680273535062
18797,ENSG00000055332,EIF2AK2,P19525,S,542,0.571427992267933
18803,ENSG00000048707,VPS13D,Q5THJ4,S,1699,0.162020574277393
18804,ENSG00000144283,PKP4,Q99569,Y,421,0.413360378638138
18805,ENSG00000148690,FRA10AC1,Q70Z53,S,251,0.428535423592417
18807,ENSG00000135365,PHF21A,Q96BD5,S,455,0.584172484773952
18810,ENSG00000025772,TOMM34,Q15785,S,160,0.450734766166402
18813,ENSG00000122779,TRIM24,O15164,S,771,0.251160586575765
18814,ENSG00000119283,TRIM67,Q6ZTA4,T,38,0.207316764151517
18815,ENSG00000077254,USP33,Q8TEY7,S,325,0.251812338705634
18817,ENSG00000111859,NEDD9,Q14511,Y,345,0.921947710409732
18818,ENSG00000165699,TSC1,Q92574,S,1141,0.280156529596812
18822,ENSG00000131374,TBC1D5,Q92609,T,45,0.324067203610746
18823,ENSG00000138802,SEC24B,O95487,S,1224,0.338623152881497
18826,ENSG00000148082,SHC3,Q92529,S,474,0.397155842612932
18827,ENSG00000100731,PCNX1,Q96RV3,S,692,0.32551665992909
18829,ENSG00000048828,FAM120A,Q9NZB2,S,510,0.231117775488435
18830,ENSG00000170471,RALGAPB,Q86X10,T,730,0.22084259667163
18835,ENSG00000112379,ARFGEF3,Q5TH69,S,2103,0.172227683513618
18837,ENSG00000067369,TP53BP1,Q12888,S,1665,0.285668405447845
18841,ENSG00000072501,SMC1A,Q14683,S,970,0.506904952235017
18842,ENSG00000196872,KIAA1211L,Q6NV74,T,837,0.417990788552249
18844,ENSG00000169398,PTK2,Q05397,S,910,0.863440487524227
18845,ENSG00000173818,ENDOV,Q8N8Q3,S,261,0.466975274085905
18847,ENSG00000148337,CIZ1,Q9ULV3,S,783,0.315478918216155
18849,ENSG00000196628,TCF4,P15884,S,484,0.212851879016188
18850,ENSG00000171940,ZNF217,O75362,S,106,0.3642906341804
18854,ENSG00000168795,ZBTB5,O15062,S,208,0.420616574871733
18855,ENSG00000163960,UBXN7,O94888,S,285,0.458279033417419
18856,ENSG00000170776,AKAP13,Q12802,S,1683,0.259184523384788
18860,ENSG00000183248,PRR36,Q9H6K5,T,1129,0.205058906918015
18861,ENSG00000130939,UBE4B,O95155,S,23,0.393213861829532
18862,ENSG00000154310,TNIK,Q9UKE5,T,187,0.846832280788685
18864,ENSG00000009950,MLXIPL,Q9NP71,S,361,0.191215527237012
18865,ENSG00000117724,CENPF,P49454,T,253,0.451555612090321
18866,ENSG00000132842,AP3B1,O00203,Y,274,0.343053442781781
18867,ENSG00000163249,CCNYL1,Q8N7R7,S,122,0.477870845198228
18868,ENSG00000095787,WAC,Q9BTA9,S,520,0.507351894755901
18869,ENSG00000198160,MIER1,Q8N108,T,381,0.295275343553434
18872,ENSG00000073792,IGF2BP2,Q9Y6M1,S,162,0.484440353171525
18874,ENSG00000111676,ATN1,P54259,S,42,0.310955198518291
18876,ENSG00000134369,NAV1,Q8NEY1,S,806,0.211951927111719
18877,ENSG00000132763,MMACHC,Q9Y4U1,S,268,0.340600331548971
18878,ENSG00000148773,MKI67,P46013,S,1256,0.230789364411554
18884,ENSG00000133835,HSD17B4,P51659,T,313,0.289748783161709
18885,ENSG00000118503,TNFAIP3,P21580,S,466,0.364637631720099
18886,ENSG00000128591,FLNC,Q14315,S,2256,0.15139223115212
18887,ENSG00000068323,TFE3,P19532,S,560,0.451291060622216
18888,ENSG00000136628,EPRS,P07814,S,886,0.459064967935416
18889,ENSG00000164035,EMCN,Q9ULC0,S,237,0.202599081473592
18893,ENSG00000104067,TJP1,Q07157,S,919,0.233246544828528
18894,ENSG00000137145,DENND4C,Q5VZ89,S,703,0.143951286114374
18895,ENSG00000147526,TACC1,O75410,T,504,0.326703578979699
18896,ENSG00000154118,JPH3,Q8WXH2,T,487,0.305865414783131
18897,ENSG00000159685,CHCHD6,Q9BRQ6,S,43,0.471934617808098
18900,ENSG00000133858,ZFC3H1,O60293,S,12,0.0576940819592921
18902,ENSG00000176595,KBTBD11,O94819,S,93,0.404484725811176
18903,ENSG00000154310,TNIK,Q9UKE5,S,938,0.261446746754972
18907,ENSG00000111676,ATN1,P54259,S,112,0.417170905200841
18908,ENSG00000074054,CLASP1,Q7Z460,S,1530,0.236584171049431
18909,ENSG00000124772,CPNE5,Q9HCH3,S,575,0.265987032502283
18910,ENSG00000137497,NUMA1,Q14980,T,2106,0.250385375593421
18913,ENSG00000153214,TMEM87B,Q96K49,S,505,0.262058635018598
18915,ENSG00000204178,MACO1,Q8N5G2,S,337,0.415557740751692
18916,ENSG00000151491,EPS8,Q12929,S,820,0.254264634702651
18917,ENSG00000105939,ZC3HAV1,Q7Z2W4,T,403,0.322901194276757
18919,ENSG00000278540,ACACA,Q13085,S,1263,0.881346827282752
18922,ENSG00000169093,ASMTL,O95671,T,234,0.260699217728642
18923,ENSG00000108557,RAI1,Q7Z5J4,T,847,0.0597849004048687
18927,ENSG00000179134,SAMD4B,Q5PRF9,S,172,0.394578970460092
18928,ENSG00000185630,PBX1,P40424,S,141,0.323202860096628
18929,ENSG00000182831,C16orf72,Q14CZ0,S,212,0.641787347861671
18930,ENSG00000090615,GOLGA3,Q08378,S,385,0.308031778832322
18933,ENSG00000107554,DNMBP,Q6XZF7,S,1351,0.303850073651553
18935,ENSG00000130349,C6orf203,Q9P0P8,S,116,0.223801572619093
18936,ENSG00000167775,CD320,Q9NPF0,S,84,0.19448519617014
18939,ENSG00000105699,LSR,Q86X29,Y,551,0.642844457608041
18941,ENSG00000132680,KHDC4,Q7Z7F0,S,572,0.388125485345043
18943,ENSG00000048707,VPS13D,Q5THJ4,S,2864,0.177047333315714
18946,ENSG00000103249,CLCN7,P51798,S,60,0.391089776678272
18947,ENSG00000132849,PATJ,Q8NI35,T,669,0.0983679002382806
18948,ENSG00000096717,SIRT1,Q96EB6,S,615,0.389585637365251
18954,ENSG00000127152,BCL11B,Q9C0K0,S,381,0.594587588417609
18957,ENSG00000021826,CPS1,P31327,S,148,0.249515021455954
18958,ENSG00000138119,MYOF,Q9NZM1,T,1781,0.27152474671956
18959,ENSG00000165288,BRWD3,Q6RI45,S,886,0.230997732198756
18960,ENSG00000005020,SKAP2,O75563,T,85,0.300655558451319
18962,ENSG00000147130,ZMYM3,Q14202,S,194,0.0718181923088335
18964,ENSG00000099385,BCL7C,Q8WUZ0,S,100,0.474372631627587
18965,ENSG00000067141,NEO1,Q92859,S,1194,0.407646719446398
18966,ENSG00000131711,MAP1B,P46821,S,1919,0.153996859554302
18967,ENSG00000165699,TSC1,Q92574,S,1100,0.404707957321538
18968,ENSG00000173120,KDM2A,Q9Y2K7,S,832,0.350136188169095
18969,ENSG00000186472,PCLO,Q9Y6V0,T,1825,0.119260103420777
18971,ENSG00000168517,HEXIM2,Q96MH2,S,39,0.401687581114065
18973,ENSG00000196408,NOXO1,Q8NFA2,S,162,0.150386896646227
18974,ENSG00000131351,HAUS8,Q9BT25,S,21,0.378347837939377
18977,ENSG00000135540,NHSL1,Q5SYE7,T,1350,0.191859354790352
18979,ENSG00000166130,IKBIP,Q70UQ0,S,24,0.143583575767134
18980,ENSG00000164867,NOS3,P29474,S,1177,0.488944634683564
18981,ENSG00000163961,RNF168,Q8IYW5,S,414,0.341366968826379
18983,ENSG00000136536,MARCH7,Q9H992,S,544,0.305872270437035
18984,ENSG00000196531,NACA,E9PAV3,S,1489,0.158572900297406
18987,ENSG00000131711,MAP1B,P46821,S,1254,0.215977467403442
18990,ENSG00000060749,QSER1,Q2KHR3,T,1346,0.224696976182305
18991,ENSG00000111961,SASH1,O94885,S,706,0.273616489583477
18994,ENSG00000141027,NCOR1,O75376,S,1450,0.485723439582191
18995,ENSG00000197712,FAM114A1,Q8IWE2,S,120,0.387737305881747
18996,ENSG00000107104,KANK1,Q14678,S,330,0.355855809928961
18998,ENSG00000075785,RAB7A,P51149,Y,183,0.67727130298722
18999,ENSG00000184708,EIF4ENIF1,Q9NRA8,S,379,0.21011052560029
19001,ENSG00000107249,GLIS3,Q8NEA6,S,24,0.168785561013577
19004,ENSG00000131013,PPIL4,Q8WUA2,S,471,0.339031710148839
19007,ENSG00000197077,KIAA1671,Q9BY89,T,951,0.232834420846642
19009,ENSG00000167523,SPATA33,Q96N06,S,94,0.464642160290245
19010,ENSG00000145362,ANK2,Q01484,S,2664,0.150218794401227
19011,ENSG00000108010,GLRX3,O76003,S,120,0.331626638170968
19012,ENSG00000166855,CLPX,O76031,S,611,0.416879850331358
19017,ENSG00000138286,FAM149B1,Q96BN6,S,37,0.209297455733878
19019,ENSG00000196628,TCF4,P15884,T,297,0.225780327962849
19020,ENSG00000134313,KIDINS220,Q9ULH0,S,1757,0.0542633485594007
19021,ENSG00000141503,MINK1,Q8N4C8,S,749,0.184461395876714
19022,ENSG00000072121,ZFYVE26,Q68DK2,S,619,0.31068418962543
19028,ENSG00000103855,CD276,Q5ZPR3,S,513,0.327833060452438
19029,ENSG00000105974,CAV1,Q03135,Y,42,0.582338133622946
19030,ENSG00000124383,MPHOSPH10,O00566,S,275,0.189092126128543
19031,ENSG00000019144,PHLDB1,Q86UU1,S,555,0.457309385045432
19035,ENSG00000110237,ARHGEF17,Q96PE2,S,376,0.0959469801617853
19036,ENSG00000205302,SNX2,O60749,S,277,0.690369860000778
19037,ENSG00000101191,DIDO1,Q9BTC0,T,100,0.0470392853584096
19038,ENSG00000184588,PDE4B,Q07343,S,197,0.494833727799323
19039,ENSG00000148498,PARD3,Q8TEW0,Y,489,0.698859217910984
19040,ENSG00000154133,ROBO4,Q8WZ75,S,561,0.164338805106407
19043,ENSG00000149182,ARFGAP2,Q8N6H7,S,238,0.559455090498348
19044,ENSG00000134644,PUM1,Q14671,S,800,0.148545974213655
19045,ENSG00000187778,MCRS1,Q96EZ8,S,16,0.136393767890848
19046,ENSG00000187164,SHTN1,A0MZ66,T,496,0.245771142892328
19047,ENSG00000157833,GAREM2,Q75VX8,S,735,0.339048254450946
19050,ENSG00000213654,GPSM3,Q9Y4H4,S,35,0.375492205070439
19051,ENSG00000138772,ANXA3,P12429,S,19,0.430504826388744
19053,ENSG00000106211,HSPB1,P04792,T,174,0.608490466991816
19058,ENSG00000144224,UBXN4,Q92575,S,457,0.329028304641661
19059,ENSG00000131023,LATS1,O95835,T,246,0.520960149324002
19060,ENSG00000166925,TSC22D4,Q9Y3Q8,T,206,0.117556454762695
19062,ENSG00000120278,PLEKHG1,Q9ULL1,S,611,0.337586745799528
19063,ENSG00000140534,TICRR,Q7Z2Z1,S,865,0.256815759032933
19064,ENSG00000171223,JUNB,P17275,S,117,0.354429757423032
19065,ENSG00000198824,CHAMP1,Q96JM3,S,253,0.463771660124347
19067,ENSG00000142235,LMTK3,Q96Q04,S,951,0.193854172755794
19069,ENSG00000103528,SYT17,Q9BSW7,S,118,0.641077808050819
19070,ENSG00000078747,ITCH,Q96J02,S,240,0.41040334570211
19074,ENSG00000106524,ANKMY2,Q8IV38,S,419,0.127716676467532
19077,ENSG00000160299,PCNT,O95613,S,2352,0.275665009750165
19078,ENSG00000104522,TSTA3,Q13630,S,16,0.359666172187559
19081,ENSG00000061938,TNK2,Q07912,S,724,0.310354951169474
19084,ENSG00000124120,TTPAL,Q9BTX7,S,13,0.188107890513305
19086,ENSG00000120549,KIAA1217,Q5T5P2,Y,244,0.633087401098538
19088,ENSG00000038358,EDC4,Q6P2E9,S,565,0.4068251433956
19089,ENSG00000165238,WNK2,Q9Y3S1,S,1152,0.147529760921892
19090,ENSG00000084733,RAB10,P61026,S,187,0.280384918239002
19091,ENSG00000171314,PGAM1,P18669,Y,26,0.503814889149789
19093,ENSG00000175931,UBE2O,Q9C0C9,S,115,0.23653168849983
19094,ENSG00000154803,FLCN,Q8NFG4,S,571,0.250823776360614
19095,ENSG00000110756,HPS5,Q9UPZ3,S,433,0.160494001574395
19097,ENSG00000119772,DNMT3A,Q9Y6K1,T,257,0.159054349185654
19099,ENSG00000081189,MEF2C,Q06413,S,445,0.476492352113275
19100,ENSG00000143850,PLEKHA6,Q9Y2H5,S,443,0.373920356098454
19103,ENSG00000092201,SUPT16H,Q9Y5B9,S,1004,0.36498226218933
19104,ENSG00000050405,LIMA1,Q9UHB6,S,373,0.327285272152144
19106,ENSG00000039650,PNKP,Q96T60,T,122,0.542596842583494
19107,ENSG00000171885,AQP4,P55087,S,321,0.316229599410736
19108,ENSG00000087589,CASS4,Q9NQ75,S,392,0.223471230925887
19110,ENSG00000055917,PUM2,Q8TB72,S,82,0.654878434346667
19112,ENSG00000177380,PPFIA3,O75145,T,718,0.527592946018511
19115,ENSG00000047644,WWC3,Q9ULE0,S,567,0.114018111014514
19116,ENSG00000143850,PLEKHA6,Q9Y2H5,S,464,0.198333739563005
19121,ENSG00000082068,WDR70,Q9NW82,S,616,0.415897548267748
19123,ENSG00000198198,SZT2,Q5T011,T,1196,0.0417245149451047
19124,ENSG00000141198,TOM1L1,O75674,S,323,0.534680531016027
19126,ENSG00000127481,UBR4,Q5T4S7,Y,370,0.409330062282365
19127,ENSG00000104312,RIPK2,O43353,S,529,0.554418960135184
19128,ENSG00000178209,PLEC,Q15149,S,4651,0.0808288677836856
19132,ENSG00000131791,PRKAB2,O43741,S,39,0.468474230635052
19136,ENSG00000103657,HERC1,Q15751,T,2722,0.107324520488369
19140,ENSG00000141564,RPTOR,Q8N122,S,721,0.48977032511202
19142,ENSG00000083642,PDS5B,Q9NTI5,S,1406,0.184304335898375
19143,ENSG00000151923,TIAL1,Q01085,S,201,0.397142230258565
19144,ENSG00000198315,ZKSCAN8,Q15776,T,166,0.216179013589184
19147,ENSG00000159733,ZFYVE28,Q9HCC9,S,392,0.427568055110544
19148,ENSG00000122257,RBBP6,Q7Z6E9,S,1221,0.211872409956968
19149,ENSG00000136295,TTYH3,Q9C0H2,S,513,0.202833509472779
19153,ENSG00000101079,NDRG3,Q9UGV2,S,341,0.489376846675175
19156,ENSG00000213719,CLIC1,O00299,S,163,0.500354629385679
19158,ENSG00000005022,SLC25A5,P05141,Y,191,0.409607329633118
19159,ENSG00000063245,EPN1,Q9Y6I3,T,460,0.457937319470618
19161,ENSG00000142279,WTIP,A6NIX2,S,171,0.225580631705638
19164,ENSG00000146826,C7orf43,Q8WVR3,T,541,0.443011159877062
19168,ENSG00000152128,TMEM163,Q8TC26,S,57,0.382914357905709
19171,ENSG00000266714,MYO15B,Q96JP2,S,1502,0.0823556419199145
19172,ENSG00000127947,PTPN12,Q05209,S,719,0.246617608682593
19173,ENSG00000077380,DYNC1I2,Q13409,T,162,0.855905967795285
19178,ENSG00000031823,RANBP3,Q9H6Z4,S,211,0.393502006812036
19179,ENSG00000169710,FASN,P49327,S,63,0.224901978678846
19180,ENSG00000127947,PTPN12,Q05209,S,397,0.280284662931802
19184,ENSG00000104881,PPP1R13L,Q8WUF5,S,597,0.404361394868887
19186,ENSG00000187867,PALM3,A6NDB9,S,302,0.260156732910838
19188,ENSG00000111596,CNOT2,Q9NZN8,S,242,0.369870350163569
19191,ENSG00000111859,NEDD9,Q14511,Y,214,0.811268991309528
19192,ENSG00000124942,AHNAK,Q09666,T,5839,0.282623142284861
19193,ENSG00000185989,RASA3,Q14644,S,833,0.284621637031704
19194,ENSG00000141198,TOM1L1,O75674,S,314,0.87996391917174
19199,ENSG00000100284,TOM1,O60784,T,406,0.298084542123761
19201,ENSG00000013364,MVP,Q14764,S,867,0.310172384925037
19204,ENSG00000104866,PPP1R37,O75864,S,597,0.337025294244139
19207,ENSG00000183186,C2CD4C,Q8TF44,S,178,0.330271785219788
19208,ENSG00000140398,NEIL1,Q96FI4,S,306,0.181661230063545
19211,ENSG00000187840,EIF4EBP1,Q13541,T,77,0.495414864610935
19213,ENSG00000116701,NCF2,P19878,S,215,0.162137724768447
19214,ENSG00000100442,FKBP3,Q00688,S,77,0.329879778301671
19216,ENSG00000185567,AHNAK2,Q8IVF2,T,330,0.176815324688094
19217,ENSG00000122547,EEPD1,Q7L9B9,T,134,0.365815634784541
19218,ENSG00000133226,SRRM1,Q8IYB3,S,777,0.394975838696423
19219,ENSG00000004848,ARX,Q96QS3,S,20,0.267343822383459
19220,ENSG00000116954,RRAGC,Q9HB90,S,385,0.406560749068042
19221,ENSG00000225830,ERCC6,Q03468,S,1348,0.333459264326483
19223,ENSG00000123066,MED13L,Q71F56,S,1081,0.285132205546096
19224,ENSG00000057294,PKP2,Q99959,S,312,0.131894020209427
19225,ENSG00000163510,CWC22,Q9HCG8,S,831,0.262930999571963
19226,ENSG00000156802,ATAD2,Q6PL18,S,1190,0.27116853879148
19227,ENSG00000060749,QSER1,Q2KHR3,S,759,0.128475336991758
19231,ENSG00000100056,ESS2,Q96DF8,T,107,0.434063988332963
19233,ENSG00000100505,TRIM9,Q9C026,Y,60,0.412764249500644
19235,ENSG00000137312,FLOT1,O75955,S,407,0.14775341081835
19236,ENSG00000102189,EEA1,Q15075,T,358,0.101933100754416
19238,ENSG00000117016,RIMS3,Q9UJD0,S,295,0.669318436546906
19239,ENSG00000146826,C7orf43,Q8WVR3,S,494,0.190832346109319
19241,ENSG00000092529,CAPN3,P20807,S,19,0.240810655526772
19244,ENSG00000115290,GRB14,Q14449,S,419,0.265356876291827
19245,ENSG00000175215,CTDSP2,O14595,S,55,0.121580325393386
19246,ENSG00000036448,MYOM2,P54296,S,601,0.286042004704997
19247,ENSG00000275066,SYNRG,Q9UMZ2,S,821,0.0686831488592915
19248,ENSG00000091436,MAP3K20,Q9NYL2,S,636,0.394647994772956
19251,ENSG00000124181,PLCG1,P19174,S,525,0.228871753806452
19252,ENSG00000125844,RRBP1,Q9P2E9,S,165,0.0903237348626648
19258,ENSG00000167978,SRRM2,Q9UQ35,S,459,0.132747625726081
19259,ENSG00000196730,DAPK1,P53355,S,324,0.270942392536508
19260,ENSG00000083642,PDS5B,Q9NTI5,Y,1187,0.428017372175321
19261,ENSG00000070159,PTPN3,P26045,S,381,0.408755244982454
19262,ENSG00000164506,STXBP5,Q5T5C0,T,784,0.348391052761596
19263,ENSG00000225830,ERCC6,Q03468,S,438,0.0915091037239169
19264,ENSG00000128512,DOCK4,Q8N1I0,S,1620,0.364091292248757
19265,ENSG00000106012,IQCE,Q6IPM2,S,130,0.598250644189695
19266,ENSG00000169129,AFAP1L2,Q8N4X5,Y,359,0.673171667604195
19267,ENSG00000268104,SLC6A14,Q9UN76,S,21,0.252538072872001
19268,ENSG00000114302,PRKAR2A,P13861,T,54,0.45262238504008
19270,ENSG00000213516,RBMXL1,Q96E39,S,175,0.479297477025652
19273,ENSG00000165283,STOML2,Q9UJZ1,S,345,0.340637786119247
19277,ENSG00000178209,PLEC,Q15149,T,4653,0.14381013526814
19280,ENSG00000095932,SMIM24,O75264,S,108,0.153041248278845
19282,ENSG00000085224,ATRX,P46100,S,890,0.189111523024063
19283,ENSG00000244405,ETV5,P41161,S,94,0.738073985858384
19284,ENSG00000197380,DACT3,Q96B18,S,344,0.230268688272153
19287,ENSG00000024048,UBR2,Q8IWV8,S,1009,0.321093186215594
19291,ENSG00000134313,KIDINS220,Q9ULH0,S,1590,0.245448597070733
19294,ENSG00000106211,HSPB1,P04792,T,184,0.333093632566145
19295,ENSG00000088205,DDX18,Q9NVP1,S,74,0.383562357199384
19297,ENSG00000137145,DENND4C,Q5VZ89,S,1640,0.192691808508352
19299,ENSG00000119906,SLF2,Q8IX21,S,568,0.265123716571653
19301,ENSG00000111011,RSRC2,Q7L4I2,S,376,0.337436207164978
19303,ENSG00000114019,AMOTL2,Q9Y2J4,S,50,0.262098629898834
19305,ENSG00000143337,TOR1AIP1,Q5JTV8,S,39,0.216462691356662
19307,ENSG00000137802,MAPKBP1,O60336,S,819,0.358131942609149
19308,ENSG00000135387,CAPRIN1,Q14444,S,644,0.100766719088944
19309,ENSG00000155099,PIP4P2,Q8N4L2,S,47,0.449246811703363
19310,ENSG00000068024,HDAC4,P56524,S,196,0.0968552780246648
19311,ENSG00000166348,USP54,Q70EL1,S,958,0.0462725400794891
19312,ENSG00000138193,PLCE1,Q9P212,S,1166,0.124193857017898
19314,ENSG00000022567,SLC45A4,Q5BKX6,S,411,0.324081188597016
19320,ENSG00000144747,TMF1,P82094,S,928,0.296490956872679
19322,ENSG00000128335,APOL2,Q9BQE5,S,250,0.206682839277722
19324,ENSG00000058091,CDK14,O94921,S,134,0.439519584375411
19325,ENSG00000183454,GRIN2A,Q12879,S,890,0.184151154834553
19327,ENSG00000198265,HELZ,P42694,S,1620,0.338112986099906
19331,ENSG00000162105,SHANK2,Q9UPX8,S,965,0.111062268095107
19332,ENSG00000066739,ATG2B,Q96BY7,S,840,0.0881059180341616
19334,ENSG00000141568,FOXK2,Q01167,S,424,0.604495010180409
19335,ENSG00000198589,LRBA,P50851,S,10,0.303937367149571
19338,ENSG00000135315,CEP162,Q5TB80,S,194,0.233500045903862
19340,ENSG00000109118,PHF12,Q96QT6,S,662,0.409430631011114
19341,ENSG00000100968,NFATC4,Q14934,S,281,0.467570446039984
19342,ENSG00000156504,FAM122B,Q7Z309,S,115,0.625098329197361
19343,ENSG00000100852,ARHGAP5,Q13017,S,981,0.136954061927525
19344,ENSG00000130731,METTL26,Q96S19,S,149,0.191313295380029
19348,ENSG00000186111,PIP5K1C,O60331,S,556,0.231240078304086
19349,ENSG00000157107,FCHO2,Q0JRZ9,S,536,0.238129943416729
19351,ENSG00000106443,PHF14,O94880,S,280,0.419956686483154
19354,ENSG00000120159,CAAP1,Q9H8G2,S,311,0.344684755799863
19355,ENSG00000122257,RBBP6,Q7Z6E9,T,1222,0.165872204129769
19359,ENSG00000154358,OBSCN,Q5VST9,S,4076,0.126150602033767
19363,ENSG00000048052,HDAC9,Q9UKV0,S,422,0.421614351133305
19364,ENSG00000169398,PTK2,Q05397,Y,397,0.98616718800071
19365,ENSG00000137076,TLN1,Q9Y490,Y,26,0.533038359624077
19368,ENSG00000127483,HP1BP3,Q5SSJ5,S,76,0.431445415179329
19369,ENSG00000076706,MCAM,P43121,S,627,0.343460792825857
19372,ENSG00000065054,SLC9A3R2,Q15599,S,261,0.396317772568574
19373,ENSG00000124813,RUNX2,Q13950,S,294,0.27491322559079
19375,ENSG00000213658,LAT,O43561,S,40,0.335737137624179
19380,ENSG00000182923,CEP63,Q96MT8,S,437,0.105745289523921
19381,ENSG00000168496,FEN1,P39748,S,363,0.183289301229393
19382,ENSG00000118473,SGIP1,Q9BQI5,S,149,0.407182444703011
19383,ENSG00000166173,LARP6,Q9BRS8,S,447,0.598899444110727
19384,ENSG00000104365,IKBKB,O14920,T,693,0.264466867611466
19385,ENSG00000197077,KIAA1671,Q9BY89,T,1163,0.228259007154107
19388,ENSG00000105974,CAV1,Q03135,Y,6,0.928441443949419
19389,ENSG00000151458,ANKRD50,Q9ULJ7,S,1167,0.51280088080075
19391,ENSG00000186918,ZNF395,Q9H8N7,T,257,0.319836796384285
19394,ENSG00000033800,PIAS1,O75925,S,510,0.473741965333541
19396,ENSG00000139926,FRMD6,Q96NE9,T,523,0.314625323654991
19397,ENSG00000127947,PTPN12,Q05209,S,588,0.481403996426726
19399,ENSG00000173641,HSPB7,Q9UBY9,S,60,0.18489625816591
19400,ENSG00000185591,SP1,O94782,S,42,0.435522086943176
19401,ENSG00000140836,ZFHX3,Q15911,S,3672,0.169169773334665
19403,ENSG00000135540,NHSL1,Q5SYE7,S,1599,0.228099650005766
19404,ENSG00000145016,RUBCN,Q92622,S,266,0.373519802052559
19405,ENSG00000003989,SLC7A2,P52569,S,455,0.493716745026364
19406,ENSG00000109111,SUPT6H,Q7KZ85,T,1523,0.519076149665289
19407,ENSG00000134313,KIDINS220,Q9ULH0,T,1528,0.232272213158377
19408,ENSG00000115677,HDLBP,Q00341,S,1236,0.0989318518938432
19411,ENSG00000116641,DOCK7,Q96N67,S,927,0.15995389320495
19413,ENSG00000099991,CABIN1,Q9Y6J0,S,1442,0.141780741303604
19415,ENSG00000162702,ZNF281,Q9Y2X9,S,800,0.234002606078293
19416,ENSG00000058063,ATP11B,Q9Y2G3,S,1154,0.508637270295146
19419,ENSG00000080200,CRYBG3,Q68DQ2,S,445,0.0580710310838661
19420,ENSG00000124496,TRERF1,Q96PN7,Y,708,0.465030592356224
19421,ENSG00000036448,MYOM2,P54296,S,76,0.258600496885124
19422,ENSG00000214309,MBLAC1,A4D2B0,S,252,0.199148096849869
19423,ENSG00000075151,EIF4G3,O43432,S,305,0.110922884182846
19424,ENSG00000155657,TTN,Q14247,S,282,0.428833141687534
19426,ENSG00000185291,IL3RA,P26951,S,348,0.133140416731854
19427,ENSG00000152128,TMEM163,Q8TC26,S,38,0.267497184079324
19428,ENSG00000172985,SH3RF3,Q8TEJ3,S,881,0.127409763308844
19432,ENSG00000167978,SRRM2,Q9UQ35,T,400,0.210500149497568
19433,ENSG00000171940,ZNF217,O75362,S,253,0.323208039022598
19439,ENSG00000119969,HELLS,Q9NRZ9,S,115,0.339506158826856
19441,ENSG00000141002,TCF25,Q9BQ70,S,143,0.309671669704533
19442,ENSG00000130413,STK33,Q9BYT3,S,441,0.415259834190593
19443,ENSG00000119906,SLF2,Q8IX21,S,109,0.215840692403179
19444,ENSG00000105325,FZR1,Q9UM11,S,137,0.373527599283857
19445,ENSG00000106948,AKNA,Q7Z591,S,537,0.0806454703859112
19446,ENSG00000110031,LPXN,O60711,S,188,0.364560020956205
19447,ENSG00000116954,RRAGC,Q9HB90,S,384,0.337263132611478
19450,ENSG00000114439,BBX,Q8WY36,T,918,0.271216884450721
19452,ENSG00000203485,INF2,Q27J81,S,1204,0.201477760761909
19455,ENSG00000235173,HGH1,Q9BTY7,T,388,0.328553179680645
19456,ENSG00000063245,EPN1,Q9Y6I3,T,494,0.438245922213284
19458,ENSG00000125826,RBCK1,Q9BYM8,S,272,0.298045371020507
19460,ENSG00000135870,RC3H1,Q5TC82,S,462,0.268672593892738
19461,ENSG00000131730,CKMT2,P17540,Y,255,0.360724759076856
19462,ENSG00000177303,CASKIN2,Q8WXE0,S,720,0.0793014817912181
19463,ENSG00000113758,DBN1,Q16643,S,272,0.386755269737203
19464,ENSG00000133858,ZFC3H1,O60293,S,998,0.12459430166031
19465,ENSG00000059378,PARP12,Q9H0J9,S,70,0.259407567594055
19469,ENSG00000144445,KANSL1L,A0AUZ9,S,714,0.220819288429076
19470,ENSG00000171862,PTEN,P60484,T,366,0.457979755375949
19471,ENSG00000056277,ZNF280C,Q8ND82,S,105,0.405084652928144
19476,ENSG00000243156,MICAL3,Q7RTP6,S,517,0.237915377466231
19477,ENSG00000146830,GIGYF1,O75420,S,831,0.114776598574456
19478,ENSG00000003987,MTMR7,Q9Y216,S,595,0.238920946759005
19481,ENSG00000116991,SIPA1L2,Q9P2F8,S,1538,0.0476170987561739
19482,ENSG00000160789,LMNA,P02545,S,326,0.160747659769939
19483,ENSG00000126453,BCL2L12,Q9HB09,T,117,0.508105412117928
19484,ENSG00000174485,DENND4A,Q7Z401,S,1609,0.0815812503457935
19486,ENSG00000031081,ARHGAP31,Q2M1Z3,S,974,0.0638560040114823
19488,ENSG00000100266,PACSIN2,Q9UNF0,S,399,0.452112023054158
19489,ENSG00000080493,SLC4A4,Q9Y6R1,S,76,0.0911874946520551
19491,ENSG00000065613,SLK,Q9H2G2,S,446,0.193122112620785
19494,ENSG00000104081,BMF,Q96LC9,S,79,0.236609008595982
19496,ENSG00000130749,ZC3H4,Q9UPT8,T,1106,0.217060266160174
19497,ENSG00000213672,NCKIPSD,Q9NZQ3,S,147,0.261899015351112
19498,ENSG00000079246,XRCC5,P13010,S,579,0.126696598638633
19500,ENSG00000070047,PHRF1,Q9P1Y6,S,1127,0.182297058735172
19501,ENSG00000049759,NEDD4L,Q96PU5,S,303,0.429960702994808
19502,ENSG00000172869,DMXL1,Q9Y485,S,324,0.405735584775668
19503,ENSG00000154556,SORBS2,O94875,S,1023,0.287463485206097
19504,ENSG00000023287,RB1CC1,Q8TDY2,S,229,0.205552475195241
19507,ENSG00000102119,EMD,P50402,S,176,0.246998844575337
19510,ENSG00000151748,SAV1,Q9H4B6,S,136,0.366927206589654
19511,ENSG00000144674,GOLGA4,Q13439,S,101,0.199449560730448
19512,ENSG00000172216,CEBPB,P17676,T,235,0.519480581753117
19515,ENSG00000147813,NAPRT,Q6XQN6,S,537,0.323590546120702
19517,ENSG00000162433,AK4,O96013,S,195,0.216160952155699
19520,ENSG00000175073,VCPIP1,Q96JH7,S,756,0.177697344712822
19522,ENSG00000158092,NCK1,P16333,S,313,0.273849935722415
19523,ENSG00000181804,SLC9A9,Q8IVB4,T,615,0.438005129918602
19524,ENSG00000165280,VCP,P55072,S,770,0.353557151152177
19525,ENSG00000144535,DIS3L2,Q8IYB7,S,175,0.221387140456719
19527,ENSG00000116871,MAP7D1,Q3KQU3,S,280,0.634026741867575
19529,ENSG00000168615,ADAM9,Q13443,Y,769,0.785124770300026
19531,ENSG00000171517,LPAR3,Q9UBY5,S,335,0.194198216230607
19532,ENSG00000204634,TBC1D8,O95759,S,1037,0.0730076568921799
19533,ENSG00000140280,LYSMD2,Q8IV50,S,33,0.510821048534936
19534,ENSG00000047849,MAP4,P27816,S,1145,0.288653209668901
19539,ENSG00000156709,AIFM1,O95831,S,268,0.589875024363947
19540,ENSG00000072195,SPEG,Q15772,S,2110,0.0632806874286945
19542,ENSG00000119906,SLF2,Q8IX21,S,653,0.295753731087308
19546,ENSG00000165912,PACSIN3,Q9UKS6,T,347,0.336039597138332
19550,ENSG00000196091,MYBPC1,Q00872,T,166,0.184615458095115
19551,ENSG00000140575,IQGAP1,P46940,S,1540,0.203052428278299
19557,ENSG00000196220,SRGAP3,O43295,S,954,0.243730601739297
19558,ENSG00000205356,TECPR1,Q7Z6L1,S,391,0.212298174791348
19559,ENSG00000143702,CEP170,Q5SW79,S,1162,0.334920070727117
19560,ENSG00000037474,NSUN2,Q08J23,T,477,0.215119535350662
19561,ENSG00000130413,STK33,Q9BYT3,S,470,0.288770684403059
19562,ENSG00000134186,PRPF38B,Q5VTL8,S,288,0.356611457882683
19563,ENSG00000007866,TEAD3,Q99594,S,164,0.187674777090688
19565,ENSG00000169047,IRS1,P35568,S,413,0.272894011724439
19568,ENSG00000115825,PRKD3,O94806,S,543,0.271574507816453
19569,ENSG00000146648,EGFR,P00533,T,1041,0.282967192558585
19571,ENSG00000181789,COPG1,Q9Y678,S,642,0.258258040867219
19572,ENSG00000071205,ARHGAP10,A1A4S6,S,376,0.142394944337417
19573,ENSG00000127947,PTPN12,Q05209,T,367,0.297272603111351
19574,ENSG00000165757,JCAD,Q9P266,S,1002,0.172240488051664
19575,ENSG00000147649,MTDH,Q86UE4,S,344,0.302304808210561
19576,ENSG00000165914,TTC7B,Q86TV6,S,681,0.38115789906365
19577,ENSG00000156253,RWDD2B,P57060,S,173,0.503774566801988
19578,ENSG00000123200,ZC3H13,Q5T200,S,370,0.286053206203333
19580,ENSG00000164916,FOXK1,P85037,Y,219,0.508457800905047
19581,ENSG00000278259,MYO19,Q96H55,S,498,0.164947000956048
19582,ENSG00000185624,P4HB,P07237,S,439,0.408440540770875
19583,ENSG00000107625,DDX50,Q9BQ39,S,45,0.336231193520465
19584,ENSG00000120549,KIAA1217,Q5T5P2,S,1033,0.10459809991591
19586,ENSG00000148468,FAM171A1,Q5VUB5,S,565,0.45179855942261
19588,ENSG00000064607,SUGP2,Q8IX01,S,773,0.147519332505421
19592,ENSG00000114439,BBX,Q8WY36,S,481,0.441198501437121
19593,ENSG00000124942,AHNAK,Q09666,S,660,0.172504054891043
19594,ENSG00000106443,PHF14,O94880,S,165,0.112676161847332
19595,ENSG00000152527,PLEKHH2,Q8IVE3,S,1458,0.122666862105638
19596,ENSG00000130779,CLIP1,P30622,S,1364,0.177187643534499
19597,ENSG00000177303,CASKIN2,Q8WXE0,S,842,0.304119976866873
19602,ENSG00000108262,GIT1,Q9Y2X7,S,570,0.242703603247302
19603,ENSG00000198113,TOR4A,Q9NXH8,T,89,0.489609961441924
19607,ENSG00000106772,PRUNE2,Q8WUY3,S,754,0.110557441626304
19608,ENSG00000164081,TEX264,Q9Y6I9,S,259,0.110953623898626
19609,ENSG00000134444,KIAA1468,Q9P260,S,180,0.419819194216661
19614,ENSG00000054654,SYNE2,Q8WXH0,S,6389,0.297914884831062
19615,ENSG00000101311,FERMT1,Q9BQL6,S,170,0.415101886148785
19616,ENSG00000101343,CRNKL1,Q9BZJ0,S,769,0.129834186735783
19617,ENSG00000144909,OSBPL11,Q9BXB4,S,184,0.48423338740154
19618,ENSG00000162849,KIF26B,Q2KJY2,T,1126,0.27898692408011
19620,ENSG00000133030,MPRIP,Q6WCQ1,T,982,0.0757312842072685
19621,ENSG00000124181,PLCG1,P19174,S,1227,0.209479629905356
19623,ENSG00000213551,DNAJC9,Q8WXX5,S,88,0.187912444949717
19628,ENSG00000121931,LRIF1,Q5T3J3,S,402,0.508834851833181
19629,ENSG00000099992,TBC1D10A,Q9BXI6,S,25,0.190804751656207
19631,ENSG00000155792,DEPTOR,Q8TB45,S,282,0.443098231908658
19633,ENSG00000164877,MICALL2,Q8IY33,S,247,0.174885644048466
19635,ENSG00000077454,LRCH4,O75427,S,520,0.316165180907158
19639,ENSG00000037637,FBXO42,Q6P3S6,S,587,0.211178551242264
19641,ENSG00000146112,PPP1R18,Q6NYC8,Y,230,0.512612857920882
19645,ENSG00000146147,MLIP,Q5VWP3,T,301,0.431208377178369
19646,ENSG00000174672,BRSK2,Q8IWQ3,S,513,0.652150339532018
19647,ENSG00000116731,PRDM2,Q13029,S,781,0.244278441604292
19648,ENSG00000179023,KLHDC7A,Q5VTJ3,S,365,0.237233278356132
19651,ENSG00000100227,POLDIP3,Q9BY77,S,383,0.426202143383899
19652,ENSG00000108406,DHX40,Q8IX18,S,197,0.348702639379531
19653,ENSG00000100077,GRK3,P35626,S,685,0.332874380315078
19654,ENSG00000163694,RBM47,A0AV96,T,519,0.501914533146005
19655,ENSG00000136643,RPS6KC1,Q96S38,S,282,0.575615736230869
19657,ENSG00000106665,CLIP2,Q9UDT6,S,163,0.0890860214873521
19658,ENSG00000109458,GAB1,Q13480,T,278,0.14025686400035
19662,ENSG00000152270,PDE3B,Q13370,S,299,0.307165928321077
19664,ENSG00000176619,LMNB2,Q03252,S,419,0.526697914073449
19665,ENSG00000132780,NASP,P49321,S,229,0.123801296901241
19666,ENSG00000116539,ASH1L,Q9NR48,S,1713,0.190641791620571
19667,ENSG00000099204,ABLIM1,O14639,S,465,0.242988073537881
19673,ENSG00000141905,NFIC,P08651,S,286,0.376061545814793
19674,ENSG00000115977,AAK1,Q2M2I8,T,673,0.222665172332652
19676,ENSG00000152291,TGOLN2,O43493,T,302,0.124173116824484
19679,ENSG00000031823,RANBP3,Q9H6Z4,S,328,0.264348528430074
19680,ENSG00000146063,TRIM41,Q8WV44,S,401,0.210174765550175
19681,ENSG00000167258,CDK12,Q9NYV4,S,383,0.45339740938762
19683,ENSG00000153827,TRIP12,Q14669,S,1575,0.185291999235182
19686,ENSG00000206562,METTL6,Q8TCB7,S,274,0.375442114746435
19688,ENSG00000170242,USP47,Q96K76,S,876,0.254785422795513
19690,ENSG00000133812,SBF2,Q86WG5,S,1129,0.0680136022556853
19691,ENSG00000128591,FLNC,Q14315,S,762,0.0715185816914406
19699,ENSG00000088970,KIZ,Q2M2Z5,S,623,0.457139291688865
19705,ENSG00000106683,LIMK1,P53667,T,229,0.281969658645527
19706,ENSG00000143772,ITPKB,P27987,S,447,0.180479127485672
19708,ENSG00000198945,L3MBTL3,Q96JM7,S,623,0.152134201479428
19709,ENSG00000121297,TSHZ3,Q63HK5,T,310,0.213261487407565
19710,ENSG00000146648,EGFR,P00533,S,1045,0.245682137038035
19712,ENSG00000136237,RAPGEF5,Q92565,S,212,0.436646736249136
19714,ENSG00000130772,MED18,Q9BUE0,S,66,0.213471401757998
19717,ENSG00000174485,DENND4A,Q7Z401,S,1015,0.387602258872121
19719,ENSG00000080493,SLC4A4,Q9Y6R1,S,61,0.404125647648576
19722,ENSG00000048405,ZNF800,Q2TB10,S,457,0.443935911079146
19724,ENSG00000113368,LMNB1,P20700,S,408,0.394290132815341
19728,ENSG00000100354,TNRC6B,Q9UPQ9,T,1511,0.177575735181912
19729,ENSG00000152969,JAKMIP1,Q96N16,S,382,0.539774142282771
19730,ENSG00000099940,SNAP29,O95721,S,78,0.306070508999718
19735,ENSG00000125637,PSD4,Q8NDX1,S,490,0.201300056977877
19740,ENSG00000123200,ZC3H13,Q5T200,S,1282,0.193870732080684
19743,ENSG00000080986,NDC80,O14777,S,69,0.73724822700805
19744,ENSG00000108582,CPD,O75976,S,1358,0.252642052314028
19747,ENSG00000197077,KIAA1671,Q9BY89,S,1062,0.123628810073391
19748,ENSG00000163155,LYSMD1,Q96S90,S,23,0.578486286801454
19749,ENSG00000086015,MAST2,Q6P0Q8,S,1504,0.266262485296285
19750,ENSG00000167978,SRRM2,Q9UQ35,S,2171,0.100610216878802
19751,ENSG00000109814,UGDH,O60701,S,349,0.169408908968893
19752,ENSG00000055208,TAB2,Q9NYJ8,S,372,0.264965095246848
19755,ENSG00000160145,KALRN,O60229,S,1713,0.0710469880378817
19758,ENSG00000110723,EXPH5,Q8NEV8,S,706,0.186443257774842
19759,ENSG00000134352,IL6ST,P40189,S,824,0.113376382008801
19760,ENSG00000143870,PDIA6,Q15084,S,230,0.10179236048271
19765,ENSG00000143702,CEP170,Q5SW79,T,914,0.21641743427435
19766,ENSG00000153250,RBMS1,P29558,S,38,0.760320637398969
19771,ENSG00000119596,YLPM1,P49750,T,326,0.216179275582019
19772,ENSG00000197879,MYO1C,O00159,S,916,0.213538121501043
19773,ENSG00000077454,LRCH4,O75427,S,457,0.355484068710209
19784,ENSG00000143569,UBAP2L,Q14157,S,454,0.675562173430654
19786,ENSG00000120733,KDM3B,Q7LBC6,T,751,0.167818609890519
19789,ENSG00000126945,HNRNPH2,P55795,S,63,0.49014223953708
19790,ENSG00000132549,VPS13B,Q7Z7G8,S,1798,0.191263713002153
19792,ENSG00000039560,RAI14,Q9P0K7,S,286,0.277675763380001
19799,ENSG00000121966,CXCR4,P61073,S,321,0.510661146220546
19802,ENSG00000135837,CEP350,Q5VT06,S,2341,0.15062488350738
19803,ENSG00000077238,IL4R,P24394,S,470,0.37517175408855
19805,ENSG00000138138,ATAD1,Q8NBU5,S,319,0.179761302853334
19807,ENSG00000177463,NR2C2,P49116,S,328,0.355250428340928
19809,ENSG00000135597,REPS1,Q96D71,S,392,0.433756755771973
19811,ENSG00000118515,SGK1,O00141,S,401,0.526826662418322
19812,ENSG00000130413,STK33,Q9BYT3,S,469,0.256697889934034
19814,ENSG00000047849,MAP4,P27816,S,580,0.252939346052705
19818,ENSG00000127481,UBR4,Q5T4S7,S,2897,0.10116632251421
19820,ENSG00000120549,KIAA1217,Q5T5P2,S,1292,0.0382269618700954
19821,ENSG00000066084,DIP2B,Q9P265,S,53,0.355498566908101
19822,ENSG00000120549,KIAA1217,Q5T5P2,S,1259,0.190089889996015
19823,ENSG00000172869,DMXL1,Q9Y485,T,440,0.0982306561675782
19824,ENSG00000086015,MAST2,Q6P0Q8,S,1503,0.243844630704121
19828,ENSG00000140564,FURIN,P09958,S,773,0.352874813222984
19829,ENSG00000152503,TRIM36,Q9NQ86,S,80,0.31863019775701
19830,ENSG00000119917,IFIT3,O14879,S,237,0.364834873726182
19832,ENSG00000225663,MCRIP1,C9JLW8,S,26,0.327414869271566
19833,ENSG00000148468,FAM171A1,Q5VUB5,S,824,0.238005629659029
19835,ENSG00000172000,ZNF556,Q9HAH1,S,217,0.388522659759336
19836,ENSG00000055483,USP36,Q9P275,T,581,0.122015510714321
19839,ENSG00000104731,KLHDC4,Q8TBB5,S,424,0.415330281718072
19841,ENSG00000189306,RRP7A,Q9Y3A4,S,99,0.494817949015184
19843,ENSG00000196531,NACA,E9PAV3,S,855,0.172272205392461
19844,ENSG00000138594,TMOD3,Q9NYL9,S,155,0.129060297015514
19846,ENSG00000126822,PLEKHG3,A1L390,S,783,0.218642165854787
19847,ENSG00000007168,PAFAH1B1,P43034,S,109,0.332877939820418
19848,ENSG00000160360,GPSM1,Q86YR5,S,486,0.191996514136257
19849,ENSG00000108557,RAI1,Q7Z5J4,S,1247,0.252233397479251
19851,ENSG00000164924,YWHAZ,P63104,S,230,0.206488422045197
19852,ENSG00000198198,SZT2,Q5T011,S,1819,0.2537348724625
19853,ENSG00000034677,RNF19A,Q9NV58,S,634,0.166252296380362
19857,ENSG00000165271,NOL6,Q9H6R4,S,811,0.357982680319854
19858,ENSG00000070882,OSBPL3,Q9H4L5,S,303,0.30058250124423
19863,ENSG00000147799,ARHGAP39,Q9C0H5,S,299,0.350453636474989
19864,ENSG00000177096,FAM109B,Q6ICB4,S,180,0.369024466360705
19867,ENSG00000167978,SRRM2,Q9UQ35,S,1214,0.211872955838246
19868,ENSG00000114541,FRMD4B,Q9Y2L6,T,666,0.559499531183477
19869,ENSG00000146826,C7orf43,Q8WVR3,S,546,0.450015588309506
19870,ENSG00000100154,TTC28,Q96AY4,S,2227,0.198375385256855
19871,ENSG00000132359,RAP1GAP2,Q684P5,S,600,0.455294542705322
19872,ENSG00000080845,DLGAP4,Q9Y2H0,S,415,0.183278977325022
19876,ENSG00000095951,HIVEP1,P15822,S,2297,0.326148447480714
19878,ENSG00000143569,UBAP2L,Q14157,T,294,0.0714446110243651
19879,ENSG00000101199,ARFGAP1,Q8N6T3,S,360,0.557654352115807
19880,ENSG00000196405,EVL,Q9UI08,S,242,0.360882180986625
19883,ENSG00000151012,SLC7A11,Q9UPY5,S,26,0.513616833696917
19884,ENSG00000168899,VAMP5,O95183,S,41,0.475455869563731
19885,ENSG00000198883,PNMA5,Q96PV4,S,133,0.139973064778403
19886,ENSG00000083168,KAT6A,Q92794,S,1090,0.256256259349524
19888,ENSG00000077157,PPP1R12B,O60237,T,808,0.213709587602851
19889,ENSG00000164970,FAM219A,Q8IW50,S,115,0.46487605885848
19892,ENSG00000196083,IL1RAP,Q9NPH3,S,566,0.349755193997427
19893,ENSG00000166387,PPFIBP2,Q8ND30,T,365,0.0959392715824614
19894,ENSG00000178188,SH2B1,Q9NRF2,S,96,0.593502166165338
19896,ENSG00000072041,SLC6A15,Q9H2J7,S,687,0.505589948324988
19898,ENSG00000090615,GOLGA3,Q08378,S,467,0.0756637849203304
19899,ENSG00000100354,TNRC6B,Q9UPQ9,T,1449,0.0406217480951404
19900,ENSG00000052795,FNIP2,Q9P278,S,208,0.208863229596873
19901,ENSG00000089737,DDX24,Q9GZR7,S,94,0.479398048678598
19903,ENSG00000144283,PKP4,Q99569,Y,494,0.351387757339957
19904,ENSG00000141027,NCOR1,O75376,T,996,0.0831388497447267
19905,ENSG00000137171,KLC4,Q9NSK0,Y,593,0.456957611777739
19906,ENSG00000198589,LRBA,P50851,S,1000,0.0437575423756582
19907,ENSG00000139697,SBNO1,A3KN83,S,811,0.135119738264079
19908,ENSG00000100154,TTC28,Q96AY4,S,2104,0.263086168980965
19909,ENSG00000019144,PHLDB1,Q86UU1,S,535,0.169346106297902
19910,ENSG00000203485,INF2,Q27J81,T,420,0.185639600758274
19911,ENSG00000075391,RASAL2,Q9UJF2,S,838,0.159901911728038
19912,ENSG00000154845,PPP4R1,Q8TF05,S,338,0.144514231212934
19914,ENSG00000109062,SLC9A3R1,O14745,S,302,0.595677133513847
19915,ENSG00000091436,MAP3K20,Q9NYL2,S,668,0.31967414954097
19916,ENSG00000169071,ROR2,Q01974,S,576,0.266601241907147
19918,ENSG00000125347,IRF1,P10914,S,282,0.399513513249995
19919,ENSG00000100522,GNPNAT1,Q96EK6,S,27,0.44841478254283
19920,ENSG00000104093,DMXL2,Q8TDJ6,S,944,0.298716152007288
19921,ENSG00000183248,PRR36,Q9H6K5,S,32,0.229014070889317
19922,ENSG00000146834,MEPCE,Q7L2J0,T,291,0.471888047632593
19923,ENSG00000153207,AHCTF1,Q8WYP5,S,2181,0.115984064836805
19926,ENSG00000080845,DLGAP4,Q9Y2H0,S,384,0.407139452632491
19928,ENSG00000101004,NINL,Q9Y2I6,S,191,0.306492030092836
19929,ENSG00000213965,NUDT19,A8MXV4,T,31,0.237334980980895
19930,ENSG00000198815,FOXJ3,Q9UPW0,S,199,0.23466942709858
19932,ENSG00000019144,PHLDB1,Q86UU1,T,697,0.288132343195527
19934,ENSG00000123200,ZC3H13,Q5T200,S,1278,0.110958796560743
19936,ENSG00000269858,EGLN2,Q96KS0,S,130,0.433514388798298
19937,ENSG00000136068,FLNB,O75369,S,658,0.151766595255179
19938,ENSG00000166833,NAV2,Q8IVL1,S,1538,0.304954823262967
19940,ENSG00000149256,TENM4,Q6N022,S,221,0.0533351929213074
19942,ENSG00000071967,CYBRD1,Q53TN4,Y,252,0.358903913906007
19943,ENSG00000070882,OSBPL3,Q9H4L5,S,262,0.236574288432804
19944,ENSG00000033327,GAB2,Q9UQC2,S,148,0.312653075630141
19946,ENSG00000106009,BRAT1,Q6PJG6,S,582,0.39847588782819
19948,ENSG00000122557,HERPUD2,Q9BSE4,S,94,0.431512628043377
19949,ENSG00000105287,PRKD2,Q9BZL6,S,710,0.847433748082374
19950,ENSG00000188677,PARVB,Q9HBI1,S,39,0.236563449167861
19952,ENSG00000049759,NEDD4L,Q96PU5,T,383,0.209517281258131
19953,ENSG00000112531,QKI,Q96PU8,T,245,0.234517693346267
19954,ENSG00000160741,CRTC2,Q53ET0,S,171,0.636976023809944
19955,ENSG00000175727,MLXIP,Q9HAP2,S,39,0.280796627644646
19956,ENSG00000140563,MCTP2,Q6DN12,S,145,0.197444619715261
19962,ENSG00000140262,TCF12,Q99081,S,198,0.427393786227369
19966,ENSG00000168010,ATG16L2,Q8NAA4,S,234,0.331939945786559
19967,ENSG00000143322,ABL2,P42684,S,866,0.243817787626177
19968,ENSG00000067369,TP53BP1,Q12888,S,372,0.0108075047233662
19971,ENSG00000167461,RAB8A,P61006,S,181,0.510585754051642
19974,ENSG00000066084,DIP2B,Q9P265,S,153,0.212363174368118
19975,ENSG00000169398,PTK2,Q05397,S,722,0.451513031922242
19977,ENSG00000167978,SRRM2,Q9UQ35,S,398,0.34510049610699
19981,ENSG00000129595,EPB41L4A,Q9HCS5,S,618,0.124677823784322
19984,ENSG00000154358,OBSCN,Q5VST9,S,6817,0.218922810983802
19986,ENSG00000217128,FNIP1,Q8TF40,S,296,0.281835177399731
19988,ENSG00000129422,MTUS1,Q9ULD2,S,958,0.266392382818184
19993,ENSG00000198380,GFPT1,Q06210,S,103,0.159729342887773
19995,ENSG00000125816,NKX2-4,Q9H2Z4,S,271,0.643840277029225
19997,ENSG00000182747,SLC35D3,Q5M8T2,S,415,0.239838887829241
19998,ENSG00000153814,JAZF1,Q86VZ6,T,109,0.57482137317801
20000,ENSG00000186918,ZNF395,Q9H8N7,S,449,0.619097819956647
20001,ENSG00000130479,MAP1S,Q66K74,S,595,0.201843031126137
20002,ENSG00000214022,REPIN1,Q9BWE0,S,339,0.132420219215577
20003,ENSG00000225968,ELFN1,P0C7U0,S,461,0.140040564439234
20004,ENSG00000109618,SEPSECS,Q9HD40,S,501,0.259066837997065
20005,ENSG00000198301,SDAD1,Q9NVU7,S,236,0.394258744856289
20008,ENSG00000102908,NFAT5,O94916,S,134,0.173047045490132
20012,ENSG00000046604,DSG2,Q14126,S,1118,0.326267474816407
20015,ENSG00000243156,MICAL3,Q7RTP6,S,977,0.284294187321075
20016,ENSG00000118508,RAB32,Q13637,S,134,0.188197495167082
20017,ENSG00000110697,PITPNM1,O00562,S,316,0.135382600118936
20019,ENSG00000105281,SLC1A5,Q15758,T,494,0.421547702845028
20020,ENSG00000079805,DNM2,P50570,S,764,0.742030497823703
20021,ENSG00000076826,CAMSAP3,Q9P1Y5,S,207,0.112545212571084
20022,ENSG00000109756,RAPGEF2,Q9Y4G8,S,1116,0.441776539455378
20026,ENSG00000071553,ATP6AP1,Q15904,S,465,0.127024131813455
20029,ENSG00000173898,SPTBN2,O15020,S,2162,0.0375227101315642
20030,ENSG00000151883,PARP8,Q8N3A8,S,291,0.740391494793602
20035,ENSG00000138688,KIAA1109,Q2LD37,S,4894,0.297161499044566
20036,ENSG00000166148,AVPR1A,P37288,S,380,0.199179795750031
20039,ENSG00000104859,CLASRP,Q8N2M8,T,98,0.108692924458591
20042,ENSG00000067369,TP53BP1,Q12888,S,124,0.213699549786242
20044,ENSG00000067369,TP53BP1,Q12888,S,724,0.157747503342708
20045,ENSG00000104447,TRPS1,Q9UHF7,S,603,0.288809676835537
20047,ENSG00000087589,CASS4,Q9NQ75,Y,195,0.517499257910446
20048,ENSG00000137076,TLN1,Q9Y490,T,418,0.294657705361875
20049,ENSG00000114331,ACAP2,Q15057,S,584,0.320723816780872
20051,ENSG00000035499,DEPDC1B,Q8WUY9,S,448,0.55265477410074
20052,ENSG00000038219,BOD1L1,Q8NFC6,S,2753,0.170830162710144
20054,ENSG00000136141,LRCH1,Q9Y2L9,S,390,0.105146094435476
20055,ENSG00000123908,AGO2,Q9UKV8,S,824,0.323800365056903
20057,ENSG00000079246,XRCC5,P13010,S,255,0.360693018903188
20058,ENSG00000070814,TCOF1,Q13428,S,1098,0.0400697395580895
20059,ENSG00000127084,FGD3,Q5JSP0,S,446,0.280355281120436
20060,ENSG00000116117,PARD3B,Q8TEW8,S,364,0.392115586170964
20061,ENSG00000105732,ZNF574,Q6ZN55,S,298,0.27620717886124
20062,ENSG00000019485,PRDM11,Q9NQV5,S,426,0.20985838792474
20063,ENSG00000143569,UBAP2L,Q14157,S,470,0.237680236652375
20064,ENSG00000185950,IRS2,Q9Y4H2,S,1109,0.296416931354862
20066,ENSG00000124782,RREB1,Q92766,T,229,0.0450426696455748
20067,ENSG00000168575,SLC20A2,Q08357,Y,423,0.467920675431643
20070,ENSG00000125386,FAM193A,P78312,T,1128,0.219346385306794
20071,ENSG00000111961,SASH1,O94885,S,507,0.464508962747513
20073,ENSG00000115020,PIKFYVE,Q9Y2I7,S,20,0.34355324171111
20074,ENSG00000090060,PAPOLA,P51003,S,526,0.141180948553104
20076,ENSG00000130202,NECTIN2,Q92692,T,459,0.378505687313115
20077,ENSG00000168386,FILIP1L,Q4L180,T,1008,0.0820695731275124
20079,ENSG00000140694,PARN,O95453,S,628,0.450990512901057
20080,ENSG00000146872,TLK2,Q86UE8,S,182,0.462017524652183
20082,ENSG00000085733,CTTN,Q14247,Y,334,0.510545102979482
20083,ENSG00000172167,MTBP,Q96DY7,S,597,0.385219482836973
20084,ENSG00000185950,IRS2,Q9Y4H2,T,599,0.173852902559831
20089,ENSG00000055070,SZRD1,Q7Z422,S,124,0.529348945260527
20090,ENSG00000178927,C17orf62,Q9BQA9,S,178,0.329191363403412
20092,ENSG00000072364,AFF4,Q9UHB7,S,310,0.208606590677822
20093,ENSG00000120798,NR2C1,P13056,T,220,0.410740123362618
20096,ENSG00000076826,CAMSAP3,Q9P1Y5,S,380,0.333616363059689
20098,ENSG00000166963,MAP1A,P78559,S,2449,0.333214066502567
20099,ENSG00000115183,TANC1,Q9C0D5,S,1665,0.202598619246202
20101,ENSG00000115355,CCDC88A,Q3V6T2,S,1427,0.106707153814742
20102,ENSG00000153214,TMEM87B,Q96K49,T,524,0.118285674431252
20103,ENSG00000140262,TCF12,Q99081,S,47,0.313360134939355
20104,ENSG00000177200,CHD9,Q3L8U1,S,1468,0.410890616584234
20105,ENSG00000198369,SPRED2,Q7Z698,S,168,0.519310022542261
20106,ENSG00000131725,WDR44,Q5JSH3,T,880,0.294868202543715
20108,ENSG00000044446,PHKA2,P46019,S,969,0.267571135353023
20110,ENSG00000048828,FAM120A,Q9NZB2,S,513,0.398504037298449
20115,ENSG00000171316,CHD7,Q9P2D1,S,559,0.194576386562443
20116,ENSG00000125944,HNRNPR,O43390,S,23,0.285800387058239
20117,ENSG00000132275,RRP8,O43159,S,171,0.461671567228642
20118,ENSG00000153071,DAB2,P98082,T,229,0.164306620253433
20119,ENSG00000058091,CDK14,O94921,S,78,0.610412540499617
20120,ENSG00000142208,AKT1,P31749,T,479,0.373261551374045
20124,ENSG00000141027,NCOR1,O75376,S,1758,0.380157940471348
20125,ENSG00000108946,PRKAR1A,P10644,S,77,0.547818001492054
20126,ENSG00000085511,MAP3K4,Q9Y6R4,S,431,0.352643376840912
20127,ENSG00000198231,DDX42,Q86XP3,Y,183,0.557250436622387
20128,ENSG00000197822,OCLN,Q16625,S,344,0.356163707770475
20129,ENSG00000154310,TNIK,Q9UKE5,S,954,0.23035202115108
20130,ENSG00000099849,RASSF7,Q02833,T,146,0.240649413219717
20131,ENSG00000143416,SELENBP1,Q13228,S,243,0.149022693852032
20133,ENSG00000135999,EPC2,Q52LR7,Y,115,0.442036348753282
20134,ENSG00000079739,PGM1,P36871,S,509,0.424077531716184
20138,ENSG00000065243,PKN2,Q16513,T,116,0.104632467612127
20139,ENSG00000167978,SRRM2,Q9UQ35,T,384,0.269086560790332
20142,ENSG00000165671,NSD1,Q96L73,S,948,0.213316003666457
20146,ENSG00000213066,FGFR1OP,O95684,S,160,0.626711254157223
20148,ENSG00000067369,TP53BP1,Q12888,S,1474,0.115699437829916
20149,ENSG00000114857,NKTR,P30414,S,518,0.314834944727948
20150,ENSG00000134480,CCNH,P51946,S,322,0.355166104257696
20152,ENSG00000120688,WBP4,O75554,S,220,0.399391506414047
20156,ENSG00000143569,UBAP2L,Q14157,S,605,0.230226901238617
20157,ENSG00000144868,TMEM108,Q6UXF1,S,543,0.286554472162146
20162,ENSG00000140320,BAHD1,Q8TBE0,S,105,0.111483317954849
20163,ENSG00000137727,ARHGAP20,Q9P2F6,S,846,0.227460692294969
20165,ENSG00000134352,IL6ST,P40189,S,825,0.176222127403109
20168,ENSG00000015133,CCDC88C,Q9P219,T,1533,0.324760284926909
20169,ENSG00000054118,THRAP3,Q9Y2W1,T,941,0.284366154799287
20170,ENSG00000004975,DVL2,O14641,S,717,0.171900050587331
20171,ENSG00000167522,ANKRD11,Q6UB99,S,860,0.189907172135889
20175,ENSG00000123485,HJURP,Q8NCD3,S,201,0.427174111533443
20178,ENSG00000061987,MON2,Q7Z3U7,S,1177,0.322830412325894
20180,ENSG00000141027,NCOR1,O75376,S,821,0.0747229936916147
20181,ENSG00000095139,ARCN1,P48444,T,196,0.112169157254715
20182,ENSG00000131725,WDR44,Q5JSH3,S,563,0.48379329419422
20184,ENSG00000064787,BCAS1,O75363,T,353,0.123986480743217
20186,ENSG00000176428,VPS37D,Q86XT2,S,15,0.262975103517041
20189,ENSG00000141503,MINK1,Q8N4C8,S,916,0.281379970342826
20193,ENSG00000120802,TMPO,P42166,T,307,0.255530947434568
20194,ENSG00000136280,CCM2,Q9BSQ5,S,245,0.178730163378972
20195,ENSG00000116809,ZBTB17,Q13105,S,792,0.203932079312673
20197,ENSG00000168309,FAM107A,O95990,S,139,0.12579191188833
20198,ENSG00000165912,PACSIN3,Q9UKS6,S,181,0.507147058604129
20203,ENSG00000099899,TRMT2A,Q8IZ69,S,602,0.513810794006097
20204,ENSG00000082397,EPB41L3,Q9Y2J2,S,873,0.0695364767249361
20206,ENSG00000132688,NES,P48681,S,465,0.0626457831674206
20208,ENSG00000166317,SYNPO2L,Q9H987,S,400,0.392760879436033
20210,ENSG00000156299,TIAM1,Q13009,S,1466,0.300005083372456
20213,ENSG00000104853,CLPTM1,O96005,T,624,0.199141958551
20217,ENSG00000147050,KDM6A,O15550,T,827,0.454043144595701
20218,ENSG00000118515,SGK1,O00141,S,74,0.465047247481064
20219,ENSG00000166689,PLEKHA7,Q6IQ23,S,430,0.407293491638221
20224,ENSG00000141084,RANBP10,Q6VN20,S,367,0.325970469249932
20225,ENSG00000196924,FLNA,P21333,S,468,0.268907925392444
20234,ENSG00000103319,EEF2K,O00418,S,366,0.465962170939712
20236,ENSG00000144824,PHLDB2,Q86SQ0,S,965,0.08904792538302
20237,ENSG00000004534,RBM6,P78332,S,746,0.284960067312108
20239,ENSG00000171345,KRT19,P08727,S,55,0.324009653351407
20243,ENSG00000170011,MYRIP,Q8NFW9,S,298,0.137374657129979
20245,ENSG00000139116,KIF21A,Q7Z4S6,S,1304,0.214383095507354
20246,ENSG00000134909,ARHGAP32,A7KAX9,S,1234,0.216240335223279
20249,ENSG00000254087,LYN,P07948,Y,473,0.589432023394262
20250,ENSG00000161682,FAM171A2,A8MVW0,T,791,0.326587349846596
20252,ENSG00000111581,NUP107,P57740,S,734,0.18891026470517
20254,ENSG00000109171,SLAIN2,Q9P270,Y,336,0.325189944473646
20256,ENSG00000276045,ORAI1,Q96D31,S,13,0.219918695676191
20260,ENSG00000179918,SEPHS2,Q99611,T,111,0.319165684263346
20262,ENSG00000146038,DCDC2,Q9UHG0,S,300,0.336141318394425
20263,ENSG00000067225,PKM,P14618,Y,105,0.519995858305162
20264,ENSG00000067369,TP53BP1,Q12888,T,302,0.318199469684946
20267,ENSG00000130584,ZBTB46,Q86UZ6,S,326,0.163397664165173
20271,ENSG00000137460,FHDC1,Q9C0D6,S,1123,0.190032175886967
20272,ENSG00000004660,CAMKK1,Q8N5S9,S,74,0.624474809630284
20282,ENSG00000134352,IL6ST,P40189,T,783,0.38057449903974
20284,ENSG00000114302,PRKAR2A,P13861,S,396,0.136405207397241
20285,ENSG00000175793,SFN,P31947,S,248,0.193233597901685
20286,ENSG00000132613,MTSS1L,Q765P7,S,673,0.233918534273425
20287,ENSG00000090924,PLEKHG2,Q9H7P9,S,51,0.109539271645771
20288,ENSG00000219607,PPP1R3G,B7ZBB8,S,60,0.21203734771002
20291,ENSG00000170854,RIOX2,Q8IUF8,S,47,0.325104678986217
20293,ENSG00000136928,GABBR2,O75899,S,776,0.130113719166075
20294,ENSG00000138459,SLC35A5,Q9BS91,S,401,0.208742727328393
20295,ENSG00000197321,SVIL,O95425,T,677,0.230779335075525
20297,ENSG00000267534,S1PR2,O95136,S,343,0.405794666967309
20298,ENSG00000165895,ARHGAP42,A6NI28,S,714,0.194347250250326
20299,ENSG00000015133,CCDC88C,Q9P219,S,1683,0.1316548789747
20305,ENSG00000260220,CCDC187,A0A096LP49,S,779,0.0956811065119771
20306,ENSG00000198825,INPP5F,Q9Y2H2,S,907,0.421820022793889
20307,ENSG00000070882,OSBPL3,Q9H4L5,S,197,0.212233510000692
20313,ENSG00000136636,KCTD3,Q9Y597,S,653,0.469781294680425
20314,ENSG00000131016,AKAP12,Q02952,S,803,0.182503567183593
20315,ENSG00000131711,MAP1B,P46821,Y,1170,0.369417632128677
20316,ENSG00000198752,CDC42BPB,Q9Y5S2,T,1678,0.275190195466882
20318,ENSG00000157510,AFAP1L1,Q8TED9,S,153,0.149639779318909
20319,ENSG00000134265,NAPG,Q99747,S,284,0.415482388444537
20322,ENSG00000065883,CDK13,Q14004,S,385,0.411464940616952
20325,ENSG00000139154,AEBP2,Q6ZN18,S,210,0.392523243543772
20328,ENSG00000198315,ZKSCAN8,Q15776,S,197,0.483713028366885
20329,ENSG00000175073,VCPIP1,Q96JH7,S,997,0.343342613708591
20330,ENSG00000145675,PIK3R1,P27986,Y,467,0.875513888287242
20331,ENSG00000099331,MYO9B,Q13459,S,26,0.0407044342831551
20333,ENSG00000163362,INAVA,Q3KP66,S,616,0.262729744788089
20335,ENSG00000107738,VSIR,Q9H7M9,S,272,0.691892359151684
20337,ENSG00000103111,MON1B,Q7L1V2,S,61,0.506032304353387
20340,ENSG00000115648,MLPH,Q9BV36,S,266,0.349512300769364
20341,ENSG00000087077,TRIP6,Q15654,S,189,0.447395550680949
20342,ENSG00000076662,ICAM3,P32942,Y,527,0.543980140678761
20343,ENSG00000130479,MAP1S,Q66K74,S,741,0.444527082076488
20344,ENSG00000163950,SLBP,Q14493,T,62,0.471343798236796
20345,ENSG00000163104,SMARCAD1,Q9H4L7,S,146,0.335011801334466
20346,ENSG00000029363,BCLAF1,Q9NYF8,S,502,0.267535438499458
20348,ENSG00000099834,CDHR5,Q9HBB8,S,754,0.276568256058662
20349,ENSG00000102699,PARP4,Q9UKK3,S,1489,0.109607903465297
20350,ENSG00000108523,RNF167,Q9H6Y7,S,314,0.18519680867767
20351,ENSG00000131023,LATS1,O95835,T,261,0.285458199696152
20352,ENSG00000198142,SOWAHC,Q53LP3,S,229,0.295736910888333
20354,ENSG00000004478,FKBP4,Q02790,S,15,0.252665785507507
20356,ENSG00000101199,ARFGAP1,Q8N6T3,S,160,0.280639380404342
20358,ENSG00000131435,PDLIM4,P50479,S,132,0.195980498362249
20359,ENSG00000136848,DAB2IP,Q5VWQ8,T,935,0.427890020024406
20362,ENSG00000115486,GGCX,P38435,S,7,0.326649417229389
20363,ENSG00000114770,ABCC5,O15440,S,504,0.090686859276422
20366,ENSG00000166012,TAF1D,Q9H5J8,S,204,0.275052151264337
20367,ENSG00000124795,DEK,P35659,S,72,0.359476902187678
20368,ENSG00000156709,AIFM1,O95831,T,526,0.279791205426823
20373,ENSG00000047644,WWC3,Q9ULE0,S,479,0.183889413589534
20374,ENSG00000008952,SEC62,Q99442,S,356,0.561943641918674
20376,ENSG00000004487,KDM1A,O60341,T,841,0.449641811315493
20377,ENSG00000130723,PRRC2B,Q5JSZ5,S,779,0.148533641441873
20378,ENSG00000122218,COPA,P53621,Y,249,0.371932222608694
20379,ENSG00000198265,HELZ,P42694,S,1247,0.2818215676677
20384,ENSG00000143776,CDC42BPA,Q5VT25,S,1669,0.200755512250362
20386,ENSG00000163092,XIRP2,A4UGR9,S,3042,0.179446547874545
20388,ENSG00000197386,HTT,P42858,S,432,0.537041396713807
20389,ENSG00000137460,FHDC1,Q9C0D6,S,650,0.200505720266575
20390,ENSG00000106617,PRKAG2,Q9UGJ0,S,219,0.300765265142351
20391,ENSG00000086758,HUWE1,Q7Z6Z7,S,1736,0.177834276140573
20392,ENSG00000170027,YWHAG,P61981,S,155,0.331527532346214
20394,ENSG00000146950,SHROOM2,Q13796,T,1296,0.0990961459700405
20397,ENSG00000182795,C1orf116,Q9BW04,S,35,0.408915235132314
20398,ENSG00000110713,NUP98,P52948,T,1000,0.298681915268772
20399,ENSG00000173757,STAT5B,P51692,S,193,0.248884345212289
20400,ENSG00000167106,FAM102A,Q5T9C2,T,191,0.344725384088822
20401,ENSG00000099260,PALMD,Q9NP74,S,321,0.235134667246913
20405,ENSG00000159314,ARHGAP27,Q6ZUM4,S,249,0.167270569502826
20406,ENSG00000196814,MVB12B,Q9H7P6,T,205,0.486573282163695
20407,ENSG00000152689,RASGRP3,Q8IV61,S,597,0.140113063653038
20411,ENSG00000183421,RIPK4,P57078,S,438,0.273495063132871
20413,ENSG00000272031,ANKRD34A,Q69YU3,S,461,0.317671713094356
20421,ENSG00000130723,PRRC2B,Q5JSZ5,S,907,0.352861815003833
20423,ENSG00000102760,RGCC,Q9H4X1,S,69,0.305653252062996
20428,ENSG00000125970,RALY,Q9UKM9,Y,109,0.365980072499228
20430,ENSG00000136504,KAT7,O95251,S,53,0.621032285315349
20431,ENSG00000144283,PKP4,Q99569,S,1091,0.245814708040836
20432,ENSG00000122783,C7orf49,Q9BWK5,S,123,0.380986630869211
20435,ENSG00000077150,NFKB2,Q00653,S,161,0.352366188671573
20436,ENSG00000178473,UCN3,Q969E3,S,69,0.269910042117855
20438,ENSG00000142279,WTIP,A6NIX2,S,422,0.303898417928318
20439,ENSG00000154447,SH3RF1,Q7Z6J0,S,800,0.175032134228371
20441,ENSG00000143995,MEIS1,O00470,S,194,0.244630600082208
20447,ENSG00000109971,HSPA8,P11142,S,541,0.464191970045532
20448,ENSG00000111961,SASH1,O94885,S,1028,0.375470538302845
20450,ENSG00000058453,CROCC,Q5TZA2,S,1486,0.135884850561437
20453,ENSG00000172869,DMXL1,Q9Y485,S,1901,0.176275956658777
20454,ENSG00000204713,TRIM27,P14373,S,512,0.216776845671511
20455,ENSG00000143416,SELENBP1,Q13228,T,284,0.0972306850657231
20456,ENSG00000108395,TRIM37,O94972,S,797,0.198475920754035
20457,ENSG00000067369,TP53BP1,Q12888,S,1480,0.176872654283294
20458,ENSG00000168818,STX18,Q9P2W9,S,189,0.499277926591283
20464,ENSG00000189410,SH2D5,Q6ZV89,S,197,0.215432269226525
20468,ENSG00000196367,TRRAP,Q9Y4A5,S,3791,0.0974260647722076
20473,ENSG00000116560,SFPQ,P23246,S,268,0.125618345352497
20475,ENSG00000214212,C19orf38,A8MVS5,S,215,0.137514453267622
20476,ENSG00000143702,CEP170,Q5SW79,S,636,0.332740257118708
20478,ENSG00000198929,NOS1AP,O75052,T,212,0.165153844502421
20479,ENSG00000129315,CCNT1,O60563,S,564,0.25736022220426
20481,ENSG00000116747,TROVE2,P10155,Y,23,0.360037131894962
20482,ENSG00000141376,BCAS3,Q9H6U6,S,900,0.324671209629922
20483,ENSG00000150753,CCT5,P48643,S,346,0.200800569066805
20484,ENSG00000125447,GGA3,Q9NZ52,S,372,0.44347544761734
20485,ENSG00000131711,MAP1B,P46821,T,939,0.19027987862259
20486,ENSG00000122741,DCAF10,Q5QP82,T,348,0.517497331358866
20487,ENSG00000140497,SCAMP2,O15127,S,311,0.151478352808795
20488,ENSG00000137478,FCHSD2,O94868,S,532,0.141645575621885
20489,ENSG00000163328,GPR155,Q7Z3F1,S,837,0.190179553474431
20490,ENSG00000151458,ANKRD50,Q9ULJ7,S,1163,0.366732346590763
20493,ENSG00000133226,SRRM1,Q8IYB3,S,748,0.500566323179121
20496,ENSG00000173744,AGFG1,P52594,S,179,0.444512350185183
20498,ENSG00000141568,FOXK2,Q01167,S,199,0.608184690058862
20499,ENSG00000078369,GNB1,P62873,S,31,0.194868007283245
20501,ENSG00000115306,SPTBN1,Q01082,T,2159,0.224438550613468
20502,ENSG00000096384,HSP90AB1,P08238,S,452,0.942223478523031
20504,ENSG00000106617,PRKAG2,Q9UGJ0,S,113,0.371401430834618
20505,ENSG00000112118,MCM3,O60318,T,529,0.162448008696478
20506,ENSG00000147471,PLPBP,O94903,S,6,0.209639088340861
20507,ENSG00000198919,DZIP3,Q86Y13,S,707,0.232950953324388
20508,ENSG00000166317,SYNPO2L,Q9H987,S,180,0.177830078119786
20510,ENSG00000054654,SYNE2,Q8WXH0,Y,4111,0.55081933342869
20511,ENSG00000077549,CAPZB,P47756,S,184,0.366592111932617
20512,ENSG00000275342,PRAG1,Q86YV5,S,800,0.0836288212651522
20513,ENSG00000127124,HIVEP3,Q5T1R4,S,2009,0.105067478510176
20515,ENSG00000136111,TBC1D4,O60343,T,642,0.718352569819153
20516,ENSG00000115993,TRAK2,O60296,S,461,0.101163227264952
20520,ENSG00000184481,FOXO4,P98177,T,455,0.428730917867044
20521,ENSG00000100425,BRD1,O95696,S,498,0.435188394260567
20522,ENSG00000063176,SPHK2,Q9NRA0,S,107,0.38940242709231
20524,ENSG00000089048,ESF1,Q9H501,S,298,0.308276748333989
20528,ENSG00000204305,AGER,Q15109,S,400,0.301437222469295
20529,ENSG00000103657,HERC1,Q15751,S,2747,0.359040027106386
20530,ENSG00000108349,CASC3,O15234,S,154,0.243218277494177
20533,ENSG00000187866,FAM122A,Q96E09,S,45,0.396712369542422
20534,ENSG00000005700,IBTK,Q9P2D0,S,1018,0.269554338689877
20535,ENSG00000198933,TBKBP1,A7MCY6,S,534,0.216949090750362
20536,ENSG00000159086,PAXBP1,Q9Y5B6,S,154,0.303364839725084
20537,ENSG00000166963,MAP1A,P78559,T,1036,0.198514260206061
20538,ENSG00000163092,XIRP2,A4UGR9,S,2318,0.0799320079433081
20541,ENSG00000167680,SEMA6B,Q9H3T3,S,794,0.43123711018178
20542,ENSG00000070814,TCOF1,Q13428,S,769,0.374770985117189
20545,ENSG00000149115,TNKS1BP1,Q9C0C2,S,1602,0.187250044089086
20546,ENSG00000133858,ZFC3H1,O60293,S,948,0.244392530471157
20553,ENSG00000113391,FAM172A,Q8WUF8,S,216,0.322170430420398
20554,ENSG00000256463,SALL3,Q9BXA9,S,633,0.177940955610065
20555,ENSG00000159140,SON,P18583,S,1509,0.0884825681457228
20558,ENSG00000115977,AAK1,Q2M2I8,S,20,0.286748672259383
20559,ENSG00000074054,CLASP1,Q7Z460,S,1101,0.152959131733306
20560,ENSG00000171467,ZNF318,Q5VUA4,S,2050,0.134456051672981
20561,ENSG00000217128,FNIP1,Q8TF40,S,594,0.212090741708346
20564,ENSG00000014164,ZC3H3,Q8IXZ2,S,416,0.283735257666665
20565,ENSG00000178209,PLEC,Q15149,T,3152,0.0994691771006128
20569,ENSG00000004864,SLC25A13,Q9UJS0,S,472,0.0923291506021382
20574,ENSG00000123200,ZC3H13,Q5T200,S,380,0.268141726530925
20577,ENSG00000169564,PCBP1,Q15365,T,180,0.36937183528899
20578,ENSG00000134769,DTNA,Q9Y4J8,S,608,0.14262540681166
20579,ENSG00000169994,MYO7B,Q6PIF6,S,934,0.127830926549785
20583,ENSG00000187535,IFT140,Q96RY7,S,1443,0.196961606032823
20586,ENSG00000123636,BAZ2B,Q9UIF8,S,2019,0.152006876401131
20588,ENSG00000051825,MPHOSPH9,Q99550,S,874,0.320294208531469
20589,ENSG00000196557,CACNA1H,O95180,S,758,0.207140340457987
20590,ENSG00000107882,SUFU,Q9UMX1,S,349,0.556690945629302
20591,ENSG00000116641,DOCK7,Q96N67,S,864,0.375180695525177
20592,ENSG00000089639,GMIP,Q9P107,S,885,0.268902303682828
20595,ENSG00000135521,LTV1,Q96GA3,Y,357,0.380688414754184
20598,ENSG00000163558,PRKCI,P41743,T,564,0.691191081048928
20600,ENSG00000141854,MISP3,Q96FF7,S,174,0.182502016216274
20604,ENSG00000184922,FMNL1,O95466,S,685,0.364284327505368
20605,ENSG00000120658,ENOX1,Q8TC92,S,254,0.343375698297643
20606,ENSG00000064042,LIMCH1,Q9UPQ0,S,680,0.0744669387340736
20607,ENSG00000197694,SPTAN1,Q13813,S,1231,0.235622971076808
20609,ENSG00000099308,MAST3,O60307,S,710,0.279696261108486
20612,ENSG00000111676,ATN1,P54259,S,103,0.578206773879039
20613,ENSG00000167522,ANKRD11,Q6UB99,S,1983,0.440749196370477
20614,ENSG00000151150,ANK3,Q12955,S,896,0.170998462732053
20615,ENSG00000127481,UBR4,Q5T4S7,S,2722,0.244313884953704
20616,ENSG00000072364,AFF4,Q9UHB7,S,679,0.246497830232002
20619,ENSG00000164048,ZNF589,Q86UQ0,S,190,0.211550194498171
20620,ENSG00000124795,DEK,P35659,S,227,0.393286978735326
20621,ENSG00000163939,PBRM1,Q86U86,Y,351,0.339890880475624
20622,ENSG00000131711,MAP1B,P46821,S,2218,0.162511461939353
20628,ENSG00000165494,PCF11,O94913,S,851,0.266977408766185
20629,ENSG00000096401,CDC5L,Q99459,T,396,0.709562321861906
20632,ENSG00000032219,ARID4A,P29374,S,932,0.149006335882872
20633,ENSG00000108518,PFN1,P07737,T,39,0.262912465066059
20634,ENSG00000182866,LCK,P06239,S,59,0.707443310163457
20635,ENSG00000130749,ZC3H4,Q9UPT8,Y,169,0.320507943645451
20637,ENSG00000198771,RCSD1,Q6JBY9,S,123,0.34503758391789
20638,ENSG00000105639,JAK3,P52333,S,20,0.306017069291691
20640,ENSG00000138180,CEP55,Q53EZ4,T,430,0.55392993189088
20641,ENSG00000105072,C19orf44,Q9H6X5,S,114,0.226471850412204
20642,ENSG00000168071,CCDC88B,A6NC98,S,1475,0.29720088815481
20643,ENSG00000100154,TTC28,Q96AY4,S,28,0.291454213736971
20644,ENSG00000159140,SON,P18583,S,1773,0.119431773891035
20646,ENSG00000112851,ERBIN,Q96RT1,S,932,0.286318865790629
20648,ENSG00000100802,C14orf93,Q9H972,S,119,0.193367933427959
20649,ENSG00000104885,DOT1L,Q8TEK3,S,448,0.243570786363892
20651,ENSG00000163932,PRKCD,Q05655,Y,374,0.563076148345032
20652,ENSG00000105373,NOP53,Q9NZM5,S,29,0.398672991099705
20654,ENSG00000152270,PDE3B,Q13370,S,495,0.437073315656122
20656,ENSG00000184357,HIST1H1B,P16401,S,189,0.711770323705847
20659,ENSG00000056586,RC3H2,Q9HBD1,T,805,0.407307263039979
20662,ENSG00000151208,DLG5,Q8TDM6,S,1254,0.409908556689924
20664,ENSG00000089351,GRAMD1A,Q96CP6,S,285,0.176924626741527
20665,ENSG00000157741,UBN2,Q6ZU65,T,252,0.362096690676919
20666,ENSG00000032219,ARID4A,P29374,S,1108,0.290421647665839
20669,ENSG00000125753,VASP,P50552,S,323,0.376220367902005
20670,ENSG00000177879,AP3S1,Q92572,S,183,0.347395826020523
20672,ENSG00000167257,RNF214,Q8ND24,S,501,0.450324858637297
20673,ENSG00000197879,MYO1C,O00159,S,343,0.14586285420864
20675,ENSG00000182718,ANXA2,A6NMY6,S,112,0.100428117232612
20677,ENSG00000169564,PCBP1,Q15365,Y,183,0.446978521963744
20682,ENSG00000085224,ATRX,P46100,S,54,0.165962332361926
20683,ENSG00000170037,CNTROB,Q8N137,S,790,0.410014723153819
20684,ENSG00000113916,BCL6,P41182,S,366,0.279087941193801
20686,ENSG00000103540,CCP110,O43303,S,366,0.481947673108124
20688,ENSG00000166012,TAF1D,Q9H5J8,S,40,0.335860840551393
20689,ENSG00000153827,TRIP12,Q14669,S,991,0.413203924710853
20692,ENSG00000152518,ZFP36L2,P47974,S,57,0.711955855113051
20695,ENSG00000100207,TCF20,Q9UGU0,S,966,0.323289850938659
20697,ENSG00000089639,GMIP,Q9P107,S,459,0.297651856973597
20698,ENSG00000156860,FBRS,Q9HAH7,S,447,0.196801905148633
20699,ENSG00000106635,BCL7B,Q9BQE9,S,148,0.165117798626361
20700,ENSG00000127124,HIVEP3,Q5T1R4,S,805,0.119483657614528
20701,ENSG00000088247,KHSRP,Q92945,S,99,0.31854340699715
20705,ENSG00000124496,TRERF1,Q96PN7,S,540,0.304721233221842
20707,ENSG00000164638,SLC29A4,Q7RTT9,S,306,0.225367365018936
20713,ENSG00000186918,ZNF395,Q9H8N7,S,468,0.57940475375653
20714,ENSG00000158158,CNNM4,Q6P4Q7,S,664,0.664161382105827
20716,ENSG00000101040,ZMYND8,Q9ULU4,S,472,0.22296072730746
20720,ENSG00000130175,PRKCSH,P14314,S,168,0.265459124029057
20724,ENSG00000069535,MAOB,P27338,S,465,0.327152589415312
20725,ENSG00000129625,REEP5,Q00765,T,189,0.433664351175385
20727,ENSG00000147649,MTDH,Q86UE4,S,529,0.310518347762921
20729,ENSG00000174485,DENND4A,Q7Z401,S,1511,0.267370816848236
20731,ENSG00000085563,ABCB1,P08183,S,654,0.0760698357147691
20734,ENSG00000143776,CDC42BPA,Q5VT25,S,1724,0.203752401556933
20735,ENSG00000141577,CEP131,Q9UPN4,S,731,0.343364382027532
20737,ENSG00000069956,MAPK6,Q16659,S,688,0.482613898223301
20738,ENSG00000145592,RPL37,P61927,S,96,0.392603838344861
20740,ENSG00000075856,SART3,Q15020,S,795,0.297582434804881
20741,ENSG00000163558,PRKCI,P41743,S,226,0.27401386855157
20742,ENSG00000148158,SNX30,Q5VWJ9,T,61,0.531443088768238
20743,ENSG00000163399,ATP1A1,P05023,S,207,0.147750507155295
20745,ENSG00000099942,CRKL,P46109,S,220,0.352898034195713
20747,ENSG00000171320,ESCO2,Q56NI9,S,29,0.310160437979583
20749,ENSG00000176788,BASP1,P80723,T,162,0.352137568827469
20750,ENSG00000100154,TTC28,Q96AY4,S,2293,0.279414025954959
20752,ENSG00000106078,COBL,O75128,S,47,0.207176253421931
20753,ENSG00000074054,CLASP1,Q7Z460,S,1232,0.0658218981113105
20754,ENSG00000105619,TFPT,P0C1Z6,T,172,0.388217964470118
20755,ENSG00000204469,PRRC2A,P48634,S,1120,0.217311304629512
20757,ENSG00000079308,TNS1,Q9HBL0,S,1309,0.16197119441269
20759,ENSG00000067369,TP53BP1,Q12888,S,512,0.168218486420003
20762,ENSG00000139722,VPS37B,Q9H9H4,S,99,0.454357501889203
20763,ENSG00000137364,TPMT,P51580,S,14,0.454385940970616
20764,ENSG00000145241,CENPC,Q03188,S,110,0.235545366275307
20766,ENSG00000111057,KRT18,P05783,Y,94,0.416025163293145
20768,ENSG00000164985,PSIP1,O75475,S,177,0.583377578786681
20769,ENSG00000275066,SYNRG,Q9UMZ2,S,852,0.294517099087769
20773,ENSG00000167861,HID1,Q8IV36,S,670,0.510515413679866
20775,ENSG00000163527,STT3B,Q8TCJ2,S,499,0.417983642237734
20778,ENSG00000152661,GJA1,P17302,S,372,0.808431556007942
20779,ENSG00000118508,RAB32,Q13637,S,152,0.508275463584224
20781,ENSG00000136715,SAP130,Q9H0E3,S,300,0.25161528239437
20783,ENSG00000103067,ESRP2,Q9H6T0,S,269,0.218764356181795
20785,ENSG00000182173,TSEN54,Q7Z6J9,S,267,0.346662055579852
20787,ENSG00000138386,NAB1,Q13506,S,103,0.276308068730767
20789,ENSG00000100503,NIN,Q8N4C6,S,1193,0.111206477835759
20791,ENSG00000100592,DAAM1,Q9Y4D1,S,1030,0.127823377467525
20794,ENSG00000100207,TCF20,Q9UGU0,S,558,0.221627398554185
20795,ENSG00000163104,SMARCAD1,Q9H4L7,S,211,0.397739670826871
20796,ENSG00000100596,SPTLC2,O15270,S,33,0.143435600990151
20798,ENSG00000167978,SRRM2,Q9UQ35,S,1258,0.170782188376187
20800,ENSG00000100266,PACSIN2,Q9UNF0,S,336,0.121887368039911
20801,ENSG00000101096,NFATC2,Q13469,S,330,0.497256731915931
20802,ENSG00000100065,CARD10,Q9BWT7,S,571,0.0974995653982006
20806,ENSG00000146005,PSD2,Q9BQI7,S,748,0.324278824532848
20815,ENSG00000090924,PLEKHG2,Q9H7P9,S,911,0.170400070852091
20816,ENSG00000184675,AMER1,Q5JTC6,S,749,0.155531715690253
20818,ENSG00000145833,DDX46,Q7L014,Y,294,0.358333656147613
20819,ENSG00000106443,PHF14,O94880,S,37,0.411768679076364
20821,ENSG00000115524,SF3B1,O75533,T,379,0.475041076480818
20822,ENSG00000134532,SOX5,P35711,S,408,0.576538860241985
20825,ENSG00000108256,NUFIP2,Q7Z417,S,655,0.269333565715816
20826,ENSG00000180357,ZNF609,O15014,S,379,0.426042203713296
20828,ENSG00000177380,PPFIA3,O75145,S,645,0.133063946144134
20831,ENSG00000170471,RALGAPB,Q86X10,S,1300,0.107190177783447
20834,ENSG00000029363,BCLAF1,Q9NYF8,S,578,0.383104235833488
20839,ENSG00000141750,STAC2,Q6ZMT1,S,18,0.28995338313217
20840,ENSG00000089639,GMIP,Q9P107,S,480,0.327253368066053
20841,ENSG00000126391,FRMD8,Q9BZ67,S,23,0.384546435774243
20842,ENSG00000151929,BAG3,O95817,S,268,0.27818882010574
20846,ENSG00000166484,MAPK7,Q13164,S,720,0.402098937825268
20847,ENSG00000146072,TNFRSF21,O75509,S,565,0.638210052776127
20848,ENSG00000057019,DCBLD2,Q96PD2,S,606,0.460506924542241
20849,ENSG00000204120,GIGYF2,Q6Y7W6,S,275,0.424878024489224
20850,ENSG00000170921,TANC2,Q9HCD6,S,1442,0.251691632362804
20852,ENSG00000176994,SMCR8,Q8TEV9,S,516,0.223103382550594
20855,ENSG00000166451,CENPN,Q96H22,S,226,0.359025810587816
20860,ENSG00000079739,PGM1,P36871,T,115,0.651988341607053
20861,ENSG00000075651,PLD1,Q13393,S,508,0.234525531218609
20862,ENSG00000166963,MAP1A,P78559,S,2252,0.281294797163357
20863,ENSG00000179222,MAGED1,Q9Y5V3,T,316,0.216665068900527
20864,ENSG00000164080,RAD54L2,Q9Y4B4,S,1172,0.509400948749553
20865,ENSG00000165105,RASEF,Q8IZ41,S,393,0.272505069385976
20868,ENSG00000225968,ELFN1,P0C7U0,S,623,0.270783867928644
20869,ENSG00000119185,ITGB1BP1,O14713,S,25,0.393164830525721
20872,ENSG00000130294,KIF1A,Q12756,S,1368,0.268310230476213
20873,ENSG00000182866,LCK,P06239,Y,505,0.846897437493803
20875,ENSG00000197136,PCNX3,Q9H6A9,S,443,0.393415032631204
20876,ENSG00000169682,SPNS1,Q9H2V7,S,518,0.213862817501468
20881,ENSG00000121621,KIF18A,Q8NI77,S,695,0.24779060472885
20883,ENSG00000065613,SLK,Q9H2G2,S,341,0.353271649081789
20884,ENSG00000170921,TANC2,Q9HCD6,S,21,0.0769591855759764
20886,ENSG00000272886,DCP1A,Q9NPI6,S,353,0.431085084846869
20888,ENSG00000033327,GAB2,Q9UQC2,S,480,0.545087291133106
20894,ENSG00000143776,CDC42BPA,Q5VT25,S,364,0.214084415698342
20895,ENSG00000163848,ZNF148,Q9UQR1,S,306,0.499275468425008
20897,ENSG00000126945,HNRNPH2,P55795,S,282,0.112121733871481
20898,ENSG00000239306,RBM14,Q96PK6,S,627,0.733909394824461
20900,ENSG00000130254,SAFB2,Q14151,S,832,0.408533968633474
20902,ENSG00000175602,CCDC85B,Q15834,S,199,0.457166959737789
20905,ENSG00000166783,MARF1,Q9Y4F3,T,688,0.214456512367776
20908,ENSG00000182253,SYNM,O15061,S,1153,0.109435500268279
20910,ENSG00000065000,AP3D1,O14617,S,688,0.460493176970929
20911,ENSG00000133250,ZNF414,Q96IQ9,S,29,0.208665392244809
20912,ENSG00000136205,TNS3,Q68CZ2,S,439,0.0559292290592633
20913,ENSG00000196924,FLNA,P21333,T,2179,0.0939183741786755
20916,ENSG00000118046,STK11,Q15831,T,32,0.290736051925888
20919,ENSG00000160007,ARHGAP35,Q9NRY4,T,771,0.271039496904866
20920,ENSG00000217128,FNIP1,Q8TF40,S,96,0.167481716720896
20922,ENSG00000197111,PCBP2,Q15366,S,364,0.302480100662319
20923,ENSG00000147459,DOCK5,Q9H7D0,S,1803,0.211969538963047
20924,ENSG00000137714,FDX1,P10109,S,159,0.198252458052287
20925,ENSG00000133083,DCLK1,O15075,T,34,0.305722851693164
20929,ENSG00000131899,LLGL1,Q15334,S,1040,0.203417189373218
20932,ENSG00000077279,DCX,O43602,S,354,0.124813342390747
20933,ENSG00000038358,EDC4,Q6P2E9,T,807,0.232495166637254
20934,ENSG00000128881,TTBK2,Q6IQ55,S,817,0.0982951699944943
20935,ENSG00000148337,CIZ1,Q9ULV3,S,198,0.138046307770925
20936,ENSG00000140464,PML,P29590,S,8,0.232799094280305
20937,ENSG00000104853,CLPTM1,O96005,T,622,0.432000759445251
20940,ENSG00000143569,UBAP2L,Q14157,S,462,0.159743710371699
20943,ENSG00000111077,TNS2,Q63HR2,T,929,0.239306758364992
20945,ENSG00000144476,ACKR3,P25106,S,350,0.509903399011641
20947,ENSG00000168502,MTCL1,Q9Y4B5,S,778,0.253187720116997
20948,ENSG00000168329,CX3CR1,P49238,S,336,0.27844048709172
20951,ENSG00000128591,FLNC,Q14315,S,1449,0.0854021639888974
20952,ENSG00000139651,ZNF740,Q8NDX6,S,152,0.478142859299927
20953,ENSG00000148291,SURF2,Q15527,S,163,0.158124238235981
20954,ENSG00000124831,LRRFIP1,Q32MZ4,S,115,0.46544252325371
20955,ENSG00000010295,IFFO1,Q0D2I5,S,379,0.254002778286085
20956,ENSG00000114423,CBLB,Q13191,T,479,0.229819492838731
20957,ENSG00000054118,THRAP3,Q9Y2W1,S,468,0.276630420731867
20958,ENSG00000135960,EDAR,Q9UNE0,S,274,0.199375048774675
20959,ENSG00000040199,PHLPP2,Q6ZVD8,S,1119,0.331629945325067
20960,ENSG00000165914,TTC7B,Q86TV6,S,623,0.133843472112398
20961,ENSG00000250423,KIAA1210,Q9ULL0,S,1522,0.122183133702827
20962,ENSG00000152767,FARP1,Q9Y4F1,S,1038,0.0828384945344105
20963,ENSG00000137497,NUMA1,Q14980,S,1868,0.221916583523491
20964,ENSG00000108469,RECQL5,O94762,S,774,0.168798347625417
20966,ENSG00000151929,BAG3,O95817,S,377,0.444791970157418
20967,ENSG00000170759,KIF5B,P33176,S,819,0.324961424633728
20968,ENSG00000092108,SCFD1,Q8WVM8,S,303,0.77125381276706
20969,ENSG00000169379,ARL13B,Q3SXY8,S,148,0.131949529276224
20971,ENSG00000164741,DLC1,Q96QB1,S,946,0.249254416093333
20974,ENSG00000160877,NACC1,Q96RE7,S,141,0.439778854970796
20976,ENSG00000079691,CARMIL1,Q5VZK9,T,912,0.0545882253284653
20977,ENSG00000143256,PFDN2,Q9UHV9,S,11,0.0881607529827459
20978,ENSG00000204256,BRD2,P25440,T,47,0.249903002427789
20979,ENSG00000160299,PCNT,O95613,S,455,0.0802625761063496
20982,ENSG00000148719,DNAJB12,Q9NXW2,S,178,0.62698979563509
20983,ENSG00000186862,PDZD7,Q9H5P4,S,436,0.341139355760013
20984,ENSG00000115760,BIRC6,Q9NR09,S,620,0.24942092915489
20985,ENSG00000161011,SQSTM1,Q13501,S,249,0.233492987611945
20986,ENSG00000123200,ZC3H13,Q5T200,S,1406,0.15908322227714
20988,ENSG00000182253,SYNM,O15061,T,1094,0.189714296582969
20990,ENSG00000067369,TP53BP1,Q12888,S,310,0.183517252277737
20991,ENSG00000148773,MKI67,P46013,T,2352,0.263230531008558
20992,ENSG00000139737,SLAIN1,Q8ND83,S,243,0.479976738341539
20994,ENSG00000039560,RAI14,Q9P0K7,S,479,0.232411597889007
20996,ENSG00000170035,UBE2E3,Q969T4,S,8,0.556243562547961
20998,ENSG00000188554,NBR1,Q14596,S,590,0.397640428473906
20999,ENSG00000141524,TMC6,Q7Z403,S,113,0.165267254878328
21001,ENSG00000198909,MAP3K3,Q99759,S,340,0.39983151694304
21002,ENSG00000173230,GOLGB1,Q14789,S,6,0.267175797335925
21006,ENSG00000175084,DES,P17661,S,46,0.147244437368093
21007,ENSG00000130669,PAK4,O96013,S,167,0.195681127567803
21008,ENSG00000100099,HPS4,Q9NQG7,S,272,0.27745086950049
21009,ENSG00000123064,DDX54,Q8TDD1,T,74,0.312451506175524
21010,ENSG00000004975,DVL2,O14641,S,143,0.266694554539697
21015,ENSG00000108840,HDAC5,Q9UQL6,S,53,0.282983203981393
21017,ENSG00000148334,PTGES2,Q9H7Z7,S,95,0.342580327789825
21018,ENSG00000142864,SERBP1,Q8NC51,S,63,0.39332200700047
21019,ENSG00000198910,L1CAM,P32004,S,1178,0.333619821365672
21022,ENSG00000173230,GOLGB1,Q14789,S,543,0.0714841374671639
21025,ENSG00000214517,PPME1,Q9Y570,S,15,0.536183232713692
21027,ENSG00000185989,RASA3,Q14644,S,830,0.305101922875081
21029,ENSG00000143924,EML4,Q9HC35,S,200,0.319243689375178
21030,ENSG00000146433,TMEM181,Q9P2C4,S,588,0.196891859984282
21032,ENSG00000131378,RFTN1,Q14699,S,521,0.193405204798612
21033,ENSG00000106803,SEC61B,P60468,S,7,0.647446129071324
21034,ENSG00000198363,ASPH,Q12797,S,22,0.348366063564307
21035,ENSG00000263001,GTF2I,P78347,S,515,0.374467606482292
21037,ENSG00000136933,RABEPK,Q7Z6M1,S,316,0.285781214499561
21038,ENSG00000121966,CXCR4,P61073,S,324,0.562365351328308
21039,ENSG00000169862,CTNND2,Q9UQB3,S,532,0.31277020428663
21041,ENSG00000187837,HIST1H1C,P16403,S,2,0.495823209103721
21042,ENSG00000166925,TSC22D4,Q9Y3Q8,S,260,0.453931197512719
21049,ENSG00000085274,MYNN,Q9NPC7,S,289,0.403030899347575
21052,ENSG00000131370,SH3BP5,O60239,S,375,0.354893393907143
21057,ENSG00000106665,CLIP2,Q9UDT6,S,209,0.327653094370468
21058,ENSG00000170871,KIAA0232,Q92628,S,1117,0.261694924299257
21063,ENSG00000166508,MCM7,P33993,S,678,0.536112563054424
21064,ENSG00000159314,ARHGAP27,Q6ZUM4,S,456,0.319062883241135
21065,ENSG00000179604,CDC42EP4,Q9H3Q1,S,309,0.184808130605222
21069,ENSG00000104824,HNRNPL,P14866,S,291,0.279544752886933
21071,ENSG00000148498,PARD3,Q8TEW0,S,973,0.336258282936961
21072,ENSG00000217128,FNIP1,Q8TF40,S,946,0.291431867777328
21073,ENSG00000139218,SCAF11,Q99590,S,850,0.334878432474014
21074,ENSG00000110237,ARHGEF17,Q96PE2,S,332,0.131519017707576
21078,ENSG00000054118,THRAP3,Q9Y2W1,S,533,0.141247272913878
21080,ENSG00000111642,CHD4,Q14839,S,85,0.228781889902619
21082,ENSG00000137962,ARHGAP29,Q52LW3,S,937,0.134109279184452
21083,ENSG00000149823,VPS51,Q9UID3,S,667,0.211187412226939
21085,ENSG00000177733,HNRNPA0,Q13151,S,19,0.308404870555645
21086,ENSG00000126016,AMOT,Q4VCS5,T,1061,0.200637483709739
21087,ENSG00000114805,PLCH1,Q4KWH8,S,1131,0.190765201053347
21088,ENSG00000182196,ARL6IP4,Q66PJ3,T,343,0.139349294442899
21090,ENSG00000099991,CABIN1,Q9Y6J0,T,1474,0.0933677771806704
21091,ENSG00000196632,WNK3,Q9BYP7,S,1585,0.3328969292802
21092,ENSG00000101096,NFATC2,Q13469,S,56,0.121890427171842
21094,ENSG00000108604,SMARCD2,Q92925,T,221,0.424709028927722
21095,ENSG00000204843,DCTN1,Q14203,S,351,0.143914873667508
21097,ENSG00000130396,AFDN,P55196,S,564,0.173793609462685
21098,ENSG00000272886,DCP1A,Q9NPI6,S,525,0.490890274091806
21099,ENSG00000176853,FAM91A1,Q658Y4,S,332,0.294027608500638
21100,ENSG00000067369,TP53BP1,Q12888,S,1460,0.303831438192079
21105,ENSG00000100345,MYH9,P35579,S,1580,0.289758386982568
21107,ENSG00000068097,HEATR6,Q6AI08,S,499,0.135399952330529
21108,ENSG00000009950,MLXIPL,Q9NP71,S,614,0.27305163144027
21111,ENSG00000163931,TKT,P29401,T,287,0.477427085178504
21112,ENSG00000108387,SEPT4,O43236,T,434,0.117164834685389
21115,ENSG00000135597,REPS1,Q96D71,S,556,0.424584567882398
21116,ENSG00000204590,GNL1,P36915,S,324,0.372381553981791
21118,ENSG00000128283,CDC42EP1,Q00587,S,27,0.580181409083541
21121,ENSG00000100842,EFS,O43281,S,323,0.438361092970733
21123,ENSG00000140299,BNIP2,Q12982,T,116,0.335986286502519
21124,ENSG00000125618,PAX8,Q06710,S,212,0.374360177752919
21127,ENSG00000164985,PSIP1,O75475,S,482,0.129761874137008
21129,ENSG00000148516,ZEB1,P37275,S,31,0.368444059713426
21131,ENSG00000168488,ATXN2L,Q8WWM7,S,630,0.314220414287193
21132,ENSG00000149115,TNKS1BP1,Q9C0C2,S,753,0.142743279870434
21133,ENSG00000126705,AHDC1,Q5TGY3,S,846,0.292311225929537
21134,ENSG00000099812,MISP,Q8IVT2,S,586,0.26497355053384
21136,ENSG00000105971,CAV2,P51636,Y,19,0.75544205276737
21137,ENSG00000115020,PIKFYVE,Q9Y2I7,S,318,0.295347283666062
21139,ENSG00000115421,PAPOLG,Q9BWT3,S,525,0.5543318701552
21142,ENSG00000137936,BCAR3,O75815,S,83,0.411271343894895
21143,ENSG00000156970,BUB1B,O60566,S,574,0.137956830475421
21145,ENSG00000171533,MAP6,Q96JE9,S,811,0.100956158997125
21149,ENSG00000084093,REST,Q13127,S,766,0.144903689296318
21154,ENSG00000100711,ZFYVE21,Q9BQ24,S,32,0.438219971190055
21157,ENSG00000103496,STX4,Q12846,S,204,0.494798881374918
21158,ENSG00000176915,ANKLE2,Q86XL3,T,47,0.233201183456193
21159,ENSG00000105323,HNRNPUL1,Q9BUJ2,S,668,0.394117955894309
21160,ENSG00000168014,C2CD3,Q4AC94,S,1891,0.129203544234091
21167,ENSG00000176953,NFATC2IP,Q8NCF5,S,201,0.477002884751176
21169,ENSG00000102908,NFAT5,O94916,S,434,0.267717312380097
21172,ENSG00000136051,WASHC4,Q2M389,S,1162,0.237558811018603
21174,ENSG00000183783,KCTD8,Q6ZWB6,S,410,0.297424238481469
21175,ENSG00000087266,SH3BP2,P78314,T,439,0.114151034294646
21178,ENSG00000121104,FAM117A,Q9C073,T,299,0.437562046961944
21179,ENSG00000168807,SNTB2,Q13425,S,258,0.259295802786667
21182,ENSG00000087274,ADD1,P35611,S,613,0.284238700502936
21184,ENSG00000074590,NUAK1,O60285,S,481,0.331278658039793
21186,ENSG00000174444,RPL4,P36578,S,290,0.271123337781928
21189,ENSG00000105287,PRKD2,Q9BZL6,S,240,0.120692177188039
21190,ENSG00000136478,TEX2,Q8IWB9,T,269,0.222457883815637
21192,ENSG00000137221,TJAP1,Q5JTD0,S,449,0.22904224352988
21194,ENSG00000159761,C16orf86,Q6ZW13,S,147,0.179325277634543
21195,ENSG00000130939,UBE4B,O95155,S,141,0.187676017107923
21197,ENSG00000184922,FMNL1,O95466,T,207,0.291175179145866
21198,ENSG00000175084,DES,P17661,T,59,0.400382066969547
21199,ENSG00000145349,CAMK2D,Q13557,S,330,0.630001401055569
21200,ENSG00000111906,HDDC2,Q7Z4H3,S,204,0.238958944012278
21201,ENSG00000121966,CXCR4,P61073,S,319,0.371080980175866
21202,ENSG00000101079,NDRG3,Q9UGV2,S,333,0.402592885982119
21203,ENSG00000135597,REPS1,Q96D71,S,736,0.365357288453722
21209,ENSG00000144369,FAM171B,Q6P995,S,794,0.276014121189073
21212,ENSG00000136021,SCYL2,Q6P3W7,S,292,0.171250780720763
21213,ENSG00000134250,NOTCH2,Q04721,S,1842,0.104679120809937
21215,ENSG00000141556,TBCD,Q9BTW9,S,805,0.11479686567873
21218,ENSG00000197283,SYNGAP1,Q96PV0,S,371,0.0814807491714887
21220,ENSG00000143442,POGZ,Q7Z3K3,S,274,0.262031520411104
21221,ENSG00000175931,UBE2O,Q9C0C9,S,407,0.195143071578957
21222,ENSG00000085978,ATG16L1,Q676U5,S,287,0.70943838558482
21223,ENSG00000172572,PDE3A,Q14432,T,406,0.206077120984415
21225,ENSG00000044574,HSPA5,P11021,T,518,0.401623160178227
21226,ENSG00000196642,RABL6,Q3YEC7,T,368,0.102389214956948
21229,ENSG00000126705,AHDC1,Q5TGY3,S,829,0.264754082854737
21231,ENSG00000103043,VAC14,Q08AM6,T,11,0.253025655208393
21232,ENSG00000147027,TMEM47,Q9BQJ4,S,6,0.397571136824187
21236,ENSG00000122484,RPAP2,Q8IXW5,S,178,0.220704554360602
21237,ENSG00000112640,PPP2R5D,Q14738,S,109,0.162871292340642
21238,ENSG00000179292,TMEM151A,Q8N4L1,S,323,0.207269571010674
21239,ENSG00000173442,EHBP1L1,Q8N3D4,S,1168,0.264550657098765
21240,ENSG00000145016,RUBCN,Q92622,S,562,0.277014151250279
21241,ENSG00000075426,FOSL2,P15408,S,308,0.734577316008948
21242,ENSG00000137936,BCAR3,O75815,T,86,0.323626945290936
21247,ENSG00000204394,VARS,P26640,T,284,0.350680063797476
21248,ENSG00000099260,PALMD,Q9NP74,Y,267,0.334201812697616
21249,ENSG00000165458,INPPL1,O15357,S,916,0.104722244413678
21251,ENSG00000130706,ADRM1,Q16186,S,224,0.355817493039658
21253,ENSG00000173744,AGFG1,P52594,S,365,0.411556282630856
21255,ENSG00000125898,FAM110A,Q9BQ89,S,243,0.346871773273421
21256,ENSG00000076201,PTPN23,Q9H3S7,S,733,0.187875939182484
21258,ENSG00000143850,PLEKHA6,Q9Y2H5,S,455,0.699246575455103
21259,ENSG00000173889,PHC3,Q8NDX5,S,762,0.291993057013621
21261,ENSG00000164916,FOXK1,P85037,T,716,0.168947683473958
21262,ENSG00000181072,CHRM2,P08172,S,232,0.567865601815525
21263,ENSG00000144283,PKP4,Q99569,S,353,0.159735211740946
21265,ENSG00000112576,CCND3,P30281,S,264,0.487511579716349
21266,ENSG00000125414,MYH2,Q9UKX2,T,64,0.0827965979676277
21268,ENSG00000164172,MOCS2,O96007,S,188,0.150997679416763
21269,ENSG00000165650,PDZD8,Q8NEN9,T,974,0.28650914288895
21270,ENSG00000151414,NEK7,Q8TDX7,T,191,0.691896027675445
21271,ENSG00000129003,VPS13C,Q709C8,S,1894,0.0802081550694084
21273,ENSG00000060069,CTDP1,Q9Y5B0,S,395,0.319639429206784
21274,ENSG00000105619,TFPT,P0C1Z6,S,145,0.240963213846198
21276,ENSG00000079308,TNS1,Q9HBL0,T,911,0.162628856456501
21278,ENSG00000197879,MYO1C,O00159,T,1034,0.170510181160363
21279,ENSG00000132694,ARHGEF11,O15085,S,38,0.183521749650958
21280,ENSG00000119899,SLC17A5,Q9NRA2,S,16,0.32538558888462
21285,ENSG00000164163,ABCE1,P61221,S,582,0.554076871388213
21286,ENSG00000135679,MDM2,Q00987,S,166,0.995239935650786
21288,ENSG00000108883,EFTUD2,Q15029,T,79,0.227585625701589
21289,ENSG00000146872,TLK2,Q86UE8,S,44,0.414834521142945
21290,ENSG00000205476,CCDC85C,A6NKD9,S,179,0.437882494864072
21291,ENSG00000125676,THOC2,Q8NI27,S,1219,0.2180153026512
21293,ENSG00000142864,SERBP1,Q8NC51,S,247,0.35270139909378
21294,ENSG00000117600,PLPPR4,Q7Z2D5,S,547,0.29909371437268
21295,ENSG00000138771,SHROOM3,Q8TF72,S,213,0.171151543775765
21296,ENSG00000117868,ESYT2,A0FGR8,S,693,0.44548213416223
21297,ENSG00000179912,R3HDM2,Q9Y2K5,S,37,0.261025275851253
21298,ENSG00000171992,SYNPO,Q8N3V7,S,583,0.0726498097240791
21301,ENSG00000082898,XPO1,O14980,S,397,0.430665441154337
21302,ENSG00000151208,DLG5,Q8TDM6,S,132,0.191302112185085
21306,ENSG00000167395,ZNF646,O15015,S,930,0.187454884358853
21308,ENSG00000101311,FERMT1,Q9BQL6,S,361,0.198191428840543
21310,ENSG00000106052,TAX1BP1,Q86VP1,S,694,0.186727284396021
21311,ENSG00000143079,CTTNBP2NL,Q9P2B4,S,481,0.582830440481239
21312,ENSG00000118482,PHF3,Q92576,S,345,0.128688423875712
21313,ENSG00000064999,ANKS1A,Q92625,S,652,0.274207851691816
21314,ENSG00000130479,MAP1S,Q66K74,S,763,0.164924472512619
21316,ENSG00000168143,FAM83B,Q5T0W9,S,542,0.44306328294152
21322,ENSG00000140577,CRTC3,Q6UUV7,S,391,0.647322157455413
21323,ENSG00000132694,ARHGEF11,O15085,S,663,0.314604463876248
21324,ENSG00000151612,ZNF827,Q17R98,S,66,0.256769618330481
21325,ENSG00000121797,CCRL2,O00421,S,329,0.366919480829631
21330,ENSG00000167978,SRRM2,Q9UQ35,S,2376,0.147330029838341
21335,ENSG00000108819,PPP1R9B,Q96SB3,S,205,0.280299375232038
21336,ENSG00000147394,ZNF185,O15231,S,538,0.367436594792814
21337,ENSG00000148773,MKI67,P46013,T,1476,0.341500332179861
21340,ENSG00000124942,AHNAK,Q09666,Y,715,0.389028640184414
21342,ENSG00000104885,DOT1L,Q8TEK3,S,899,0.660614984198825
21343,ENSG00000115207,GTF3C2,Q8WUA4,S,893,0.319475888616688
21345,ENSG00000196535,MYO18A,Q92614,S,980,0.139724229228788
21347,ENSG00000172663,TMEM134,Q9H6X4,S,70,0.258467563267021
21349,ENSG00000272333,KMT2B,Q9UMN6,S,2070,0.254031671646462
21350,ENSG00000165434,PGM2L1,Q6PCE3,T,173,0.497657979970146
21353,ENSG00000172985,SH3RF3,Q8TEJ3,S,400,0.317225508551288
21355,ENSG00000180530,NRIP1,P48552,S,671,0.233215709352969
21356,ENSG00000151718,WWC2,Q6AWC2,S,7,0.230972359077246
21358,ENSG00000182718,ANXA2,A6NMY6,S,234,0.102784437357581
21359,ENSG00000118689,FOXO3,O43524,S,75,0.219914413008424
21364,ENSG00000236279,CLEC2L,P0C7M8,S,50,0.388883110295101
21367,ENSG00000157540,DYRK1A,Q13627,S,529,0.357726712362429
21368,ENSG00000083838,ZNF446,Q9NWS9,S,3,0.268759994036176
21373,ENSG00000163629,PTPN13,Q12923,T,909,0.184229602704293
21378,ENSG00000163125,RPRD2,Q5VT52,T,426,0.232135019030737
21382,ENSG00000107651,SEC23IP,Q9Y6Y8,S,740,0.0720489501148238
21384,ENSG00000187244,BCAM,P50895,T,606,0.311765747432772
21386,ENSG00000135341,MAP3K7,O43318,T,415,0.539095206563984
21390,ENSG00000164916,FOXK1,P85037,S,253,0.600567329190961
21392,ENSG00000132275,RRP8,O43159,S,80,0.337572268857133
21393,ENSG00000135631,RAB11FIP5,Q9BXF6,S,365,0.257816605166363
21397,ENSG00000129667,RHBDF2,Q6PJF5,S,313,0.124677483197284
21400,ENSG00000085733,CTTN,Q14247,Y,154,0.500378932935857
21401,ENSG00000144824,PHLDB2,Q86SQ0,S,330,0.202803690163965
21402,ENSG00000159840,ZYX,Q15942,S,313,0.240085708419339
21403,ENSG00000177459,ERICH5,Q6P6B1,S,142,0.128293120337815
21406,ENSG00000115839,RAB3GAP1,Q15042,S,676,0.408234209378928
21407,ENSG00000013441,CLK1,O15075,S,34,0.305722851693164
21408,ENSG00000048828,FAM120A,Q9NZB2,S,435,0.380855638399964
21410,ENSG00000196628,TCF4,P15884,S,198,0.17890240458555
21411,ENSG00000107816,LZTS2,Q9BRK4,S,346,0.242833772111163
21416,ENSG00000089876,DHX32,Q7L7V1,S,562,0.131166993287717
21421,ENSG00000121653,MAPK8IP1,Q9UQF2,S,15,0.247171546909869
21427,ENSG00000132436,FIGNL1,Q6PIW4,S,157,0.271157977651307
21429,ENSG00000196535,MYO18A,Q92614,S,2031,0.0592876871817164
21430,ENSG00000146950,SHROOM2,Q13796,S,116,0.237859478783283
21433,ENSG00000146701,MDH2,P40926,S,317,0.27956956757732
21434,ENSG00000099381,SETD1A,O15047,S,1103,0.301263364894807
21435,ENSG00000087589,CASS4,Q9NQ75,Y,350,0.575980758847103
21437,ENSG00000152464,RPP38,P78345,T,234,0.334751911242507
21438,ENSG00000204673,AKT1S1,Q96B36,S,211,0.489014621933763
21440,ENSG00000197562,RAB40C,Q96S21,S,252,0.362487684770554
21442,ENSG00000159140,SON,P18583,S,1702,0.0767682566968358
21443,ENSG00000178966,RMI1,Q9H9A7,S,225,0.337703214210923
21444,ENSG00000138193,PLCE1,Q9P212,S,1172,0.152019187626003
21445,ENSG00000131370,SH3BP5,O60239,S,421,0.441287309966123
21447,ENSG00000170456,DENND5B,Q6ZUT9,S,1079,0.123436845539254
21449,ENSG00000085721,RRN3,Q9NYV6,S,172,0.439849646632493
21450,ENSG00000186566,GPATCH8,Q9UKJ3,S,1009,0.313769899376402
21451,ENSG00000083642,PDS5B,Q9NTI5,S,1204,0.282157925620509
21457,ENSG00000107036,RIC1,Q4ADV7,T,996,0.346361187807696
21458,ENSG00000177303,CASKIN2,Q8WXE0,S,697,0.589579991104261
21459,ENSG00000106052,TAX1BP1,Q86VP1,S,683,0.418541414630827
21460,ENSG00000080854,IGSF9B,Q9UPX0,S,775,0.199282250277074
21463,ENSG00000086758,HUWE1,Q7Z6Z7,S,2619,0.157001826253915
21464,ENSG00000123200,ZC3H13,Q5T200,S,341,0.202415385086136
21466,ENSG00000135631,RAB11FIP5,Q9BXF6,S,376,0.20909228359423
21470,ENSG00000152520,PAN3,Q58A45,T,350,0.472259269978186
21472,ENSG00000124942,AHNAK,Q09666,S,298,0.0506005222734045
21473,ENSG00000122547,EEPD1,Q7L9B9,S,19,0.296954261812506
21475,ENSG00000137962,ARHGAP29,Q52LW3,S,356,0.188481003320545
21477,ENSG00000170390,DCLK2,Q8N568,S,360,0.115634889169459
21478,ENSG00000117523,PRRC2C,Q9Y520,T,1246,0.328432373886207
21479,ENSG00000149596,JPH2,Q9BR39,S,157,0.606660419364562
21480,ENSG00000148143,ZNF462,Q96JM2,S,350,0.330562155470797
21484,ENSG00000138193,PLCE1,Q9P212,S,1151,0.182521653436134
21485,ENSG00000253729,PRKDC,P78527,T,2609,0.444459854187094
21486,ENSG00000155111,CDK19,Q9BWU1,S,449,0.15482664359141
21487,ENSG00000041515,MYO16,Q9Y6X6,S,1539,0.226481978594507
21489,ENSG00000150510,FAM124A,Q86V42,S,432,0.181910350231444
21492,ENSG00000198728,LDB1,Q86U70,S,323,0.535518149461132
21494,ENSG00000178950,GAK,O14976,S,826,0.388797179361475
21496,ENSG00000070018,LRP6,O75581,S,1490,0.793369145388091
21497,ENSG00000079308,TNS1,Q9HBL0,T,1335,0.34086745460637
21499,ENSG00000039650,PNKP,Q96T60,T,111,0.438687208102273
21500,ENSG00000104765,BNIP3L,O60238,S,65,0.390576909689557
21503,ENSG00000102908,NFAT5,O94916,S,145,0.553801703099923
21505,ENSG00000135111,TBX3,O15119,S,354,0.228515550450866
21507,ENSG00000107957,SH3PXD2A,Q5TCZ1,T,361,0.135672476848288
21508,ENSG00000136643,RPS6KC1,Q96S38,S,455,0.304602765537411
21509,ENSG00000167978,SRRM2,Q9UQ35,S,1455,0.179321148273171
21510,ENSG00000181722,ZBTB20,Q9HC78,T,304,0.292869528842092
21512,ENSG00000197457,STMN3,Q9NZ72,S,81,0.576080287657639
21513,ENSG00000104957,CCDC130,P13994,S,238,0.286250230261923
21514,ENSG00000010818,HIVEP2,P31629,S,1032,0.296383596717452
21519,ENSG00000136848,DAB2IP,Q5VWQ8,S,1031,0.257776250259247
21520,ENSG00000131016,AKAP12,Q02952,S,1259,0.0645818903259129
21521,ENSG00000142197,DOPEY2,Q9Y3R5,S,589,0.150892744008052
21522,ENSG00000036565,SLC18A1,P54219,S,517,0.237848023159441
21525,ENSG00000117533,VAMP4,O75379,S,90,0.561635316363826
21529,ENSG00000091129,NRCAM,Q92823,S,1295,0.279513824199957
21530,ENSG00000128283,CDC42EP1,Q00587,S,152,0.112494980026647
21531,ENSG00000164889,SLC4A2,P04920,S,170,0.366671241089951
21532,ENSG00000115183,TANC1,Q9C0D5,S,66,0.21413877401965
21537,ENSG00000115183,TANC1,Q9C0D5,S,339,0.244353979257249
21538,ENSG00000141905,NFIC,P08651,S,279,0.349573148228385
21539,ENSG00000166575,TMEM135,Q86UB9,S,198,0.391903380984549
21540,ENSG00000067369,TP53BP1,Q12888,S,483,0.139968708774699
21541,ENSG00000111679,PTPN6,P29350,S,294,0.191607892375777
21544,ENSG00000162702,ZNF281,Q9Y2X9,S,198,0.244509130499761
21545,ENSG00000196872,KIAA1211L,Q6NV74,S,316,0.0794765467502192
21547,ENSG00000196924,FLNA,P21333,S,2526,0.375850534356782
21549,ENSG00000131016,AKAP12,Q02952,T,289,0.196095872814397
21550,ENSG00000213658,LAT,O43561,T,39,0.374850105108465
21552,ENSG00000149182,ARFGAP2,Q8N6H7,S,419,0.331277255762847
21553,ENSG00000117394,SLC2A1,P11166,T,238,0.327492167165233
21554,ENSG00000112149,CD83,Q01151,S,189,0.563112521315636
21555,ENSG00000104221,BRF2,Q9HAW0,S,385,0.762885596431516
21557,ENSG00000175115,PACS1,Q6VY07,S,417,0.219397704173517
21560,ENSG00000158402,CDC25C,P30307,S,38,0.506892416694227
21562,ENSG00000138411,HECW2,Q9P2P5,S,1040,0.364129792826823
21563,ENSG00000128052,KDR,P35968,S,984,0.533677032921377
21566,ENSG00000115355,CCDC88A,Q3V6T2,T,1421,0.366322192772662
21567,ENSG00000143436,MRPL9,Q9BYD2,S,264,0.223945281016259
21568,ENSG00000198780,FAM169A,Q9Y6X4,T,448,0.326576938984372
21569,ENSG00000009950,MLXIPL,Q9NP71,S,196,0.268604322311882
21571,ENSG00000117595,IRF6,O14896,S,424,0.563493743872197
21573,ENSG00000148773,MKI67,P46013,T,1540,0.312744719148469
21574,ENSG00000173517,PEAK1,Q9H792,S,568,0.36562973227356
21575,ENSG00000145362,ANK2,Q01484,S,1810,0.101468534741372
21576,ENSG00000174485,DENND4A,Q7Z401,S,939,0.188597152603587
21577,ENSG00000127527,EPS15L1,Q9UBC2,S,246,0.225186532436408
21578,ENSG00000168763,CNNM3,Q8NE01,S,700,0.493830779423558
21579,ENSG00000178950,GAK,O14976,S,815,0.192303772688136
21580,ENSG00000127329,PTPRB,P23467,S,1666,0.20114924414583
21581,ENSG00000241837,ATP5PO,P48047,S,166,0.467969090718614
21585,ENSG00000134873,CLDN10,P78369,S,202,0.161402810741528
21586,ENSG00000102119,EMD,P50402,S,87,0.490887169324872
21592,ENSG00000186871,ERCC6L,Q2NKX8,S,1000,0.20597494142971
21594,ENSG00000168566,SNRNP48,Q6IEG0,S,275,0.394563574619605
21595,ENSG00000099812,MISP,Q8IVT2,S,156,0.379653514006709
21598,ENSG00000182095,TNRC18,O15417,T,1032,0.150997573662529
21599,ENSG00000135631,RAB11FIP5,Q9BXF6,S,254,0.194011781030427
21600,ENSG00000122779,TRIM24,O15164,S,768,0.435449380801304
21601,ENSG00000008952,SEC62,Q99442,S,117,0.563812192983904
21602,ENSG00000272886,DCP1A,Q9NPI6,S,523,0.380063840173145
21603,ENSG00000168566,SNRNP48,Q6IEG0,S,283,0.392323614137896
21604,ENSG00000120802,TMPO,P42166,S,168,0.196027029420176
21605,ENSG00000053254,FOXN3,O00409,S,412,0.166370556273281
21606,ENSG00000152503,TRIM36,Q9NQ86,S,648,0.203053280080744
21608,ENSG00000169895,SYAP1,Q96A49,S,273,0.328738819234841
21609,ENSG00000168496,FEN1,P39748,S,335,0.606949414124975
21611,ENSG00000125733,TRIP10,Q15642,T,302,0.594934367049289
21612,ENSG00000124942,AHNAK,Q09666,T,99,0.147769169476431
21613,ENSG00000076108,BAZ2A,Q9UIF9,S,1051,0.298535959347112
21617,ENSG00000087077,TRIP6,Q15654,S,92,0.598367209698225
21619,ENSG00000148468,FAM171A1,Q5VUB5,S,360,0.437654666366937
21621,ENSG00000166833,NAV2,Q8IVL1,S,1869,0.255866977855891
21623,ENSG00000080845,DLGAP4,Q9Y2H0,T,975,0.362421205244548
21630,ENSG00000197442,MAP3K5,Q99683,S,984,0.0778046293581885
21633,ENSG00000008441,NFIX,Q14938,T,463,0.229651835624971
21637,ENSG00000156218,ADAMTSL3,P82987,S,631,0.0594100721609767
21638,ENSG00000173898,SPTBN2,O15020,T,2354,0.288774303039393
21639,ENSG00000179241,LDLRAD3,Q86YD5,S,299,0.344867734728095
21640,ENSG00000168918,INPP5D,Q92835,S,289,0.235637533318232
21643,ENSG00000156261,CCT8,P50990,S,380,0.38238572337669
21645,ENSG00000143390,RFX5,P48382,S,10,0.282570852451453
21646,ENSG00000173153,ESRRA,P11474,S,19,0.764893637413991
21649,ENSG00000135597,REPS1,Q96D71,S,535,0.49569977524834
21650,ENSG00000167548,KMT2D,O14686,S,4327,0.0517165383489759
21651,ENSG00000163995,ABLIM2,Q6H8Q1,S,370,0.192768051990425
21653,ENSG00000170242,USP47,Q96K76,S,910,0.431328740944221
21654,ENSG00000101323,HAO1,Q9UJM8,S,65,0.124436883533717
21655,ENSG00000115355,CCDC88A,Q3V6T2,S,1603,0.125826871158997
21657,ENSG00000160808,MYL3,P08590,T,127,0.397315632932563
21660,ENSG00000115310,RTN4,Q9NQC3,S,239,0.215938745879704
21661,ENSG00000132549,VPS13B,Q7Z7G8,S,1812,0.216447418697884
21662,ENSG00000105819,PMPCB,O75439,S,44,0.450557253595537
21663,ENSG00000143850,PLEKHA6,Q9Y2H5,Y,274,0.406165235364732
21664,ENSG00000161203,AP2M1,Q96CW1,T,156,0.635919682543159
21666,ENSG00000168944,CEP120,Q8N960,S,406,0.242373016765344
21671,ENSG00000158122,AAED1,Q7RTV5,S,12,0.200713968647782
21674,ENSG00000078674,PCM1,Q15154,S,69,0.284488628563793
21676,ENSG00000168014,C2CD3,Q4AC94,S,2060,0.184823336488715
21677,ENSG00000122122,SASH3,O75995,T,318,0.499032232365106
21678,ENSG00000125618,PAX8,Q06710,S,251,0.227012235489131
21680,ENSG00000166261,ZNF202,O95125,S,466,0.350302585795826
21681,ENSG00000105379,ETFB,P38117,S,226,0.293375679219073
21682,ENSG00000115415,STAT1,P42224,S,640,0.274879649695319
21684,ENSG00000109107,ALDOC,P09972,S,132,0.256507287032639
21685,ENSG00000168143,FAM83B,Q5T0W9,S,709,0.268471473069696
21695,ENSG00000138772,ANXA3,P12429,S,149,0.336721179476211
21696,ENSG00000142694,EVA1B,Q9NVM1,T,72,0.493177173655819
21698,ENSG00000137767,SQOR,Q9Y6N5,S,343,0.229005950829402
21700,ENSG00000224470,ATXN1L,P0C7T5,S,206,0.231536218320868
21702,ENSG00000162104,ADCY9,O60503,S,55,0.0883297990605414
21703,ENSG00000176204,LRRTM4,Q86VH4,S,461,0.211602044793773
21704,ENSG00000197579,TOPORS,Q9NS56,S,577,0.315624071404633
21706,ENSG00000132694,ARHGEF11,O15085,S,655,0.268853727187312
21708,ENSG00000070366,SMG6,Q86US8,S,11,0.176135474604656
21709,ENSG00000166897,ELFN2,Q5R3F8,S,530,0.187728299788103
21711,ENSG00000135597,REPS1,Q96D71,S,104,0.227867369589571
21713,ENSG00000090565,RAB11FIP3,O75154,S,52,0.259510636788696
21714,ENSG00000079308,TNS1,Q9HBL0,T,843,0.141396592718511
21715,ENSG00000149269,PAK1,Q13153,T,229,0.442147558776413
21716,ENSG00000137145,DENND4C,Q5VZ89,S,1219,0.112981351095304
21718,ENSG00000186918,ZNF395,Q9H8N7,S,447,0.452858793231079
21722,ENSG00000112561,TFEB,P19484,S,151,0.174908409880698
21723,ENSG00000162402,USP24,Q9UPU5,S,1136,0.332597067335651
21726,ENSG00000100604,CHGA,P10645,S,402,0.584882331406302
21727,ENSG00000137936,BCAR3,O75815,T,72,0.114833917964514
21728,ENSG00000134444,KIAA1468,Q9P260,S,45,0.0788406092304719
21732,ENSG00000135250,SRPK2,P78362,S,9,0.115032013444371
21736,ENSG00000140464,PML,P29590,S,580,0.244322917104169
21737,ENSG00000126787,DLGAP5,Q15398,T,344,0.441810110283284
21741,ENSG00000067369,TP53BP1,Q12888,T,1672,0.232293067091316
21746,ENSG00000163848,ZNF148,Q9UQR1,S,304,0.479040225810847
21751,ENSG00000115306,SPTBN1,Q01082,S,817,0.308375451798073
21754,ENSG00000160695,VPS11,Q9H270,S,924,0.213076101868852
21757,ENSG00000174705,SH3PXD2B,A1X283,T,768,0.244528953350971
21759,ENSG00000173641,HSPB7,Q9UBY9,S,46,0.135694658893417
21761,ENSG00000138439,FAM117B,Q6P1L5,S,156,0.301741055726226
21768,ENSG00000105559,PLEKHA4,Q9H4M7,T,211,0.480500058594704
21771,ENSG00000154330,PGM5,Q15124,T,120,0.641082875881028
21773,ENSG00000092978,GPATCH2,Q9NW75,S,54,0.338997066696458
21774,ENSG00000138629,UBL7,Q96S82,S,255,0.220440977588603
21775,ENSG00000105928,GSDME,O60443,S,252,0.417060387207679
21776,ENSG00000079246,XRCC5,P13010,S,577,0.315825804041549
21777,ENSG00000136068,FLNB,O75369,S,2478,0.534317309380683
21778,ENSG00000160392,C19orf47,Q8N9M1,S,306,0.379509457310446
21779,ENSG00000048028,USP28,Q96RU2,S,113,0.229164888671961
21782,ENSG00000146950,SHROOM2,Q13796,S,764,0.281787641323166
21785,ENSG00000090615,GOLGA3,Q08378,S,315,0.101295329966254
21788,ENSG00000111602,TIMELESS,Q9UNS1,S,962,0.106967053886792
21790,ENSG00000134283,PPHLN1,Q8NEY8,S,161,0.470084015000603
21792,ENSG00000162105,SHANK2,Q9UPX8,S,725,0.115780153876938
21793,ENSG00000167861,HID1,Q8IV36,S,616,0.0936948520401179
21794,ENSG00000161533,ACOX1,Q15067,T,20,0.125469254438744
21796,ENSG00000106571,GLI3,P10071,S,907,0.403704363029293
21797,ENSG00000139737,SLAIN1,Q8ND83,S,403,0.505610383444613
21798,ENSG00000137076,TLN1,Q9Y490,S,2279,0.0646312981843827
21803,ENSG00000173801,JUP,P14923,S,28,0.185944459983746
21804,ENSG00000151208,DLG5,Q8TDM6,S,938,0.240051814955436
21806,ENSG00000130779,CLIP1,P30622,S,48,0.296636286070746
21808,ENSG00000072518,MARK2,Q7KZI7,S,569,0.516874523537733
21809,ENSG00000169905,TOR1AIP2,Q8NFQ8,S,118,0.26563090501205
21810,ENSG00000157625,TAB3,Q8N5C8,S,60,0.40269600147451
21811,ENSG00000167291,TBC1D16,Q8TBP0,S,260,0.427208179066865
21812,ENSG00000177455,CD19,P15391,S,499,0.358443940440534
21813,ENSG00000126249,PDCD2L,Q9BRP1,S,20,0.399364409243628
21814,ENSG00000077522,ACTN2,P35609,T,308,0.177603041326823
21815,ENSG00000088002,SULT2B1,O00204,S,348,0.454782230575858
21816,ENSG00000126217,MCF2L,O15068,S,1041,0.121811074766227
21818,ENSG00000118363,SPCS2,Q15005,S,24,0.115326031089727
21819,ENSG00000167895,TMC8,Q8IU68,S,703,0.216947975870944
21821,ENSG00000197077,KIAA1671,Q9BY89,S,1012,0.206400569468802
21822,ENSG00000156983,BRPF1,P55201,S,866,0.102625438962651
21826,ENSG00000188529,SRSF10,O75494,S,141,0.323734807116567
21829,ENSG00000166197,NOLC1,Q14978,S,87,0.50937288778237
21830,ENSG00000179262,RAD23A,P54725,S,92,0.512375314033985
21831,ENSG00000099308,MAST3,O60307,S,709,0.395193586926526
21832,ENSG00000100056,ESS2,Q96DF8,S,446,0.315659907283335
21834,ENSG00000128011,LRFN1,Q9P244,S,682,0.104643442483057
21837,ENSG00000127527,EPS15L1,Q9UBC2,S,717,0.266063779391306
21839,ENSG00000171843,MLLT3,P42568,S,364,0.239054036796814
21840,ENSG00000116771,AGMAT,Q9BSE5,S,46,0.292956020128014
21841,ENSG00000110696,C11orf58,O00193,S,24,0.334856893875848
21842,ENSG00000066405,CLDN18,P56856,T,235,0.155918739099089
21844,ENSG00000125637,PSD4,Q8NDX1,S,109,0.228323616246263
21845,ENSG00000101076,HNF4A,P41235,S,167,0.538221387375608
21846,ENSG00000106153,CHCHD2,Q5T1J5,S,41,0.106782925246249
21848,ENSG00000144535,DIS3L2,Q8IYB7,S,883,0.0783529689631028
21852,ENSG00000168610,STAT3,P40763,T,717,0.173898104801248
21854,ENSG00000068903,SIRT2,Q8IXJ6,S,27,0.424795961630915
21855,ENSG00000176887,SOX11,P35716,T,280,0.214189404121697
21856,ENSG00000103249,CLCN7,P51798,S,9,0.325150547013813
21857,ENSG00000150760,DOCK1,Q14185,T,1844,0.245273753934355
21858,ENSG00000137076,TLN1,Q9Y490,S,1156,0.0642119630271245
21860,ENSG00000152234,ATP5F1A,P25705,S,65,0.240920292543478
21865,ENSG00000151322,NPAS3,Q8IXF0,S,563,0.137431069019357
21867,ENSG00000066084,DIP2B,Q9P265,S,80,0.202296215709949
21869,ENSG00000168958,MFF,Q9GZY8,T,137,0.529416975509456
21871,ENSG00000106948,AKNA,Q7Z591,S,1377,0.266208078207325
21872,ENSG00000141030,COPS3,Q9UNS2,S,415,0.262534739053678
21873,ENSG00000171914,TLN2,Q9Y4G6,S,473,0.114954813271354
21875,ENSG00000142784,WDTC1,Q8N5D0,S,511,0.647201825676817
21879,ENSG00000177679,SRRM3,A6NNA2,S,447,0.126412109250561
21880,ENSG00000182795,C1orf116,Q9BW04,S,502,0.43857687011699
21881,ENSG00000075643,MOCOS,Q96EN8,S,530,0.401049328671504
21882,ENSG00000169710,FASN,P49327,S,724,0.290505416764325
21883,ENSG00000008294,SPAG9,O60271,T,330,0.218159333520818
21886,ENSG00000149823,VPS51,Q9UID3,S,643,0.414898507126576
21888,ENSG00000145216,FIP1L1,Q6UN15,S,440,0.297216697840669
21889,ENSG00000152583,SPARCL1,Q14515,S,151,0.0940384342908732
21890,ENSG00000170584,NUDCD2,Q8WVJ2,S,142,0.374943960057363
21891,ENSG00000075391,RASAL2,Q9UJF2,S,950,0.12276569323389
21893,ENSG00000275066,SYNRG,Q9UMZ2,S,1084,0.292705343047575
21897,ENSG00000118007,STAG1,Q8WVM7,S,1093,0.173467379606252
21898,ENSG00000099814,CEP170B,Q9Y4F5,S,563,0.257820215695114
21899,ENSG00000046651,OFD1,O75665,S,830,0.235908859884944
21902,ENSG00000147649,MTDH,Q86UE4,S,478,0.157984587801821
21904,ENSG00000107672,NSMCE4A,Q9NXX6,S,61,0.349508719870177
21907,ENSG00000167978,SRRM2,Q9UQ35,S,1110,0.329614304773269
21908,ENSG00000047849,MAP4,P27816,S,330,0.0896871633830679
21911,ENSG00000137962,ARHGAP29,Q52LW3,S,1187,0.149589033217765
21912,ENSG00000081154,PCNP,Q8WW12,S,142,0.337622088901391
21913,ENSG00000140577,CRTC3,Q6UUV7,S,162,0.542105163894118
21914,ENSG00000198818,SFT2D1,Q8WV19,S,9,0.296475432306973
21915,ENSG00000046651,OFD1,O75665,S,745,0.269145528049906
21917,ENSG00000149269,PAK1,Q13153,T,225,0.416419295780576
21920,ENSG00000083635,NUFIP1,Q9UHK0,S,342,0.614885355985398
21922,ENSG00000144283,PKP4,Q99569,Y,478,0.685996168902064
21925,ENSG00000132305,IMMT,Q16891,S,193,0.136190255061924
21927,ENSG00000066405,CLDN18,P56856,T,247,0.425831903505343
21928,ENSG00000141582,CBX4,O00257,S,434,0.640579427296442
21931,ENSG00000104435,STMN2,Q93045,S,97,0.48296969524085
21935,ENSG00000224940,PRRT4,C9JH25,S,731,0.21785932363767
21936,ENSG00000267796,LIN37,Q96GY3,S,182,0.623478863659938
21940,ENSG00000104881,PPP1R13L,Q8WUF5,S,53,0.194638989960165
21945,ENSG00000171617,ENC1,O14682,S,15,0.188945354036048
21949,ENSG00000137843,PAK6,Q9NQU5,S,165,0.233818850558136
21950,ENSG00000119638,NEK9,Q8TD19,S,29,0.374244540367581
21951,ENSG00000110696,C11orf58,O00193,S,15,0.614079762232298
21954,ENSG00000081026,MAGI3,Q5TCQ9,S,235,0.289312466507429
21958,ENSG00000066248,NGEF,Q8N5V2,S,606,0.263095249541305
21959,ENSG00000173705,SUSD5,O60279,S,325,0.252172215651321
21962,ENSG00000147813,NAPRT,Q6XQN6,S,513,0.423391483484525
21966,ENSG00000278540,ACACA,Q13085,S,78,0.273337150782223
21967,ENSG00000148498,PARD3,Q8TEW0,Y,1244,0.367708586344194
21968,ENSG00000024048,UBR2,Q8IWV8,S,734,0.127756876726789
21971,ENSG00000117713,ARID1A,O14497,S,698,0.419953100753853
21974,ENSG00000138162,TACC2,O95359,S,2011,0.204049812690737
21977,ENSG00000058063,ATP11B,Q9Y2G3,S,1145,0.372514455945962
21979,ENSG00000168137,SETD5,Q9C0A6,S,1269,0.270930511255482
21984,ENSG00000066084,DIP2B,Q9P265,S,178,0.205658519078464
21985,ENSG00000159840,ZYX,Q15942,S,150,0.332291901692791
21986,ENSG00000116954,RRAGC,Q9HB90,S,376,0.315883636683775
21987,ENSG00000069849,ATP1B3,P54709,S,12,0.335481792010117
21988,ENSG00000116285,ERRFI1,Q9UJM3,S,276,0.302041956901427
21989,ENSG00000148019,CEP78,Q5JTW2,S,654,0.398066087629708
21990,ENSG00000080824,HSP90AA1,P07900,T,713,0.0781825007505896
21991,ENSG00000133392,MYH11,P35749,S,201,0.0782987528918591
21997,ENSG00000116299,KIAA1324,Q6UXG2,S,987,0.136060651277522
21999,ENSG00000129465,RIPK3,Q9Y572,T,224,0.208011688373106
22000,ENSG00000204120,GIGYF2,Q6Y7W6,S,277,0.10761905735276
22002,ENSG00000197043,ANXA6,P08133,S,235,0.365738121833495
22003,ENSG00000177303,CASKIN2,Q8WXE0,S,946,0.348416615653262
22006,ENSG00000155657,TTN,Q14247,S,289,0.365441770914767
22008,ENSG00000171316,CHD7,Q9P2D1,S,301,0.107823961911878
22009,ENSG00000075151,EIF4G3,O43432,S,1165,0.2705229324192
22010,ENSG00000169258,GPRIN1,Q7Z2K8,S,436,0.306340606365984
22011,ENSG00000143842,SOX13,Q9UN79,S,77,0.194951595875596
22013,ENSG00000186522,SEPT10,Q9P0V9,S,432,0.499439164946119
22015,ENSG00000077157,PPP1R12B,O60237,S,855,0.165496188147057
22017,ENSG00000067225,PKM,P14618,S,222,0.444529657500125
22018,ENSG00000155090,KLF10,Q13118,S,351,0.373633288975161
22020,ENSG00000197555,SIPA1L1,O43166,S,1197,0.180842106126523
22021,ENSG00000117020,AKT3,Q9Y243,S,476,0.625656297842645
22022,ENSG00000182095,TNRC18,O15417,S,1033,0.2783165333879
22023,ENSG00000196924,FLNA,P21333,T,2109,0.0915075183241047
22027,ENSG00000107281,NPDC1,Q9NQX5,S,320,0.367399769553121
22028,ENSG00000086758,HUWE1,Q7Z6Z7,S,2743,0.0398667472572253
22029,ENSG00000075711,DLG1,Q12959,S,684,0.272811283630947
22032,ENSG00000145191,EIF2B5,Q13144,S,717,0.407124001870807
22034,ENSG00000132155,RAF1,P04049,S,296,0.538576011656009
22036,ENSG00000143702,CEP170,Q5SW79,S,580,0.180848759321894
22037,ENSG00000170921,TANC2,Q9HCD6,T,149,0.079853745245017
22038,ENSG00000131725,WDR44,Q5JSH3,S,162,0.311097168595615
22039,ENSG00000115808,STRN,O43815,S,229,0.301654583501988
22041,ENSG00000116132,PRRX1,P54821,T,76,0.475986317205402
22042,ENSG00000172349,IL16,Q14005,S,566,0.276053015129147
22045,ENSG00000118200,CAMSAP2,Q08AD1,T,1004,0.586825101766636
22046,ENSG00000144283,PKP4,Q99569,S,276,0.368342537758618
22047,ENSG00000196935,SRGAP1,Q7Z6B7,S,1031,0.12479929273472
22048,ENSG00000131711,MAP1B,P46821,S,743,0.0820212100348993
22051,ENSG00000163637,PRICKLE2,Q7Z3G6,S,740,0.171535432208446
22052,ENSG00000124920,MYRF,Q9Y2G1,S,294,0.178815731724439
22053,ENSG00000159788,RGS12,O14924,S,850,0.619534942586915
22055,ENSG00000160294,MCM3AP,O60318,S,557,0.362056620834658
22057,ENSG00000106948,AKNA,Q7Z591,T,1041,0.109431334142687
22058,ENSG00000147874,HAUS6,Q7Z4H7,S,387,0.335148603115285
22059,ENSG00000101199,ARFGAP1,Q8N6T3,S,155,0.328184672402318
22060,ENSG00000164403,SHROOM1,Q2M3G4,T,103,0.383743891467584
22061,ENSG00000091542,ALKBH5,Q6P6C2,S,364,0.125051554056865
22062,ENSG00000182095,TNRC18,O15417,T,2534,0.0364089074920466
22066,ENSG00000189079,ARID2,Q68CP9,S,1303,0.100929070242325
22067,ENSG00000154760,SLFN13,Q68D06,S,170,0.369717784623533
22068,ENSG00000089006,SNX5,Q9Y5X3,S,22,0.59508510724295
22069,ENSG00000141027,NCOR1,O75376,S,762,0.0551300281078442
22070,ENSG00000141499,WRAP53,Q9BUR4,S,16,0.262993588136143
22072,ENSG00000171940,ZNF217,O75362,S,411,0.196186948132013
22075,ENSG00000186522,SEPT10,Q9P0V9,S,24,0.0981667103672079
22078,ENSG00000125868,DSTN,P60981,S,88,0.322779696693709
22079,ENSG00000100888,CHD8,Q9HCK8,T,1990,0.176378693246551
22080,ENSG00000085224,ATRX,P46100,S,33,0.0857092696750214
22081,ENSG00000020426,MNAT1,P51948,S,279,0.500904030668718
22084,ENSG00000141905,NFIC,P08651,S,348,0.149279298020118
22087,ENSG00000116141,MARK1,Q9P0L2,S,475,0.364572120679333
22090,ENSG00000144747,TMF1,P82094,S,933,0.256133649687507
22091,ENSG00000131016,AKAP12,Q02952,S,11,0.0817044402405103
22095,ENSG00000074201,CLNS1A,P54105,S,195,0.345314323049505
22100,ENSG00000124942,AHNAK,Q09666,S,4715,0.209211818203129
22101,ENSG00000089916,GPATCH2L,Q9NWQ4,S,86,0.526868986649462
22105,ENSG00000146676,PURB,Q96QR8,S,100,0.400170369655412
22107,ENSG00000166963,MAP1A,P78559,T,2655,0.174442825809983
22108,ENSG00000272886,DCP1A,Q9NPI6,T,401,0.382517559243206
22111,ENSG00000021488,SLC7A9,P82251,S,18,0.292156504445935
22112,ENSG00000084652,TXLNA,P40222,S,495,0.265889272185694
22115,ENSG00000139970,RTN1,Q16799,S,560,0.0911242333886917
22116,ENSG00000134283,PPHLN1,Q8NEY8,S,208,0.315075168215505
22117,ENSG00000178950,GAK,O14976,S,760,0.0926627235253814
22118,ENSG00000081913,PHLPP1,O60346,S,425,0.118870768845701
22122,ENSG00000115310,RTN4,Q9NQC3,S,111,0.359257284901172
22124,ENSG00000205302,SNX2,O60749,T,104,0.682642572142366
22126,ENSG00000170264,FAM161A,Q3B820,S,396,0.254956031035527
22127,ENSG00000140859,KIFC3,Q9BVG8,S,784,0.246344949604466
22129,ENSG00000063046,EIF4B,P23588,S,348,0.237425412890316
22133,ENSG00000269313,MAGIX,Q9H6Y5,S,268,0.198937731443663
22134,ENSG00000107862,GBF1,Q92538,S,1761,0.0522445131225987
22135,ENSG00000198952,SMG5,Q9UPR3,T,418,0.0967131968639644
22136,ENSG00000128881,TTBK2,Q6IQ55,S,448,0.338163680573482
22137,ENSG00000135447,PPP1R1A,Q13522,T,35,0.366445588831024
22139,ENSG00000185989,RASA3,Q14644,S,207,0.412640849839247
22142,ENSG00000168763,CNNM3,Q8NE01,S,688,0.219908531895984
22144,ENSG00000130939,UBE4B,O95155,S,87,0.328202902814639
22145,ENSG00000157224,CLDN12,P56749,S,231,0.519884981860681
22148,ENSG00000122547,EEPD1,Q7L9B9,S,223,0.104086488763426
22149,ENSG00000166813,KIF7,Q2M1P5,S,623,0.265536078379996
22150,ENSG00000106299,WASL,O00401,S,183,0.274113028192569
22151,ENSG00000166963,MAP1A,P78559,S,1004,0.199413057060001
22152,ENSG00000103657,HERC1,Q15751,T,2746,0.138670728522374
22154,ENSG00000164535,DAGLB,Q8NCG7,S,570,0.503545664503888
22158,ENSG00000112319,EYA4,O95677,S,139,0.440127954207255
22166,ENSG00000149554,CHEK1,O14757,S,301,0.446864002611138
22168,ENSG00000102119,EMD,P50402,S,175,0.410659244842778
22169,ENSG00000068971,PPP2R5B,Q15173,S,16,0.508335664605137
22171,ENSG00000099284,H2AFY2,Q9P0M6,T,174,0.191789264479991
22173,ENSG00000120896,SORBS3,O60504,S,606,0.400285466973693
22174,ENSG00000144645,OSBPL10,Q9BXB5,S,380,0.476101079923628
22179,ENSG00000136811,ODF2,Q5BJF6,S,95,0.0951013895680888
22182,ENSG00000063046,EIF4B,P23588,S,409,0.344137250533553
22183,ENSG00000141873,SLC39A3,Q9BRY0,S,129,0.51694741089656
22186,ENSG00000163322,ABRAXAS1,Q6UWZ7,S,48,0.293534426129205
22188,ENSG00000137815,RTF1,Q92541,S,652,0.404164739177701
22192,ENSG00000112414,ADGRG6,Q86SQ4,S,1189,0.176076340478133
22194,ENSG00000044446,PHKA2,P46019,S,978,0.326521921148885
22197,ENSG00000166348,USP54,Q70EL1,S,1420,0.211019448661057
22200,ENSG00000143702,CEP170,Q5SW79,T,487,0.069681449915614
22202,ENSG00000159256,MORC3,Q14149,S,584,0.118877213345287
22206,ENSG00000023608,SNAPC1,Q16533,S,290,0.332694313293991
22207,ENSG00000150760,DOCK1,Q14185,S,1823,0.228562559553756
22208,ENSG00000173120,KDM2A,Q9Y2K7,S,731,0.352239114755583
22209,ENSG00000119487,MAPKAP1,Q9BPZ7,S,186,0.496775334614267
22214,ENSG00000148773,MKI67,P46013,S,1207,0.309644872518068
22217,ENSG00000151693,ASAP2,O43150,S,722,0.351398296748032
22218,ENSG00000166147,FBN1,P35555,S,2564,0.0764630323159516
22219,ENSG00000023287,RB1CC1,Q8TDY2,S,243,0.277561421169388
22223,ENSG00000179820,MYADM,Q96S97,S,18,0.285758717743489
22224,ENSG00000076555,ACACB,O00763,S,1414,0.104981442244667
22225,ENSG00000095951,HIVEP1,P15822,T,815,0.508041681739085
22227,ENSG00000070366,SMG6,Q86US8,S,264,0.0625700322713081
22229,ENSG00000196141,SPATS2L,Q9NUQ6,S,116,0.287075969244313
22230,ENSG00000148498,PARD3,Q8TEW0,S,1139,0.346104216617844
22231,ENSG00000135720,DYNC1LI2,O43237,S,411,0.117458600502785
22235,ENSG00000135406,PRPH,P41219,S,54,0.113987778338308
22239,ENSG00000163462,TRIM46,Q7Z4K8,S,88,0.291933446260935
22240,ENSG00000180806,HOXC9,P31274,S,159,0.401580916187855
22241,ENSG00000102699,PARP4,Q9UKK3,S,1713,0.274029878771084
22242,ENSG00000109689,STIM2,Q9P246,S,621,0.482100070275476
22246,ENSG00000134243,SORT1,Q99523,S,793,0.325715590781057
22247,ENSG00000119321,FKBP15,Q5T1M5,S,301,0.19561762265672
22250,ENSG00000075391,RASAL2,Q9UJF2,S,641,0.318147413171352
22252,ENSG00000142864,SERBP1,Q8NC51,S,219,0.39347119260182
22253,ENSG00000165478,HEPACAM,Q14CZ8,S,278,0.240003784592872
22254,ENSG00000198837,DENND4B,O75064,S,1092,0.343896587132054
22255,ENSG00000187837,HIST1H1C,P16403,S,36,0.745207654802756
22256,ENSG00000170577,SIX2,Q9NPC8,S,212,0.492466878665297
22259,ENSG00000004478,FKBP4,Q02790,S,430,0.291155032317237
22263,ENSG00000105699,LSR,Q86X29,S,396,0.249989833561836
22267,ENSG00000131149,GSE1,Q14687,S,84,0.390604591692875
22271,ENSG00000173517,PEAK1,Q9H792,Y,1215,0.413364000025125
22273,ENSG00000186635,ARAP1,Q96P48,Y,231,0.713885828227238
22276,ENSG00000124782,RREB1,Q92766,S,1475,0.251727562570728
22277,ENSG00000064703,DDX20,Q9UHI6,T,552,0.374612796408797
22280,ENSG00000108557,RAI1,Q7Z5J4,S,528,0.212350000682564
22282,ENSG00000138802,SEC24B,O95487,S,556,0.293309436628319
22283,ENSG00000112394,SLC16A10,Q8TF71,S,504,0.332460867855458
22284,ENSG00000130349,C6orf203,Q9P0P8,S,106,0.231817816946746
22287,ENSG00000160469,BRSK1,Q8TDC3,S,384,0.364237643412957
22290,ENSG00000171560,FGA,P02671,S,436,0.154355698771309
22291,ENSG00000277443,MARCKS,P29966,S,128,0.289663992350404
22292,ENSG00000096401,CDC5L,Q99459,S,437,0.322165298674143
22293,ENSG00000184281,TSSC4,Q9Y5U2,S,319,0.459967598071779
22294,ENSG00000169564,PCBP1,Q15365,S,173,0.753576990160159
22295,ENSG00000142864,SERBP1,Q8NC51,S,392,0.375674088494895
22296,ENSG00000089199,CHGB,P05060,T,271,0.247680230739448
22297,ENSG00000138411,HECW2,Q9P2P5,S,407,0.162195577678757
22300,ENSG00000004487,KDM1A,O60341,Y,136,0.418568287531508
22301,ENSG00000145725,PPIP5K2,O43314,T,1219,0.0725133973005178
22302,ENSG00000239887,C1orf226,A1L170,S,225,0.251244887425217
22304,ENSG00000138658,ZGRF1,Q86YA3,S,793,0.155513198503114
22308,ENSG00000105538,RASIP1,Q5U651,S,27,0.305977900737767
22310,ENSG00000114423,CBLB,Q13191,Y,889,0.519945267594985
22315,ENSG00000018408,WWTR1,Q9GZV5,T,67,0.770698431863446
22316,ENSG00000140575,IQGAP1,P46940,S,360,0.099159740146918
22320,ENSG00000117713,ARID1A,O14497,S,301,0.191335371617428
22321,ENSG00000179588,ZFPM1,Q8IX07,S,491,0.466485730132609
22322,ENSG00000151612,ZNF827,Q17R98,T,506,0.17999826954225
22323,ENSG00000132688,NES,P48681,S,476,0.16264830494428
22324,ENSG00000188112,C6orf132,Q5T0Z8,S,965,0.172877937423796
22327,ENSG00000117155,SSX2IP,Q9Y2D8,S,293,0.433251288210077
22328,ENSG00000146904,EPHA1,P21709,S,910,0.287657964867001
22330,ENSG00000149679,CABLES2,Q9BTV7,S,130,0.40531671436513
22331,ENSG00000099812,MISP,Q8IVT2,S,281,0.270132237197653
22332,ENSG00000177888,ZBTB41,Q5SVQ8,S,191,0.392485583227057
22334,ENSG00000062598,ELMO2,Q96JJ3,S,336,0.120337051989298
22337,ENSG00000144711,IQSEC1,Q6DN90,S,109,0.250686999946706
22338,ENSG00000165478,HEPACAM,Q14CZ8,S,384,0.49725983378264
22340,ENSG00000215271,HOMEZ,Q8IX15,S,351,0.226361002702325
22342,ENSG00000076201,PTPN23,Q9H3S7,S,1126,0.262760099757124
22343,ENSG00000108639,SYNGR2,O43760,S,14,0.285773934086533
22344,ENSG00000132305,IMMT,Q16891,S,34,0.366554036060418
22347,ENSG00000074054,CLASP1,Q7Z460,S,636,0.255507272177168
22352,ENSG00000140553,UNC45A,Q9H3U1,T,8,0.439149068459912
22354,ENSG00000089199,CHGB,P05060,S,317,0.276321494497924
22355,ENSG00000120802,TMPO,P42166,S,296,0.499628170249314
22360,ENSG00000161800,RACGAP1,Q9H0H5,S,590,0.379463400378205
22361,ENSG00000112414,ADGRG6,Q86SQ4,S,1165,0.313832039082984
22363,ENSG00000136636,KCTD3,Q9Y597,S,743,0.377145085145995
22365,ENSG00000160007,ARHGAP35,Q9NRY4,S,591,0.0982278730623669
22367,ENSG00000019144,PHLDB1,Q86UU1,S,533,0.126285098758115
22371,ENSG00000173517,PEAK1,Q9H792,T,574,0.167038120167988
22373,ENSG00000166579,NDEL1,Q9GZM8,S,194,0.701750024447448
22374,ENSG00000116128,BCL9,O00512,S,10,0.0880724134602231
22376,ENSG00000170430,MGMT,P16455,S,199,0.11835857525757
22377,ENSG00000075539,FRYL,O94915,S,1935,0.157463038776689
22380,ENSG00000172819,RARG,P13631,S,36,0.206414823792948
22384,ENSG00000120896,SORBS3,O60504,T,106,0.119685852782433
22385,ENSG00000107816,LZTS2,Q9BRK4,S,99,0.454971684254633
22386,ENSG00000099625,CBARP,Q8N350,S,304,0.412231257471691
22387,ENSG00000128283,CDC42EP1,Q00587,S,77,0.487203539618571
22389,ENSG00000104133,SPG11,Q96JI7,S,1957,0.266356865195385
22391,ENSG00000104881,PPP1R13L,Q8WUF5,S,102,0.760845890568693
22393,ENSG00000169258,GPRIN1,Q7Z2K8,S,75,0.372614172758533
22397,ENSG00000100505,TRIM9,Q9C026,T,41,0.377278912686082
22398,ENSG00000144468,RHBDD1,Q8TEB9,S,291,0.476344899604768
22399,ENSG00000015133,CCDC88C,Q9P219,T,1954,0.162626244368681
22400,ENSG00000099260,PALMD,Q9NP74,S,503,0.201678335442848
22404,ENSG00000080845,DLGAP4,Q9Y2H0,S,763,0.332977967727999
22405,ENSG00000147274,RBMX,P38159,S,91,0.415820394910091
22407,ENSG00000002834,LASP1,Q14847,S,82,0.625737677595984
22412,ENSG00000070882,OSBPL3,Q9H4L5,S,765,0.0965427009979829
22414,ENSG00000046604,DSG2,Q14126,S,999,0.128311936812563
22416,ENSG00000172493,AFF1,P51825,T,697,0.224843888710434
22417,ENSG00000272886,DCP1A,Q9NPI6,S,180,0.397249044018256
22422,ENSG00000138398,PPIG,Q13427,S,506,0.105122338722267
22423,ENSG00000187522,HSPA14,Q0VDF9,S,186,0.238390876300478
22425,ENSG00000186635,ARAP1,Q96P48,S,632,0.193176466846814
22426,ENSG00000173705,SUSD5,O60279,S,241,0.297819549157139
22427,ENSG00000110400,NECTIN1,Q15223,S,511,0.432823387163398
22428,ENSG00000074356,NCBP3,Q53F19,S,530,0.318619373831951
22429,ENSG00000168488,ATXN2L,Q8WWM7,S,597,0.160481651254432
22431,ENSG00000196535,MYO18A,Q92614,S,1067,0.496590698744041
22432,ENSG00000093000,NUP50,Q9UKX7,S,296,0.551157095579602
22435,ENSG00000063245,EPN1,Q9Y6I3,S,419,0.26466789623633
22436,ENSG00000119042,SATB2,Q9UPW6,S,454,0.544244930412583
22437,ENSG00000162522,KIAA1522,Q9P206,S,325,0.293018625195937
22438,ENSG00000114857,NKTR,P30414,S,521,0.265204112457261
22439,ENSG00000117632,STMN1,P16949,T,146,0.336686187416634
22442,ENSG00000127527,EPS15L1,Q9UBC2,S,362,0.296200903955365
22445,ENSG00000103994,ZNF106,Q9H2Y7,S,864,0.228282180232902
22446,ENSG00000100968,NFATC4,Q14934,T,333,0.495783257952969
22448,ENSG00000141905,NFIC,P08651,S,477,0.567436878968991
22449,ENSG00000130940,CASZ1,Q86V15,S,981,0.222754636830378
22451,ENSG00000174485,DENND4A,Q7Z401,T,1590,0.163759869089764
22459,ENSG00000067369,TP53BP1,Q12888,S,323,0.177674413286143
22460,ENSG00000149929,HIRIP3,Q9BW71,S,372,0.303478995152621
22463,ENSG00000115183,TANC1,Q9C0D5,S,1564,0.28719333177484
22467,ENSG00000137825,ITPKA,P23677,S,137,0.21383061023125
22468,ENSG00000152583,SPARCL1,Q14515,S,231,0.198771151839449
22474,ENSG00000124507,PACSIN1,Q9BY11,T,338,0.121041685678532
22477,ENSG00000167103,PIP5KL1,Q5T9C9,S,313,0.280691710774412
22478,ENSG00000185477,GPRIN3,Q6ZVF9,S,616,0.182580629560958
22481,ENSG00000266173,STRADA,Q7RTN6,S,326,0.270681420231751
22484,ENSG00000108592,FTSJ3,Q8IY81,S,333,0.268740869325459
22485,ENSG00000168826,ZBTB49,Q6ZSB9,S,592,0.194811715734003
22489,ENSG00000118640,VAMP8,Q9BV40,T,48,0.794653585951225
22494,ENSG00000133318,RTN3,O95197,S,316,0.392951365516273
22495,ENSG00000173327,MAP3K11,Q16584,T,702,0.395751901657209
22498,ENSG00000120802,TMPO,P42166,S,167,0.207320450631928
22500,ENSG00000063245,EPN1,Q9Y6I3,S,442,0.277483887192617
22504,ENSG00000166747,AP1G1,O43747,S,766,0.146497875847865
22505,ENSG00000138771,SHROOM3,Q8TF72,S,162,0.110644869538698
22508,ENSG00000107897,ACBD5,Q5T8D3,S,404,0.289254567968259
22511,ENSG00000070814,TCOF1,Q13428,S,967,0.159390909192862
22513,ENSG00000150593,PDCD4,Q53EL6,S,317,0.433176483447572
22515,ENSG00000133121,STARD13,Q9Y3M8,S,642,0.115967432030383
22519,ENSG00000143190,POU2F1,P14859,T,270,0.511215845729388
22520,ENSG00000154553,PDLIM3,Q53GG5,S,250,0.280538908987294
22521,ENSG00000215114,UBXN2B,Q14CS0,T,226,0.472119912750486
22523,ENSG00000178502,KLHL11,Q9NVR0,S,703,0.316909567370075
22525,ENSG00000183742,MACC1,Q6ZN28,S,115,0.398211732349277
22529,ENSG00000147649,MTDH,Q86UE4,S,295,0.471589711012222
22532,ENSG00000008128,CDK11A,Q9UQ88,T,61,0.276896378672538
22534,ENSG00000127616,SMARCA4,P51532,S,1421,0.194254436792967
22535,ENSG00000133131,MORC4,Q8TE76,T,621,0.319720189899036
22536,ENSG00000092531,SNAP23,O00161,S,136,0.315510804885507
22537,ENSG00000166501,PRKCB,P05771,S,149,0.125838252832882
22540,ENSG00000006468,ETV1,P50549,S,94,0.380779917748551
22541,ENSG00000178307,TMEM11,P17152,S,14,0.255799240380781
22542,ENSG00000148671,ADIRF,Q15847,S,62,0.0932132028091766
22543,ENSG00000138385,SSB,P05455,S,225,0.377838171627685
22544,ENSG00000118985,ELL2,O00472,S,503,0.455865340021674
22545,ENSG00000198561,CTNND1,O60716,S,861,0.479662850438113
22548,ENSG00000171858,RPS21,P63220,S,65,0.485585538073694
22549,ENSG00000101596,SMCHD1,A6NHR9,S,1697,0.215940797161959
22550,ENSG00000196531,NACA,E9PAV3,T,1385,0.13618577256698
22551,ENSG00000103043,VAC14,Q08AM6,S,517,0.454048233057109
22552,ENSG00000170681,CAVIN4,Q5BKX8,T,336,0.204370297898354
22553,ENSG00000115310,RTN4,Q9NQC3,S,181,0.528441190263946
22555,ENSG00000125166,GOT2,P00505,T,333,0.442742713893907
22561,ENSG00000125755,SYMPK,Q92797,S,1169,0.19636340530027
22563,ENSG00000169379,ARL13B,Q3SXY8,S,371,0.332034735804193
22564,ENSG00000147459,DOCK5,Q9H7D0,S,1869,0.201156880201952
22566,ENSG00000259956,RBM15B,Q8NDT2,S,230,0.397042068759343
22567,ENSG00000120451,SNX19,Q92543,S,306,0.176997227196869
22569,ENSG00000155097,ATP6V1C1,P21283,S,141,0.227403970072461
22575,ENSG00000180818,HOXC10,Q9NYD6,S,189,0.508244077711262
22579,ENSG00000183248,PRR36,Q9H6K5,S,308,0.137360498892648
22581,ENSG00000178409,BEND3,Q5T5X7,S,503,0.135771750105832
22582,ENSG00000126368,NR1D1,P20393,S,280,0.250051861538901
22583,ENSG00000263001,GTF2I,P78347,T,707,0.0809400895272468
22584,ENSG00000275342,PRAG1,Q86YV5,S,135,0.122608652399872
22585,ENSG00000151229,SLC2A13,Q96QE2,S,635,0.112897110282077
22587,ENSG00000145362,ANK2,Q01484,T,3087,0.243943809800246
22589,ENSG00000119714,GPR68,Q15743,S,353,0.23608327703646
22591,ENSG00000106415,GLCCI1,Q86VQ1,S,171,0.606176809616725
22592,ENSG00000148660,CAMK2G,Q13555,S,36,0.192722217778502
22594,ENSG00000125414,MYH2,Q9UKX2,S,1094,0.0688520323930573
22595,ENSG00000048028,USP28,Q96RU2,S,550,0.299694194464462
22596,ENSG00000069509,FUNDC1,Q8IVP5,S,17,0.402047539400692
22598,ENSG00000072756,TRNT1,Q96Q11,S,400,0.389504559361897
22600,ENSG00000168916,ZNF608,Q9ULD9,S,549,0.193780171517111
22601,ENSG00000133318,RTN3,O95197,S,453,0.271290113939543
22602,ENSG00000005020,SKAP2,O75563,T,7,0.318038466132447
22603,ENSG00000078902,TOLLIP,Q9H0E2,T,25,0.156191413018351
22608,ENSG00000130396,AFDN,P55196,S,391,0.147194655012782
22611,ENSG00000182253,SYNM,O15061,S,1379,0.127663953262967
22612,ENSG00000146648,EGFR,P00533,T,993,0.525146458807136
22613,ENSG00000170242,USP47,Q96K76,S,903,0.269632258508187
22614,ENSG00000101843,PSMD10,O75832,S,115,0.159085771664402
22615,ENSG00000047648,ARHGAP6,O43182,S,928,0.177267397033808
22620,ENSG00000167548,KMT2D,O14686,T,2332,0.378121051620516
22621,ENSG00000068078,FGFR3,P22607,S,408,0.271658222365503
22622,ENSG00000196914,ARHGEF12,Q9NZN5,S,303,0.0988401604231809
22627,ENSG00000115816,CEBPZ,Q03701,S,149,0.1983473518424
22628,ENSG00000224470,ATXN1L,P0C7T5,S,292,0.108532063664458
22630,ENSG00000115808,STRN,O43815,S,381,0.180726475882705
22631,ENSG00000198353,HOXC4,P09017,S,33,0.242683748693358
22634,ENSG00000082269,FAM135A,Q9P2D6,S,1385,0.153288976313015
22636,ENSG00000198198,SZT2,Q5T011,S,2132,0.0421290068275253
22637,ENSG00000243156,MICAL3,Q7RTP6,S,1337,0.277484834503933
22638,ENSG00000029363,BCLAF1,Q9NYF8,S,230,0.394889050600116
22639,ENSG00000153339,TRAPPC8,Q9Y2L5,S,279,0.207597053113152
22644,ENSG00000057757,PITHD1,Q9GZP4,T,204,0.48932916136049
22645,ENSG00000267534,S1PR2,O95136,S,332,0.22628074470905
22646,ENSG00000165699,TSC1,Q92574,S,394,0.262626429200172
22650,ENSG00000198824,CHAMP1,Q96JM3,T,149,0.403289273078031
22651,ENSG00000026508,CD44,P16070,S,183,0.282977867518885
22652,ENSG00000144747,TMF1,P82094,S,336,0.300195802061769
22656,ENSG00000112242,E2F3,O00716,S,163,0.508345550903141
22661,ENSG00000124198,ARFGEF2,Q9Y6D5,S,279,0.134197353275312
22663,ENSG00000067177,PHKA1,P46020,S,985,0.271308921789185
22664,ENSG00000155093,PTPRN2,Q92932,S,437,0.294523624747841
22665,ENSG00000136295,TTYH3,Q9C0H2,S,520,0.387545986042412
22666,ENSG00000141568,FOXK2,Q01167,T,389,0.74716869942201
22669,ENSG00000067596,DHX8,Q14562,S,395,0.407505026382793
22671,ENSG00000169562,GJB1,P08034,S,281,0.197221527787307
22672,ENSG00000124942,AHNAK,Q09666,S,230,0.167958821895046
22673,ENSG00000108846,ABCC3,O15438,T,887,0.210698298324649
22674,ENSG00000124126,PREX1,Q8TCU6,S,1159,0.366812645443066
22675,ENSG00000136861,CDK5RAP2,Q96SN8,T,839,0.0378827168849921
22677,ENSG00000125651,GTF2F1,P35269,S,221,0.485588612993239
22678,ENSG00000038219,BOD1L1,Q8NFC6,S,1701,0.278119757264279
22679,ENSG00000074416,MGLL,Q99685,S,6,0.231168144127706
22681,ENSG00000138434,SSFA2,P28290,S,300,0.308646154902566
22682,ENSG00000139767,SRRM4,A7MD48,S,363,0.189431531316417
22686,ENSG00000117523,PRRC2C,Q9Y520,S,801,0.230019243553721
22687,ENSG00000121892,PDS5A,Q29RF7,S,1182,0.184306301714765
22690,ENSG00000002586,CD99,P14209,S,168,0.270951722108956
22691,ENSG00000163512,AZI2,Q9H6S1,S,353,0.584725960074581
22692,ENSG00000131016,AKAP12,Q02952,S,565,0.0977887728426814
22693,ENSG00000142627,EPHA2,P29317,S,899,0.719666418319901
22694,ENSG00000007384,RHBDF1,Q96CC6,T,137,0.106208383432849
22696,ENSG00000157927,RADIL,Q96JH8,S,393,0.174776490074218
22697,ENSG00000141994,DUS3L,Q96G46,S,276,0.371024033599843
22700,ENSG00000183421,RIPK4,P57078,S,424,0.109099781575615
22701,ENSG00000111596,CNOT2,Q9NZN8,S,126,0.570961654088119
22702,ENSG00000116871,MAP7D1,Q3KQU3,S,28,0.329408726580231
22703,ENSG00000175467,SART1,O43290,T,764,0.665062123492909
22704,ENSG00000115268,RPS15,P62841,S,138,0.149478883510285
22705,ENSG00000100503,NIN,Q8N4C6,S,1157,0.0682669869476328
22707,ENSG00000110693,SOX6,P35712,S,98,0.404691018273717
22708,ENSG00000135597,REPS1,Q96D71,T,539,0.42426601958059
22709,ENSG00000067066,SP100,P23497,T,176,0.227683981608806
22710,ENSG00000154783,FGD5,Q6ZNL6,S,721,0.0695663209192992
22712,ENSG00000165244,ZNF367,Q7RTV3,S,26,0.208403538962021
22713,ENSG00000084112,SSH1,Q8WYL5,T,989,0.105512136821204
22715,ENSG00000120278,PLEKHG1,Q9ULL1,S,1295,0.0843923957467483
22720,ENSG00000067066,SP100,P23497,S,166,0.261230241349322
22723,ENSG00000135837,CEP350,Q5VT06,S,2206,0.231711874118666
22724,ENSG00000089693,MLF2,Q15773,S,240,0.285192272580334
22725,ENSG00000142408,CACNG8,Q8WXS5,S,252,0.142561292068532
22727,ENSG00000149781,FERMT3,Q86UX7,S,484,0.430897593677383
22728,ENSG00000133454,MYO18B,Q8IUG5,S,2367,0.216657406263526
22730,ENSG00000133422,MORC2,Q9Y6X9,S,705,0.391789076089239
22731,ENSG00000149100,EIF3M,Q7L2H7,S,370,0.363225931380902
22732,ENSG00000182307,C8orf33,Q9H7E9,S,39,0.350670195390922
22733,ENSG00000156521,TYSND1,Q2T9J0,S,171,0.266042193229657
22737,ENSG00000137699,TRIM29,Q14134,S,272,0.140217708308011
22738,ENSG00000198933,TBKBP1,A7MCY6,S,400,0.410212789281241
22739,ENSG00000157764,BRAF,P15056,T,401,0.622262006627958
22741,ENSG00000143727,ACP1,P24666,Y,132,0.550005984346445
22742,ENSG00000169918,OTUD7A,Q8TE49,S,744,0.191539591671761
22743,ENSG00000148337,CIZ1,Q9ULV3,T,585,0.415762477781621
22745,ENSG00000117595,IRF6,O14896,S,47,0.332517226242026
22746,ENSG00000163714,U2SURP,O15042,S,747,0.087918869814688
22747,ENSG00000115241,PPM1G,O15355,S,201,0.519889017300958
22750,ENSG00000018625,ATP1A2,P50993,S,496,0.168636537027889
22754,ENSG00000157107,FCHO2,Q0JRZ9,S,509,0.261819224484567
22755,ENSG00000153071,DAB2,P98082,S,634,0.132827689372024
22756,ENSG00000196235,SUPT5H,O00267,T,784,0.491352541628603
22757,ENSG00000133226,SRRM1,Q8IYB3,S,242,0.231650126968621
22762,ENSG00000090060,PAPOLA,P51003,S,738,0.370753379138978
22764,ENSG00000144821,MYH15,Q9Y2K3,S,1691,0.157710603345242
22765,ENSG00000176986,SEC24C,P53992,S,328,0.236874623954297
22766,ENSG00000072121,ZFYVE26,Q68DK2,S,1275,0.261243551210903
22767,ENSG00000145555,MYO10,Q9HD67,S,962,0.256322659293412
22770,ENSG00000143337,TOR1AIP1,Q5JTV8,T,47,0.357768818763771
22772,ENSG00000103335,PIEZO1,Q92508,S,1820,0.131062324030756
22774,ENSG00000175073,VCPIP1,Q96JH7,S,1198,0.3002829452838
22778,ENSG00000100354,TNRC6B,Q9UPQ9,S,1336,0.119409375699679
22785,ENSG00000118473,SGIP1,Q9BQI5,S,151,0.333758964234292
22789,ENSG00000128512,DOCK4,Q8N1I0,S,1750,0.111077111100128
22790,ENSG00000184160,ADRA2C,P18825,S,338,0.397214234046973
22791,ENSG00000272031,ANKRD34A,Q69YU3,S,291,0.543342575779038
22794,ENSG00000225830,ERCC6,Q03468,S,489,0.368436739035096
22795,ENSG00000065883,CDK13,Q14004,T,1226,0.280905553484922
22798,ENSG00000165240,ATP7A,Q04656,S,1447,0.328586283686769
22800,ENSG00000137497,NUMA1,Q14980,T,1776,0.438167975293141
22801,ENSG00000113569,NUP155,O75694,S,4,0.251580702621186
22802,ENSG00000134255,CEPT1,Q9Y6K0,T,40,0.368944490597088
22803,ENSG00000133226,SRRM1,Q8IYB3,S,749,0.399532005002306
22804,ENSG00000118495,PLAGL1,Q9UM63,S,341,0.304206274325881
22805,ENSG00000171793,CTPS1,P17812,S,578,0.308952072998236
22806,ENSG00000160051,IQCC,Q4KMZ1,S,257,0.685240047036752
22807,ENSG00000113319,RASGRF2,O14827,S,776,0.195626333001625
22808,ENSG00000008283,CYB561,P49447,S,250,0.458691752720866
22810,ENSG00000137962,ARHGAP29,Q52LW3,S,1185,0.304867399191755
22811,ENSG00000125895,TMEM74B,Q9NUR3,S,84,0.198135980181482
22812,ENSG00000087087,SRRT,Q9BXP5,S,570,0.396464718793515
22814,ENSG00000133805,AMPD3,Q01432,T,110,0.202183899805589
22816,ENSG00000107438,PDLIM1,O00151,Y,321,0.523769739208119
22818,ENSG00000123352,SPATS2,Q86XZ4,S,210,0.131259389654903
22819,ENSG00000111802,TDP2,O95551,S,95,0.285973086686515
22821,ENSG00000143442,POGZ,Q7Z3K3,T,260,0.0925629960948931
22822,ENSG00000104765,BNIP3L,O60238,S,85,0.182126899477234
22823,ENSG00000026025,VIM,P08670,T,327,0.38997929375724
22825,ENSG00000196531,NACA,E9PAV3,S,2066,0.206932095038208
22826,ENSG00000122257,RBBP6,Q7Z6E9,S,1272,0.0816329108054447
22827,ENSG00000089639,GMIP,Q9P107,S,372,0.0791523649444723
22828,ENSG00000155850,SLC26A2,P50443,S,16,0.423855406007106
22829,ENSG00000054611,TBC1D22A,Q8WUA7,S,145,0.472861918025223
22833,ENSG00000148773,MKI67,P46013,T,2123,0.307637871059682
22835,ENSG00000170832,USP32,Q8NFA0,S,1371,0.245607393443198
22836,ENSG00000129675,ARHGEF6,Q15052,S,678,0.120204675032652
22837,ENSG00000070087,PFN2,P35080,S,92,0.457661212261606
22838,ENSG00000258890,CEP95,Q96GE4,S,453,0.406048526094401
22839,ENSG00000154783,FGD5,Q6ZNL6,S,718,0.193479257810772
22843,ENSG00000137145,DENND4C,Q5VZ89,S,1293,0.0985307339557999
22844,ENSG00000151474,FRMD4A,Q9P2Q2,S,643,0.221983764241678
22850,ENSG00000169855,ROBO1,Q9Y6N7,S,1606,0.14227469856696
22852,ENSG00000138688,KIAA1109,Q2LD37,S,4308,0.19232291016994
22853,ENSG00000106346,USP42,Q9H9J4,S,611,0.260320013811023
22854,ENSG00000149929,HIRIP3,Q9BW71,S,98,0.707543582342411
22855,ENSG00000123159,GIPC1,O14908,S,247,0.506291694808149
22857,ENSG00000099942,CRKL,P46109,S,42,0.453419575431069
22861,ENSG00000173517,PEAK1,Q9H792,S,719,0.125886790389869
22862,ENSG00000183431,SF3A3,Q12874,S,295,0.438462446153853
22863,ENSG00000074855,ANO8,Q9HCE9,S,1013,0.221863168503525
22867,ENSG00000186174,BCL9L,Q86UU0,T,989,0.313603198034492
22868,ENSG00000065609,SNAP91,O60641,S,296,0.132751896210794
22869,ENSG00000165119,HNRNPK,P61978,S,417,0.397707872387922
22871,ENSG00000196646,ZNF136,P52737,S,292,0.159724386354976
22876,ENSG00000066777,ARFGEF1,Q9Y6D6,T,400,0.13948489506944
22877,ENSG00000072195,SPEG,Q15772,S,2762,0.066265054530288
22878,ENSG00000162889,MAPKAPK2,P49137,T,334,0.932098313967451
22879,ENSG00000122484,RPAP2,Q8IXW5,S,414,0.193945000111554
22881,ENSG00000155886,SLC24A2,Q9UI40,S,333,0.310236260114299
22882,ENSG00000143190,POU2F1,P14859,S,447,0.439085643664825
22884,ENSG00000123200,ZC3H13,Q5T200,T,985,0.0934542143320374
22885,ENSG00000070159,PTPN3,P26045,S,394,0.307724761397444
22886,ENSG00000115241,PPM1G,O15355,T,122,0.204135179526301
22888,ENSG00000068400,GRIPAP1,Q4V328,S,704,0.277519886657004
22889,ENSG00000141456,PELP1,Q8IZL8,S,1033,0.38685425790894
22890,ENSG00000137221,TJAP1,Q5JTD0,S,545,0.716886667054139
22893,ENSG00000159579,RSPRY1,Q96DX4,S,55,0.121767107960125
22897,ENSG00000164889,SLC4A2,P04920,S,132,0.295150368365996
22898,ENSG00000172943,PHF8,Q9UPP1,S,651,0.256073077381131
22899,ENSG00000065243,PKN2,Q16513,T,533,0.204673890275315
22900,ENSG00000263001,GTF2I,P78347,T,698,0.0910215346998824
22901,ENSG00000106554,CHCHD3,Q9NX63,S,56,0.285542932493612
22902,ENSG00000077279,DCX,O43602,S,332,0.447801580424768
22905,ENSG00000105063,PPP6R1,Q9UPN7,T,524,0.240220577294157
22909,ENSG00000188343,FAM92A,A1XBS5,S,241,0.414142766108313
22910,ENSG00000100139,MICALL1,Q8N3F8,S,323,0.172140577203793
22918,ENSG00000140750,ARHGAP17,Q68EM7,S,704,0.26662299077584
22919,ENSG00000118496,FBXO30,Q8TB52,S,192,0.176225210850195
22922,ENSG00000198901,PRC1,O43663,S,265,0.313764877352435
22924,ENSG00000120913,PDLIM2,Q96JY6,S,120,0.356829989467157
22928,ENSG00000005513,SOX8,P57073,S,344,0.313434362993975
22929,ENSG00000142949,PTPRF,P10586,S,1311,0.162658154541193
22930,ENSG00000155324,GRAMD2B,Q96HH9,S,225,0.756285958585941
22932,ENSG00000071967,CYBRD1,Q53TN4,T,233,0.292547938945461
22933,ENSG00000078674,PCM1,Q15154,S,1290,0.303601647488496
22935,ENSG00000205726,ITSN1,Q15811,S,315,0.5618513054801
22937,ENSG00000031081,ARHGAP31,Q2M1Z3,S,460,0.153805770740318
22938,ENSG00000125772,GPCPD1,Q9NPB8,S,175,0.479098202701549
22939,ENSG00000131037,EPS8L1,Q8TE68,T,202,0.22900899823531
22944,ENSG00000131242,RAB11FIP4,Q86YS3,S,304,0.286717321009495
22948,ENSG00000166477,LEO1,Q8WVC0,S,273,0.35660297486848
22949,ENSG00000139350,NEDD1,Q8NHV4,S,516,0.53519692891298
22950,ENSG00000165006,UBAP1,Q9NZ09,S,267,0.597414053032077
22954,ENSG00000147548,NSD3,Q9BZ95,T,547,0.299677362503964
22956,ENSG00000110237,ARHGEF17,Q96PE2,S,790,0.187674832021279
22958,ENSG00000085733,CTTN,Q14247,S,117,0.389806554057641
22961,ENSG00000129245,FXR2,P51116,S,404,0.295415514458001
22968,ENSG00000177200,CHD9,Q3L8U1,T,2013,0.252573439601665
22969,ENSG00000179218,CALR,P27797,Y,285,0.38993552124163
22970,ENSG00000134369,NAV1,Q8NEY1,S,1249,0.128227772019073
22971,ENSG00000101306,MYLK2,Q9H1R3,T,182,0.103982149125873
22972,ENSG00000168143,FAM83B,Q5T0W9,S,428,0.10788818928632
22975,ENSG00000103449,SALL1,Q9NSC2,S,586,0.375832201007541
22976,ENSG00000130528,HRC,P23327,S,159,0.318439216465621
22978,ENSG00000136986,DERL1,Q9BUN8,S,201,0.433579131907654
22980,ENSG00000164209,SLC25A46,Q96AG3,Y,64,0.404904140621791
22981,ENSG00000040341,STAU2,Q9NUL3,S,453,0.166687295496525
22982,ENSG00000160294,MCM3AP,O60318,S,527,0.296453142447263
22983,ENSG00000140403,DNAJA4,Q8WW22,S,16,0.301568568996831
22985,ENSG00000100227,POLDIP3,Q9BY77,S,126,0.39039769079197
22987,ENSG00000136504,KAT7,O95251,T,128,0.554092314829803
22988,ENSG00000126461,SCAF1,Q99590,S,963,0.505944296959289
22990,ENSG00000113916,BCL6,P41182,S,330,0.443787496827065
22991,ENSG00000134444,KIAA1468,Q9P260,T,183,0.242318530216439
22992,ENSG00000147874,HAUS6,Q7Z4H7,T,869,0.331830237043654
22993,ENSG00000101199,ARFGAP1,Q8N6T3,S,159,0.159742641482532
22994,ENSG00000175931,UBE2O,Q9C0C9,T,828,0.193762199481417
22995,ENSG00000175984,DENND2C,Q68D51,S,271,0.382932673248587
22996,ENSG00000166387,PPFIBP2,Q8ND30,S,385,0.357012963864452
22999,ENSG00000166734,CASC4,Q6P4E1,S,233,0.359943817805359
23000,ENSG00000147799,ARHGAP39,Q9C0H5,S,251,0.276645726981207
23001,ENSG00000107957,SH3PXD2A,Q5TCZ1,S,608,0.12683225397078
23002,ENSG00000114805,PLCH1,Q4KWH8,S,1012,0.106205966158813
23003,ENSG00000105281,SLC1A5,Q15758,S,493,0.438094106877479
23005,ENSG00000161011,SQSTM1,Q13501,S,294,0.304785668731038
23006,ENSG00000108821,COL1A1,P02452,S,513,0.270251184351378
23007,ENSG00000122591,FAM126A,Q9BYI3,S,513,0.273641743920035
23010,ENSG00000137776,SLTM,Q9NWH9,S,912,0.112241938497056
23011,ENSG00000198824,CHAMP1,Q96JM3,S,142,0.395051326945302
23013,ENSG00000074660,SCARF1,Q14162,Y,818,0.757785085663177
23014,ENSG00000168040,FADD,Q13158,S,194,0.499882191098644
23017,ENSG00000128298,BAIAP2L2,Q6UXY1,S,231,0.274937971977142
23019,ENSG00000184675,AMER1,Q5JTC6,S,246,0.319874472292821
23026,ENSG00000138650,PCDH10,Q9P2E7,S,897,0.378071313730488
23028,ENSG00000221955,SLC12A8,A0AV02,S,665,0.16550448380876
23029,ENSG00000181143,MUC16,Q8WXI7,S,2184,0.288876706877795
23031,ENSG00000165801,ARHGEF40,Q8TER5,S,1438,0.306178466854898
23032,ENSG00000172869,DMXL1,Q9Y485,S,1908,0.406792348740069
23034,ENSG00000166716,ZNF592,Q92610,T,1024,0.234739735388341
23036,ENSG00000110104,CCDC86,Q9H6F5,S,50,0.321781611079729
23044,ENSG00000010818,HIVEP2,P31629,S,1613,0.236197948179089
23045,ENSG00000115216,NRBP1,Q9UHY1,T,433,0.708168810725558
23047,ENSG00000144381,HSPD1,P10809,S,256,0.234955989142917
23049,ENSG00000143776,CDC42BPA,Q5VT25,S,1729,0.232400839618267
23055,ENSG00000168280,KIF5C,O60282,S,934,0.212218374791546
23056,ENSG00000103126,AXIN1,O15169,S,217,0.445292513386973
23061,ENSG00000038219,BOD1L1,Q8NFC6,S,2025,0.0835866483275133
23062,ENSG00000158769,F11R,Q9Y624,S,281,0.609534437764043
23063,ENSG00000152818,UTRN,P46939,S,825,0.174135125928498
23064,ENSG00000135334,AKIRIN2,Q53H80,S,125,0.484276323033235
23068,ENSG00000106290,TAF6,P49848,S,636,0.408902691147362
23069,ENSG00000168067,MAP4K2,Q12851,S,298,0.41373935591701
23070,ENSG00000167173,C15orf39,Q6ZRI6,S,497,0.312980871875078
23075,ENSG00000047932,GOPC,Q9HD26,S,439,0.113839371337576
23076,ENSG00000099290,WASHC2A,Q641Q2,S,552,0.204124158161318
23077,ENSG00000004766,VPS50,Q96JG6,S,19,0.262236571023388
23080,ENSG00000160551,TAOK1,Q7L7X3,S,993,0.226442549161102
23081,ENSG00000204406,MBD5,Q9P267,S,507,0.168198493642446
23082,ENSG00000147162,OGT,O15294,S,1045,0.109702693202623
23083,ENSG00000009950,MLXIPL,Q9NP71,S,602,0.327457950353738
23085,ENSG00000109756,RAPGEF2,Q9Y4G8,S,1095,0.195665560442331
23089,ENSG00000217128,FNIP1,Q8TF40,S,174,0.115145756202558
23090,ENSG00000158290,CUL4B,Q13620,S,64,0.0956488292257729
23093,ENSG00000143850,PLEKHA6,Q9Y2H5,S,461,0.516034730642449
23094,ENSG00000117114,ADGRL2,O95490,S,1253,0.0884428078408419
23095,ENSG00000095637,SORBS1,Q9BX66,T,349,0.20023233594998
23096,ENSG00000100393,EP300,Q09472,T,1724,0.137590030705097
23097,ENSG00000171885,AQP4,P55087,S,322,0.390025065356123
23099,ENSG00000136560,TANK,Q92844,S,357,0.420768263961859
23102,ENSG00000107290,SETX,Q7Z333,S,615,0.251136245663372
23104,ENSG00000168334,XIRP1,Q702N8,S,925,0.129421547544548
23105,ENSG00000042062,RIPOR3,Q96MK2,S,24,0.576805951908357
23109,ENSG00000164830,OXR1,Q8N573,S,91,0.415434252887209
23110,ENSG00000102030,NAA10,P41227,S,216,0.32333892113928
23111,ENSG00000173517,PEAK1,Q9H792,S,823,0.133024624537129
23112,ENSG00000117859,OSBPL9,Q96SU4,S,324,0.287023140709988
23113,ENSG00000196814,MVB12B,Q9H7P6,T,226,0.372990558368562
23114,ENSG00000128951,DUT,P33316,S,243,0.431395852841821
23115,ENSG00000105617,LENG1,Q96BZ8,S,59,0.414425063642516
23116,ENSG00000144635,DYNC1LI1,Q9Y6G9,S,523,0.344951567780031
23117,ENSG00000162636,FAM102B,Q5T8I3,S,239,0.442646456762318
23118,ENSG00000055609,KMT2C,Q8NEZ4,S,4263,0.170433986169727
23119,ENSG00000136478,TEX2,Q8IWB9,S,593,0.242900070154667
23124,ENSG00000167981,ZNF597,Q96LX8,S,326,0.373960867884181
23127,ENSG00000039560,RAI14,Q9P0K7,S,263,0.117854308686911
23130,ENSG00000118058,KMT2A,Q03164,T,2172,0.0530774942614896
23132,ENSG00000165119,HNRNPK,P61978,S,75,0.368454166769127
23133,ENSG00000204592,HLA-E,P13747,S,353,0.18912601591278
23135,ENSG00000132300,PTCD3,Q96EY7,S,681,0.339215327948542
23138,ENSG00000100580,TMED8,Q6PL24,S,21,0.391378205009636
23139,ENSG00000143079,CTTNBP2NL,Q9P2B4,S,488,0.590951238713783
23141,ENSG00000224531,SMIM13,P0DJ93,S,50,0.448882091575505
23142,ENSG00000196498,NCOR2,Q9Y618,S,753,0.332689280083518
23150,ENSG00000173889,PHC3,Q8NDX5,S,287,0.227187495248629
23151,ENSG00000167861,HID1,Q8IV36,S,648,0.112297699816288
23152,ENSG00000164209,SLC25A46,Q96AG3,S,32,0.313521891310456
23153,ENSG00000237330,RNF223,E7ERA6,S,19,0.207922024579266
23154,ENSG00000132849,PATJ,Q8NI35,S,806,0.0939996454263173
23157,ENSG00000154153,RETREG1,Q9H6L5,S,487,0.483714109586495
23160,ENSG00000087206,UIMC1,Q96RL1,S,44,0.577095028190189
23161,ENSG00000023287,RB1CC1,Q8TDY2,S,1484,0.278611034795848
23166,ENSG00000100345,MYH9,P35579,S,1916,0.500592800681323
23167,ENSG00000196091,MYBPC1,Q00872,S,162,0.113367516981902
23168,ENSG00000152661,GJA1,P17302,S,314,0.556127509846817
23170,ENSG00000108557,RAI1,Q7Z5J4,S,1122,0.209357071529011
23171,ENSG00000128050,PAICS,P22234,T,354,0.552528198674581
23175,ENSG00000185650,ZFP36L1,Q07352,S,70,0.165930120318213
23176,ENSG00000186350,RXRA,P19793,S,260,0.553385537578362
23177,ENSG00000168334,XIRP1,Q702N8,S,138,0.0818039548772192
23178,ENSG00000130985,UBA1,P22314,S,28,0.206574376475799
23179,ENSG00000151491,EPS8,Q12929,Y,602,0.44614120944006
23180,ENSG00000134255,CEPT1,Q9Y6K0,S,18,0.435989731490262
23182,ENSG00000125354,SEPT6,Q14141,S,408,0.49210940197173
23185,ENSG00000149115,TNKS1BP1,Q9C0C2,S,1181,0.14297487908033
23187,ENSG00000026025,VIM,P08670,Y,53,0.66680640363163
23189,ENSG00000110841,PPFIBP1,Q86W92,S,1009,0.244942702797452
23190,ENSG00000169895,SYAP1,Q96A49,T,268,0.499548484230261
23194,ENSG00000163539,CLASP2,O75122,S,320,0.141670543549033
23196,ENSG00000136895,GARNL3,Q5VVW2,S,991,0.227459421867109
23198,ENSG00000165119,HNRNPK,P61978,S,141,0.346016515834032
23199,ENSG00000008735,MAPK8IP2,Q13387,S,254,0.338205445775006
23200,ENSG00000117713,ARID1A,O14497,S,90,0.0347515811615517
23204,ENSG00000169047,IRS1,P35568,S,312,0.404085488427999
23206,ENSG00000105323,HNRNPUL1,Q9BUJ2,Y,510,0.481877939137995
23207,ENSG00000143376,SNX27,Q96L92,S,49,0.163917864953373
23208,ENSG00000160877,NACC1,Q96RE7,S,188,0.297079944364105
23209,ENSG00000171992,SYNPO,Q8N3V7,S,890,0.323704633022234
23211,ENSG00000177485,ZBTB33,Q86T24,T,244,0.170682870949488
23213,ENSG00000104687,GSR,P00390,T,383,0.745807828299499
23214,ENSG00000141738,GRB7,Q14451,S,366,0.184848705863269
23215,ENSG00000204469,PRRC2A,P48634,T,1108,0.217194616901117
23216,ENSG00000128709,HOXD9,P28356,S,146,0.304798386723888
23220,ENSG00000049089,COL9A2,Q14055,S,329,0.253923641960282
23222,ENSG00000125637,PSD4,Q8NDX1,S,443,0.17352970765699
23224,ENSG00000101191,DIDO1,Q9BTC0,S,1030,0.282170684961066
23225,ENSG00000196872,KIAA1211L,Q6NV74,S,185,0.211734999103319
23226,ENSG00000169398,PTK2,Q05397,T,575,0.372826386678234
23230,ENSG00000143569,UBAP2L,Q14157,T,844,0.445834098318172
23231,ENSG00000177238,TRIM72,Q6ZMU5,S,255,0.215894970488799
23234,ENSG00000151612,ZNF827,Q17R98,S,207,0.364815784517811
23235,ENSG00000099889,ARVCF,O00192,S,606,0.332076464578168
23237,ENSG00000151748,SAV1,Q9H4B6,S,90,0.590372859261621
23240,ENSG00000143093,STRIP1,Q5VSL9,Y,62,0.465834065008566
23244,ENSG00000163939,PBRM1,Q86U86,S,353,0.310385771125783
23245,ENSG00000130309,COLGALT1,Q8NBJ5,S,612,0.405629451403874
23246,ENSG00000129245,FXR2,P51116,T,451,0.280159248692253
23247,ENSG00000048392,RRM2B,Q7LG56,S,18,0.161304128428265
23249,ENSG00000144674,GOLGA4,Q13439,T,43,0.158262480155317
23252,ENSG00000023516,AKAP11,Q9UKA4,Y,424,0.521596445079835
23255,ENSG00000276045,ORAI1,Q96D31,S,298,0.306707730836613
23259,ENSG00000130584,ZBTB46,Q86UZ6,S,290,0.177082050685685
23263,ENSG00000146426,TIAM2,Q8IVF5,S,201,0.289594681457005
23265,ENSG00000135723,FHOD1,Q9Y613,S,573,0.220348248310568
23267,ENSG00000167880,EVPL,Q92817,S,1392,0.0964489686588759
23268,ENSG00000133454,MYO18B,Q8IUG5,S,25,0.101118863568723
23272,ENSG00000001629,ANKIB1,Q9P2G1,S,912,0.107453049519627
23273,ENSG00000149633,KIAA1755,Q5JYT7,S,548,0.232569141484048
23274,ENSG00000031823,RANBP3,Q9H6Z4,S,96,0.324190525868362
23280,ENSG00000167978,SRRM2,Q9UQ35,T,1063,0.221070256252525
23281,ENSG00000109089,CDR2L,Q86X02,S,167,0.211399033922451
23283,ENSG00000085832,EPS15,P42566,T,615,0.0833699257090093
23284,ENSG00000106829,TLE4,Q04727,S,210,0.122046964288652
23287,ENSG00000151208,DLG5,Q8TDM6,T,1301,0.333087369917365
23289,ENSG00000179218,CALR,P27797,S,195,0.104316367923144
23290,ENSG00000154310,TNIK,Q9UKE5,S,326,0.490335056021746
23292,ENSG00000099331,MYO9B,Q13459,S,2004,0.154934013539125
23293,ENSG00000106771,TMEM245,Q9H330,S,15,0.359051835134211
23296,ENSG00000039560,RAI14,Q9P0K7,S,515,0.241382971005003
23297,ENSG00000078674,PCM1,Q15154,S,68,0.239737251044379
23298,ENSG00000160877,NACC1,Q96RE7,S,514,0.14609690054866
23299,ENSG00000066933,MYO9A,B2RTY4,S,813,0.279728009858672
23300,ENSG00000099381,SETD1A,O15047,S,468,0.223888410873207
23302,ENSG00000080200,CRYBG3,Q68DQ2,S,2272,0.216889392831012
23303,ENSG00000182504,CEP97,Q8IW35,S,770,0.282477415130544
23305,ENSG00000087274,ADD1,P35611,S,436,0.56224055539178
23307,ENSG00000141027,NCOR1,O75376,T,1386,0.186799383736559
23308,ENSG00000187522,HSPA14,Q0VDF9,T,420,0.323414899245246
23312,ENSG00000078699,CBFA2T2,O43439,S,264,0.457886200082515
23313,ENSG00000187325,TAF9B,Q9HBM6,S,147,0.508367277949135
23314,ENSG00000154309,DISP1,Q96F81,S,1350,0.11108020853179
23315,ENSG00000065526,SPEN,Q96T58,S,3025,0.369873761653685
23317,ENSG00000237441,RGL2,O15211,S,748,0.247345331945951
23319,ENSG00000079819,EPB41L2,O43491,S,57,0.272899894945842
23322,ENSG00000033327,GAB2,Q9UQC2,T,636,0.419247910057434
23324,ENSG00000197555,SIPA1L1,O43166,S,1645,0.286731695889675
23325,ENSG00000114019,AMOTL2,Q9Y2J4,S,667,0.241813466705109
23326,ENSG00000120899,PTK2B,Q14289,T,842,0.450929207267444
23328,ENSG00000136205,TNS3,Q68CZ2,S,919,0.157233548769591
23329,ENSG00000182827,ACBD3,Q9H3P7,T,18,0.27002235783209
23330,ENSG00000171467,ZNF318,Q5VUA4,T,2027,0.0571087329097654
23331,ENSG00000163814,CDCP1,Q9H5V8,Y,806,0.848726582022995
23332,ENSG00000159166,LAD1,O00515,T,387,0.127938748362687
23333,ENSG00000056586,RC3H2,Q9HBD1,S,982,0.195102492913361
23337,ENSG00000083168,KAT6A,Q92794,S,996,0.268369492873996
23338,ENSG00000105559,PLEKHA4,Q9H4M7,S,244,0.106457689177967
23339,ENSG00000144747,TMF1,P82094,T,931,0.274893361869882
23340,ENSG00000149929,HIRIP3,Q9BW71,S,100,0.32265248699238
23341,ENSG00000196208,GREB1,Q4ZG55,T,1150,0.0408210897127422
23343,ENSG00000131037,EPS8L1,Q8TE68,S,118,0.209500215333775
23344,ENSG00000171729,TMEM51,Q9NW97,S,155,0.469395612243278
23346,ENSG00000051009,FAM160A2,Q8N612,T,902,0.349670198949788
23347,ENSG00000171223,JUNB,P17275,T,102,0.541874798738987
23348,ENSG00000160469,BRSK1,Q8TDC3,T,535,0.189598508524479
23352,ENSG00000177663,IL17RA,Q96F46,S,726,0.170436137190413
23353,ENSG00000103005,USB1,Q9BQ65,S,36,0.470238461629177
23356,ENSG00000241852,C8orf58,Q8NAV2,S,233,0.271905835315813
23361,ENSG00000143486,EIF2D,P41214,S,404,0.124824124770856
23362,ENSG00000227500,SCAMP4,Q969E2,T,194,0.306198723510383
23364,ENSG00000151718,WWC2,Q6AWC2,S,269,0.305430401328129
23365,ENSG00000136854,STXBP1,P61764,S,89,0.0914098168735192
23367,ENSG00000065054,SLC9A3R2,Q15599,T,284,0.130866505120343
23371,ENSG00000151640,DPYSL4,O14531,S,542,0.163483984092168
23373,ENSG00000143569,UBAP2L,Q14157,S,604,0.277165351442895
23374,ENSG00000140694,PARN,O95453,S,572,0.416861946282837
23383,ENSG00000131051,RBM39,Q14498,S,336,0.239683943888847
23384,ENSG00000163995,ABLIM2,Q6H8Q1,S,294,0.882514101100293
23387,ENSG00000145907,G3BP1,Q13283,S,231,0.550654374556307
23388,ENSG00000065618,COL17A1,Q9UMD9,S,314,0.175197892763761
23390,ENSG00000187446,CHP1,Q99653,S,26,0.224013970594046
23391,ENSG00000116299,KIAA1324,Q6UXG2,S,960,0.263031797926024
23392,ENSG00000188959,C9orf152,Q5JTZ5,S,90,0.151789338607478
23396,ENSG00000047188,YTHDC2,Q9H6S0,S,1208,0.244029658962228
23399,ENSG00000107957,SH3PXD2A,Q5TCZ1,S,596,0.192503651332146
23401,ENSG00000133805,AMPD3,Q01432,T,109,0.103386159852836
23402,ENSG00000176915,ANKLE2,Q86XL3,S,807,0.387027905337312
23403,ENSG00000133030,MPRIP,Q6WCQ1,S,362,0.434229016373767
23404,ENSG00000078053,AMPH,O00499,S,276,0.119229284974998
23405,ENSG00000170832,USP32,Q8NFA0,S,1363,0.228009987488761
23406,ENSG00000101109,STK4,Q13043,S,320,0.654012735030871
23407,ENSG00000120253,NUP43,Q8NFH3,S,315,0.1358303114024
23409,ENSG00000198758,EPS8L3,Q8TE67,S,214,0.170956674450003
23410,ENSG00000186153,WWOX,Q9NZC7,S,14,0.64686443088431
23412,ENSG00000265808,SEC22B,O75396,S,164,0.414307697132171
23413,ENSG00000163539,CLASP2,O75122,S,311,0.106410419914347
23414,ENSG00000162302,RPS6KA4,O75676,S,343,0.80898520481078
23415,ENSG00000107159,CA9,Q16790,S,448,0.412480144497416
23416,ENSG00000214814,FER1L6,Q2WGJ9,S,62,0.190956064421321
23417,ENSG00000116871,MAP7D1,Q3KQU3,S,368,0.601138188609029
23418,ENSG00000089737,DDX24,Q9GZR7,S,92,0.279553777308451
23420,ENSG00000149269,PAK1,Q13153,T,219,0.605640727678681
23421,ENSG00000156508,EEF1A1,P68104,S,414,0.336583918139867
23422,ENSG00000137656,BUD13,Q9BRD0,S,258,0.289542221007947
23424,ENSG00000131018,SYNE1,Q8NF91,S,5989,0.14644703478029
23425,ENSG00000107263,RAPGEF1,Q13905,S,217,0.426219532181125
23426,ENSG00000197943,PLCG2,P16885,S,957,0.302787576985753
23427,ENSG00000174231,PRPF8,Q6P2Q9,S,2060,0.134298840850917
23430,ENSG00000108256,NUFIP2,Q7Z417,Y,218,0.638779495492052
23432,ENSG00000099814,CEP170B,Q9Y4F5,S,887,0.0722334025429954
23436,ENSG00000116604,MEF2D,Q14814,S,219,0.465265100172732
23437,ENSG00000040633,PHF23,Q9BUL5,S,79,0.331062393595936
23438,ENSG00000058729,RIOK2,Q9BVS4,S,483,0.635431012438106
23441,ENSG00000175467,SART1,O43290,S,84,0.42773091753518
23442,ENSG00000161813,LARP4,Q71RC2,S,382,0.363141862225715
23443,ENSG00000161547,SRSF2,Q01130,S,220,0.410330633941693
23444,ENSG00000163110,PDLIM5,Q96HC4,S,282,0.136467350271587
23447,ENSG00000168014,C2CD3,Q4AC94,S,976,0.211135184688328
23448,ENSG00000204469,PRRC2A,P48634,T,1607,0.105007347975733
23449,ENSG00000265808,SEC22B,O75396,T,140,0.302049017257796
23454,ENSG00000022567,SLC45A4,Q5BKX6,S,348,0.306465667316692
23455,ENSG00000070476,ZXDC,Q2QGD7,S,34,0.411945808102111
23456,ENSG00000136628,EPRS,P07814,S,816,0.20332460395612
23457,ENSG00000170873,MTSS1,O43312,S,272,0.511854477643049
23460,ENSG00000162105,SHANK2,Q9UPX8,S,1382,0.31244538348143
23461,ENSG00000215301,DDX3X,O00571,S,131,0.410956138441919
23463,ENSG00000182253,SYNM,O15061,S,1435,0.295166309432811
23466,ENSG00000122786,CALD1,Q05682,T,753,0.420789050213476
23468,ENSG00000156471,PTDSS1,P48651,T,436,0.366378456670079
23471,ENSG00000277443,MARCKS,P29966,S,131,0.274303985335705
23473,ENSG00000058272,PPP1R12A,O14974,S,525,0.273708897834561
23474,ENSG00000167978,SRRM2,Q9UQ35,S,1085,0.163037783398305
23476,ENSG00000136205,TNS3,Q68CZ2,T,718,0.0646425027697689
23477,ENSG00000176853,FAM91A1,Q658Y4,S,674,0.267867571892731
23479,ENSG00000103404,USP31,Q70CQ4,S,1111,0.336742563903603
23480,ENSG00000136068,FLNB,O75369,T,2017,0.150160097107097
23481,ENSG00000107816,LZTS2,Q9BRK4,S,242,0.400013075011763
23483,ENSG00000129675,ARHGEF6,Q15052,S,569,0.262212872539154
23484,ENSG00000185813,PCYT2,Q99447,T,341,0.391177137248378
23486,ENSG00000143924,EML4,Q9HC35,S,980,0.207157335033918
23488,ENSG00000165238,WNK2,Q9Y3S1,S,1818,0.30265278286759
23489,ENSG00000140320,BAHD1,Q8TBE0,S,180,0.297252395525817
23495,ENSG00000179094,PER1,O15534,S,1279,0.273491566538473
23497,ENSG00000078403,MLLT10,P55197,S,370,0.214335796705123
23499,ENSG00000131711,MAP1B,P46821,S,1421,0.21297796524998
23500,ENSG00000122694,GLIPR2,Q9H4G4,S,55,0.581001117242911
23507,ENSG00000166501,PRKCB,P05771,S,120,0.106112429222561
23509,ENSG00000135597,REPS1,Q96D71,S,558,0.422370834840076
23510,ENSG00000182732,RGS6,P49758,S,244,0.239737277135
23511,ENSG00000148158,SNX30,Q5VWJ9,S,37,0.273600283040593
23513,ENSG00000109062,SLC9A3R1,O14745,T,293,0.392713512639451
23514,ENSG00000102221,JADE3,Q92613,S,85,0.331232896564131
23515,ENSG00000044446,PHKA2,P46019,S,1040,0.211515857763699
23516,ENSG00000167526,RPL13,P26373,S,106,0.915327236713599
23518,ENSG00000137776,SLTM,Q9NWH9,S,550,0.346093227616323
23519,ENSG00000143476,DTL,Q9NZJ0,S,453,0.0928148360051447
23521,ENSG00000101940,WDR13,Q9H1Z4,S,81,0.386538576853
23522,ENSG00000114982,KANSL3,Q9P2N6,S,536,0.548229704465948
23523,ENSG00000106789,CORO2A,Q92828,S,423,0.484017646367814
23524,ENSG00000188807,TMEM201,Q5SNT2,S,529,0.296745029031371
23529,ENSG00000005020,SKAP2,O75563,S,8,0.200327385699978
23530,ENSG00000172367,PDZD3,Q86UT5,S,436,0.220517855524215
23531,ENSG00000111961,SASH1,O94885,S,701,0.295396954217316
23535,ENSG00000159231,CBR3,O75828,S,192,0.450189407599175
23537,ENSG00000096384,HSP90AB1,P08238,T,446,0.376007229519986
23540,ENSG00000057294,PKP2,Q99959,Y,119,0.391921859931036
23542,ENSG00000172869,DMXL1,Q9Y485,S,429,0.147612424310231
23543,ENSG00000124383,MPHOSPH10,O00566,S,242,0.261010954954489
23544,ENSG00000144218,AFF3,P51826,S,393,0.184218176099532
23546,ENSG00000138495,COX17,Q14061,S,14,0.597145858341387
23547,ENSG00000258366,RTEL1,Q9NZ71,S,847,0.231660114938332
23550,ENSG00000044446,PHKA2,P46019,S,979,0.394956990736678
23553,ENSG00000181827,RFX7,Q2KHR2,T,1025,0.365896345568515
23554,ENSG00000119965,C10orf88,Q9H8K7,S,302,0.146047657864808
23555,ENSG00000178919,FOXE1,O00358,S,308,0.366851355201984
23556,ENSG00000139436,GIT2,Q14161,S,394,0.441761968674621
23557,ENSG00000105971,CAV2,P51636,S,23,0.477751282380376
23558,ENSG00000165006,UBAP1,Q9NZ09,S,289,0.294606048702322
23559,ENSG00000079246,XRCC5,P13010,S,175,0.253718886145896
23561,ENSG00000170873,MTSS1,O43312,S,294,0.265325620491115
23562,ENSG00000164867,NOS3,P29474,S,624,0.0736605252370404
23563,ENSG00000155256,ZFYVE27,Q5T4F4,S,16,0.154374246167099
23564,ENSG00000198561,CTNND1,O60716,T,177,0.331542522339029
23569,ENSG00000167880,EVPL,Q92817,S,1799,0.189332816174178
23570,ENSG00000118058,KMT2A,Q03164,S,1837,0.356730827137731
23572,ENSG00000130475,FCHO1,O14526,S,523,0.393507376352684
23575,ENSG00000110841,PPFIBP1,Q86W92,S,599,0.443792636154137
23576,ENSG00000104067,TJP1,Q07157,S,824,0.298896866392741
23577,ENSG00000172613,RAD9A,Q99638,S,341,0.612983895898246
23578,ENSG00000164715,LMTK2,Q8IWU2,S,601,0.207862488095461
23579,ENSG00000137145,DENND4C,Q5VZ89,S,1556,0.0570865206721008
23580,ENSG00000128512,DOCK4,Q8N1I0,S,1599,0.23800686811828
23581,ENSG00000105486,LIG1,P18858,T,97,0.289622606650424
23582,ENSG00000187796,CARD9,Q9H257,S,431,0.535552052510819
23585,ENSG00000165655,ZNF503,Q96F45,S,228,0.311534110122362
23587,ENSG00000156030,ELMSAN1,Q6PJG2,S,625,0.217182855962751
23588,ENSG00000164118,CEP44,Q9C0F1,T,346,0.56101270300081
23590,ENSG00000032219,ARID4A,P29374,S,676,0.218427445275025
23591,ENSG00000178209,PLEC,Q15149,S,4400,0.157179660987789
23594,ENSG00000121774,KHDRBS1,Q07666,S,29,0.272158415464227
23595,ENSG00000101333,PLCB4,Q15147,T,886,0.350253037963758
23597,ENSG00000159216,RUNX1,Q01196,Y,260,0.394500360658357
23599,ENSG00000213699,SLC35F6,Q8N357,T,365,0.386432128602782
23601,ENSG00000169047,IRS1,P35568,T,446,0.591598641206853
23605,ENSG00000143457,GOLPH3L,Q9H4A5,S,112,0.369294587304804
23606,ENSG00000179604,CDC42EP4,Q9H3Q1,S,51,0.455684175722198
23607,ENSG00000146112,PPP1R18,Q6NYC8,S,490,0.459562800981455
23608,ENSG00000258890,CEP95,Q96GE4,S,243,0.0923374350013214
23611,ENSG00000179409,GEMIN4,P57678,S,205,0.371505007689767
23612,ENSG00000180921,FAM83H,Q6ZRV2,S,1024,0.310567270734479
23614,ENSG00000064300,NGFR,P08138,S,425,0.465184672342271
23615,ENSG00000151322,NPAS3,Q8IXF0,S,639,0.240069880546904
23616,ENSG00000196235,SUPT5H,O00267,S,755,0.128487002916683
23618,ENSG00000124198,ARFGEF2,Q9Y6D5,S,1534,0.187415063638217
23621,ENSG00000130749,ZC3H4,Q9UPT8,S,907,0.243870302435484
23622,ENSG00000123352,SPATS2,Q86XZ4,S,484,0.292393424336579
23623,ENSG00000138688,KIAA1109,Q2LD37,S,1529,0.0539213613062801
23624,ENSG00000144283,PKP4,Q99569,S,136,0.11890894538167
23627,ENSG00000204469,PRRC2A,P48634,S,1115,0.138439526435215
23630,ENSG00000060237,WNK1,Q9H4A3,S,2286,0.395091765730387
23632,ENSG00000164209,SLC25A46,Q96AG3,T,44,0.313802016609995
23635,ENSG00000167447,SMG8,Q8ND04,S,895,0.421658562911577
23636,ENSG00000002834,LASP1,Q14847,S,198,0.313270991192834
23637,ENSG00000256463,SALL3,Q9BXA9,S,1177,0.486596511698577
23639,ENSG00000170004,CHD3,Q12873,S,1545,0.194553440404523
23640,ENSG00000163704,PRRT3,Q5FWE3,S,911,0.233110959876824
23642,ENSG00000128989,ARPP19,P56211,T,22,0.174713369479966
23643,ENSG00000080815,PSEN1,P49768,S,324,0.794721568393415
23644,ENSG00000265808,SEC22B,O75396,S,174,0.510067185728774
23645,ENSG00000164190,NIPBL,Q6KC79,S,588,0.189057515765502
23648,ENSG00000165156,ZHX1,Q9UKY1,T,647,0.0898942830034043
23650,ENSG00000006740,ARHGAP44,Q17R89,S,809,0.225057923356516
23652,ENSG00000173517,PEAK1,Q9H792,S,837,0.226879370127615
23654,ENSG00000143772,ITPKB,P27987,S,63,0.0774152938350039
23655,ENSG00000197043,ANXA6,P08133,S,13,0.591727520947873
23658,ENSG00000152234,ATP5F1A,P25705,S,184,0.531323473158241
23659,ENSG00000232434,AJM1,C9J069,S,499,0.391362385869485
23660,ENSG00000120802,TMPO,P42166,S,158,0.362044652834243
23661,ENSG00000119669,IRF2BPL,Q9H1B7,S,553,0.278887076660819
23663,ENSG00000133026,MYH10,P35580,S,1293,0.104162729133458
23669,ENSG00000106771,TMEM245,Q9H330,S,327,0.400849829363491
23670,ENSG00000101150,TPD52L2,O43399,S,94,0.386276419770504
23671,ENSG00000155827,RNF20,Q5VTR2,S,524,0.354964708183191
23673,ENSG00000196116,TDRD7,Q8NHU6,S,859,0.319043202748818
23676,ENSG00000035403,VCL,P18206,S,345,0.216127485469562
23677,ENSG00000165699,TSC1,Q92574,S,521,0.218896172350088
23678,ENSG00000123200,ZC3H13,Q5T200,S,642,0.258692373676244
23680,ENSG00000157103,SLC6A1,P30531,S,591,0.0953043132200344
23683,ENSG00000140694,PARN,O95453,S,570,0.497051786086381
23684,ENSG00000079332,SAR1A,Q9NR31,T,164,0.276958429951576
23688,ENSG00000127419,TMEM175,Q9BSA9,T,6,0.263149114393534
23691,ENSG00000146038,DCDC2,Q9UHG0,S,438,0.201566039598142
23694,ENSG00000133612,AGAP3,Q96P47,T,442,0.251993064765795
23696,ENSG00000104142,VPS18,Q9P253,S,689,0.188069628468892
23699,ENSG00000006607,FARP2,O94887,S,399,0.39549822948257
23700,ENSG00000170185,USP38,Q8NB14,S,895,0.137381515934758
23701,ENSG00000171316,CHD7,Q9P2D1,T,2492,0.310372427346767
23703,ENSG00000130158,DOCK6,Q96HP0,S,2036,0.310296172519346
23704,ENSG00000105875,WDR91,A4D1P6,S,274,0.260201658521585
23705,ENSG00000145362,ANK2,Q01484,S,3795,0.150952595339031
23707,ENSG00000177485,ZBTB33,Q86T24,S,188,0.31683058590457
23711,ENSG00000143416,SELENBP1,Q13228,S,286,0.246017544069599
23714,ENSG00000072195,SPEG,Q15772,S,540,0.195811681011725
23715,ENSG00000178882,RFLNA,Q6ZTI6,S,35,0.23759199875529
23716,ENSG00000138162,TACC2,O95359,S,1283,0.0882831360116683
23719,ENSG00000177728,TMEM94,Q12767,S,225,0.454321631751795
23720,ENSG00000157741,UBN2,Q6ZU65,S,1036,0.33341842324552
23722,ENSG00000188883,KLRG2,A4D1S0,T,141,0.462326415857481
23723,ENSG00000106460,TMEM106B,Q9NUM4,S,33,0.205646818164304
23724,ENSG00000166963,MAP1A,P78559,T,1957,0.231754742845256
23729,ENSG00000151320,AKAP6,Q13023,S,424,0.199276794155678
23730,ENSG00000107957,SH3PXD2A,Q5TCZ1,S,767,0.33979163941501
23733,ENSG00000002586,CD99,P14209,S,89,0.113712691009069
23734,ENSG00000099968,BCL2L13,Q9BXK5,S,298,0.406317383819539
23738,ENSG00000119938,PPP1R3C,Q9UQK1,S,33,0.331787983622617
23739,ENSG00000005513,SOX8,P57073,S,327,0.44539301186652
23740,ENSG00000114019,AMOTL2,Q9Y2J4,S,759,0.441750350005256
23742,ENSG00000137145,DENND4C,Q5VZ89,S,1135,0.144747595172586
23744,ENSG00000154832,CXXC1,Q9P0U4,T,227,0.40795118456699
23746,ENSG00000163104,SMARCAD1,Q9H4L7,S,132,0.370435942493524
23747,ENSG00000164168,TMEM184C,Q9NVA4,S,417,0.275774779418221
23753,ENSG00000076604,TRAF4,Q9BUZ4,S,426,0.741299644031085
23754,ENSG00000174672,BRSK2,Q8IWQ3,S,412,0.47852359239166
23756,ENSG00000023892,DEF6,Q9H4E7,S,606,0.263331778333614
23759,ENSG00000071051,NCK2,O43639,T,92,0.490237771936075
23762,ENSG00000065054,SLC9A3R2,Q15599,T,242,0.211325614631804
23764,ENSG00000173218,VANGL1,Q8TAA9,S,339,0.554790426918089
23765,ENSG00000138802,SEC24B,O95487,S,310,0.0747927549355018
23767,ENSG00000120159,CAAP1,Q9H8G2,S,94,0.31455736480776
23768,ENSG00000163125,RPRD2,Q5VT52,S,1197,0.204744064963823
23769,ENSG00000167258,CDK12,Q9NYV4,S,1082,0.234003405104842
23771,ENSG00000196872,KIAA1211L,Q6NV74,T,338,0.377035868338863
23772,ENSG00000143379,SETDB1,Q15047,S,917,0.0880358895999802
23773,ENSG00000008441,NFIX,Q14938,S,336,0.233691806005344
23774,ENSG00000146216,TTBK1,Q5TCY1,S,517,0.101771682512679
23776,ENSG00000164105,SAP30,O75446,S,138,0.730917157399115
23780,ENSG00000164078,MST1R,Q04912,S,1056,0.19108419561813
23781,ENSG00000197555,SIPA1L1,O43166,T,1405,0.259499570604339
23784,ENSG00000171467,ZNF318,Q5VUA4,S,2243,0.241393415761407
23785,ENSG00000155792,DEPTOR,Q8TB45,S,299,0.559306347582459
23787,ENSG00000118369,USP35,Q9P2H5,S,982,0.299485495329296
23788,ENSG00000178209,PLEC,Q15149,S,2791,0.264114206363539
23790,ENSG00000136514,RTP4,Q96DX8,S,186,0.134469877390455
23791,ENSG00000101605,MYOM1,P52179,S,1044,0.100594995004651
23792,ENSG00000018408,WWTR1,Q9GZV5,S,58,0.452277424122294
23793,ENSG00000143702,CEP170,Q5SW79,S,1560,0.117953764623033
23794,ENSG00000082153,BZW1,Q7L1Q6,S,411,0.635634914592277
23795,ENSG00000102921,N4BP1,O75113,T,426,0.378344456393291
23796,ENSG00000100105,PATZ1,Q9HBE1,S,249,0.538249082188756
23798,ENSG00000140443,IGF1R,P08069,S,1339,0.314868573187235
23799,ENSG00000118873,RAB3GAP2,Q9H2M9,S,916,0.171071923697471
23800,ENSG00000105323,HNRNPUL1,Q9BUJ2,T,209,0.268420830749492
23801,ENSG00000147274,RBMX,P38159,S,330,0.42282962824258
23802,ENSG00000196943,NOP9,Q86U38,S,58,0.1674094791976
23805,ENSG00000182511,FES,P07332,T,409,0.32370235517778
23806,ENSG00000143889,HNRNPLL,Q8WVV9,T,46,0.259714479897165
23807,ENSG00000179889,PDXDC1,Q6P996,S,652,0.429910519155004
23808,ENSG00000143612,C1orf43,Q9BWL3,S,215,0.425255721817717
23809,ENSG00000123066,MED13L,Q71F56,S,550,0.330576142507628
23810,ENSG00000114346,ECT2,Q9H8V3,S,397,0.509446725904866
23811,ENSG00000124942,AHNAK,Q09666,S,220,0.205895737348423
23812,ENSG00000105221,AKT2,P31751,S,478,0.586293559005319
23813,ENSG00000166855,CLPX,O76031,S,617,0.395315833779613
23819,ENSG00000072864,NDE1,Q9NXR1,T,246,0.837380231860278
23820,ENSG00000120896,SORBS3,O60504,S,593,0.111908160002543
23823,ENSG00000085224,ATRX,P46100,S,1995,0.185853650737529
23826,ENSG00000176973,FAM89B,Q8N5H3,S,188,0.188066951949359
23827,ENSG00000127527,EPS15L1,Q9UBC2,S,804,0.0815425838207535
23831,ENSG00000151131,C12orf45,Q8N5I9,S,10,0.391308213133743
23832,ENSG00000185344,ATP6V0A2,Q9Y487,S,154,0.316181458732813
23837,ENSG00000088756,ARHGAP28,Q9P2N2,S,636,0.455572915205308
23841,ENSG00000099814,CEP170B,Q9Y4F5,S,951,0.239734463279103
23843,ENSG00000198382,UVRAG,Q9P2Y5,S,508,0.520712050653172
23848,ENSG00000083642,PDS5B,Q9NTI5,T,1188,0.192017957748687
23849,ENSG00000110031,LPXN,O60711,S,267,0.47044062348289
23850,ENSG00000134532,SOX5,P35711,S,120,0.161650519981584
23851,ENSG00000147140,NONO,Q15233,S,212,0.165417159022216
23853,ENSG00000180182,MED14,O60244,S,1119,0.417960133393743
23854,ENSG00000181481,RNF135,Q8IUD6,S,159,0.170035398479514
23856,ENSG00000066855,MTFR1,Q15390,S,331,0.13782609287015
23857,ENSG00000196642,RABL6,Q3YEC7,S,596,0.474004153176002
23859,ENSG00000166348,USP54,Q70EL1,S,1056,0.0928914788209928
23861,ENSG00000160392,C19orf47,Q8N9M1,S,280,0.369478027677116
23862,ENSG00000146648,EGFR,P00533,Y,1110,0.931433605956777
23866,ENSG00000166501,PRKCB,P05771,T,314,0.232839762157661
23867,ENSG00000091732,ZC3HC1,Q86WB0,S,358,0.385867413733667
23869,ENSG00000167291,TBC1D16,Q8TBP0,S,126,0.203630904061747
23870,ENSG00000079277,MKNK1,Q9BUB5,S,460,0.409605490192634
23871,ENSG00000086758,HUWE1,Q7Z6Z7,S,2546,0.257699672534118
23873,ENSG00000172869,DMXL1,Q9Y485,T,1287,0.255448094420555
23875,ENSG00000152104,PTPN14,Q15678,S,461,0.304279187251983
23876,ENSG00000136986,DERL1,Q9BUN8,S,226,0.326675006007401
23879,ENSG00000196419,XRCC6,P12956,S,477,0.622580261362658
23882,ENSG00000143569,UBAP2L,Q14157,S,607,0.327303327051201
23884,ENSG00000144357,UBR3,Q6ZT12,S,1053,0.0861579705727211
23887,ENSG00000138674,SEC31A,O94979,S,397,0.134393869705493
23888,ENSG00000112984,KIF20A,O95235,S,256,0.276866445822645
23891,ENSG00000151229,SLC2A13,Q96QE2,S,18,0.292327038658188
23894,ENSG00000060749,QSER1,Q2KHR3,T,1248,0.286497620024505
23896,ENSG00000149182,ARFGAP2,Q8N6H7,S,146,0.708841990824966
23897,ENSG00000113580,NR3C1,P04150,S,200,0.120858626386106
23898,ENSG00000204160,ZDHHC18,Q9NUE0,S,57,0.171156044529762
23899,ENSG00000180488,MIGA1,Q8NAN2,S,293,0.183624231534265
23901,ENSG00000076108,BAZ2A,Q9UIF9,S,509,0.240264850023813
23903,ENSG00000163166,IWS1,Q96ST2,S,348,0.337984895945318
23904,ENSG00000168488,ATXN2L,Q8WWM7,S,391,0.353098182982641
23905,ENSG00000039319,ZFYVE16,Q7Z3T8,Y,219,0.363808980471312
23906,ENSG00000169057,MECP2,P51608,T,160,0.263345753824264
23907,ENSG00000125166,GOT2,P00505,S,133,0.179190716272807
23908,ENSG00000047648,ARHGAP6,O43182,S,786,0.27505946420154
23909,ENSG00000156675,RAB11FIP1,Q6WKZ4,S,190,0.293701072089083
23912,ENSG00000173905,GOLIM4,O00461,T,648,0.126910868523845
23913,ENSG00000134243,SORT1,Q99523,S,819,0.278759178666819
23914,ENSG00000166963,MAP1A,P78559,S,2197,0.17589588112503
23916,ENSG00000112320,SOBP,A7XYQ1,S,629,0.233027008037433
23917,ENSG00000104903,LYL1,P12980,S,276,0.33968006179559
23918,ENSG00000105281,SLC1A5,Q15758,S,535,0.355742796931624
23921,ENSG00000010810,FYN,P06241,S,26,0.290139747461445
23924,ENSG00000106772,PRUNE2,Q8WUY3,S,682,0.114898567944084
23925,ENSG00000101150,TPD52L2,O43399,S,141,0.110683890098559
23926,ENSG00000145725,PPIP5K2,O43314,S,498,0.219637740115615
23928,ENSG00000066629,EML1,O00423,S,160,0.404458271835164
23929,ENSG00000109618,SEPSECS,Q9HD40,S,14,0.318774917048507
23930,ENSG00000187098,MITF,O75030,S,414,0.455912988360093
23931,ENSG00000197256,KANK2,Q63ZY3,S,175,0.27413259879591
23933,ENSG00000048707,VPS13D,Q5THJ4,S,1042,0.573171899059129
23935,ENSG00000100983,GSS,P48637,S,415,0.459201491316714
23937,ENSG00000157510,AFAP1L1,Q8TED9,S,349,0.344936823342854
23939,ENSG00000275342,PRAG1,Q86YV5,S,463,0.108824171265799
23940,ENSG00000111665,CDCA3,Q99618,S,209,0.613123680314156
23941,ENSG00000106682,EIF4H,Q15056,S,30,0.314026704813922
23943,ENSG00000107862,GBF1,Q92538,S,1300,0.309857787983187
23949,ENSG00000126391,FRMD8,Q9BZ67,S,460,0.141927858961433
23951,ENSG00000111145,ELK3,P41970,S,247,0.574981054097701
23952,ENSG00000148773,MKI67,P46013,S,2110,0.139974510192306
23953,ENSG00000067082,KLF6,Q99612,S,171,0.264451254722154
23954,ENSG00000173064,HECTD4,Q9Y4D8,T,1497,0.147827969066383
23955,ENSG00000124333,VAMP7,P51809,S,168,0.389778477891239
23958,ENSG00000029363,BCLAF1,Q9NYF8,S,753,0.371033405910849
23959,ENSG00000196700,ZNF512B,Q96KM6,T,662,0.203996139099325
23963,ENSG00000131374,TBC1D5,Q92609,S,538,0.397178316123153
23966,ENSG00000165895,ARHGAP42,A6NI28,S,683,0.240320072037293
23967,ENSG00000148429,USP6NL,Q92738,S,549,0.392172259030596
23969,ENSG00000077522,ACTN2,P35609,T,744,0.16961189196685
23970,ENSG00000134046,MBD2,Q9UBB5,S,183,0.353689612096532
23973,ENSG00000162522,KIAA1522,Q9P206,S,319,0.316156843755752
23974,ENSG00000196914,ARHGEF12,Q9NZN5,T,267,0.147086022331563
23975,ENSG00000107438,PDLIM1,O00151,S,133,0.286386434272852
23976,ENSG00000072952,MRVI1,Q9Y6F6,S,173,0.231419074147648
23977,ENSG00000073921,PICALM,Q13492,S,359,0.504212856806164
23978,ENSG00000150593,PDCD4,Q53EL6,S,46,0.189705318277919
23979,ENSG00000173889,PHC3,Q8NDX5,S,266,0.222709584369633
23980,ENSG00000154556,SORBS2,O94875,S,248,0.300111116065023
23981,ENSG00000072786,STK10,O94804,S,371,0.170661005291221
23983,ENSG00000197555,SIPA1L1,O43166,S,1585,0.546611566393951
23988,ENSG00000104885,DOT1L,Q8TEK3,S,902,0.47962638533157
23991,ENSG00000140829,DHX38,Q92620,S,119,0.166946980319818
23992,ENSG00000095637,SORBS1,Q9BX66,S,674,0.0664026205006331
23993,ENSG00000165995,CACNB2,Q08289,S,73,0.326993758036355
23994,ENSG00000165283,STOML2,Q9UJZ1,S,335,0.263333864315501
23996,ENSG00000169252,ADRB2,P07550,S,246,0.482896835207721
23998,ENSG00000132470,ITGB4,P16144,S,1114,0.112671229438154
24000,ENSG00000166173,LARP6,Q9BRS8,T,450,0.31767803737188
24001,ENSG00000005483,KMT2E,Q8IZD2,S,1298,0.0951899340488424
24002,ENSG00000196531,NACA,E9PAV3,T,1606,0.0672108457931853
24005,ENSG00000092439,TRPM7,Q96QT4,S,1851,0.189885011299879
24009,ENSG00000115241,PPM1G,O15355,S,173,0.275808832135479
24010,ENSG00000023516,AKAP11,Q9UKA4,Y,1530,0.322439278970834
24011,ENSG00000107159,CA9,Q16790,S,67,0.140166204509887
24014,ENSG00000158195,WASF2,Q9Y6W5,T,129,0.364076424461685
24015,ENSG00000065526,SPEN,Q96T58,S,2481,0.224947062747098
24018,ENSG00000205336,ADGRG1,Q9Y653,S,676,0.313329511571116
24019,ENSG00000196199,MPHOSPH8,Q99549,S,142,0.236982698321718
24022,ENSG00000161800,RACGAP1,Q9H0H5,T,277,0.554734320038971
24024,ENSG00000159733,ZFYVE28,Q9HCC9,S,334,0.181724905637253
24025,ENSG00000163637,PRICKLE2,Q7Z3G6,S,319,0.2169194772617
24026,ENSG00000144791,LIMD1,Q9UGP4,S,327,0.0719271930162695
24027,ENSG00000127152,BCL11B,Q9C0K0,T,776,0.360096272099661
24028,ENSG00000197415,VEPH1,Q14D04,S,353,0.19472256395345
24031,ENSG00000102858,MGRN1,O60291,S,523,0.350669157160249
24033,ENSG00000117707,PROX1,Q92786,S,177,0.358532668380425
24034,ENSG00000146872,TLK2,Q86UE8,T,98,0.372507247076282
24037,ENSG00000041515,MYO16,Q9Y6X6,S,1362,0.0751675786500186
24038,ENSG00000075391,RASAL2,Q9UJF2,S,1119,0.357774903608794
24039,ENSG00000083896,YTHDC1,Q96MU7,S,122,0.252140963277106
24043,ENSG00000115966,ATF2,P15336,T,116,0.624659784016127
24044,ENSG00000141867,BRD4,O60885,S,469,0.231885711888055
24045,ENSG00000169131,ZNF354A,O60765,T,185,0.272765183251029
24046,ENSG00000130723,PRRC2B,Q5JSZ5,S,419,0.157147392625169
24050,ENSG00000239887,C1orf226,A1L170,S,207,0.39635209883345
24054,ENSG00000033800,PIAS1,O75925,T,487,0.300340344719719
24055,ENSG00000105245,NUMBL,Q9Y6R0,T,279,0.344962239079625
24056,ENSG00000109111,SUPT6H,Q7KZ85,T,1530,0.345227587271339
24057,ENSG00000205808,PLPP6,Q8IY26,S,7,0.1640882826786
24064,ENSG00000106211,HSPB1,P04792,S,158,0.390011810470338
24066,ENSG00000198853,RUSC2,Q8N2Y8,S,911,0.0684662380796121
24070,ENSG00000092871,RFFL,Q8WZ73,S,232,0.311156475399681
24072,ENSG00000138835,RGS3,P49796,S,704,0.183052524808881
24076,ENSG00000067900,ROCK1,Q13464,S,1105,0.451249930478543
24078,ENSG00000157637,SLC38A10,Q9HBR0,S,806,0.194059590659977
24080,ENSG00000029363,BCLAF1,Q9NYF8,T,474,0.204489283744086
24082,ENSG00000122557,HERPUD2,Q9BSE4,T,90,0.400960318842068
24083,ENSG00000112701,SENP6,Q9GZR1,S,869,0.111567140896749
24086,ENSG00000149269,PAK1,Q13153,T,185,0.416174595279677
24088,ENSG00000171659,GPR34,Q9UPC5,S,355,0.612324997778395
24089,ENSG00000068400,GRIPAP1,Q4V328,S,690,0.394472696981315
24090,ENSG00000118482,PHF3,Q92576,S,1724,0.15640817729025
24092,ENSG00000198265,HELZ,P42694,S,1739,0.211627545208473
24099,ENSG00000147144,CCDC120,Q96HB5,S,358,0.440169294451243
24100,ENSG00000116711,PLA2G4A,P47712,T,268,0.455308825578133
24106,ENSG00000107104,KANK1,Q14678,Y,324,0.33990422867145
24111,ENSG00000171517,LPAR3,Q9UBY5,T,333,0.192646056218233
24114,ENSG00000105122,RASAL3,Q86YV0,S,859,0.413607385399635
24115,ENSG00000167978,SRRM2,Q9UQ35,S,395,0.210968742556787
24118,ENSG00000171316,CHD7,Q9P2D1,S,768,0.229058172193885
24120,ENSG00000136068,FLNB,O75369,S,2307,0.097367248396226
24122,ENSG00000108946,PRKAR1A,P10644,S,101,0.286889642814253
24124,ENSG00000146676,PURB,Q96QR8,S,101,0.73399967967505
24125,ENSG00000145996,CDKAL1,Q5VV42,T,499,0.382074858121854
24126,ENSG00000114857,NKTR,P30414,S,416,0.203233528990041
24127,ENSG00000139083,ETV6,P41212,Y,27,0.400112925258483
24128,ENSG00000272886,DCP1A,Q9NPI6,T,528,0.247977813346187
24129,ENSG00000112655,PTK7,Q13308,S,337,0.081355869672508
24132,ENSG00000161204,ABCF3,Q9NUQ8,S,161,0.297982231531357
24134,ENSG00000168036,CTNNB1,P35222,S,45,0.45327247762384
24136,ENSG00000138385,SSB,P05455,T,379,0.20422244256523
24137,ENSG00000100354,TNRC6B,Q9UPQ9,S,1338,0.0528263108753196
24138,ENSG00000171940,ZNF217,O75362,T,648,0.342209186751015
24139,ENSG00000148296,SURF6,O75683,S,206,0.256109925028965
24140,ENSG00000077522,ACTN2,P35609,T,237,0.230390160667589
24141,ENSG00000178184,PARD6G,Q9BYG4,S,295,0.320559512071444
24144,ENSG00000066777,ARFGEF1,Q9Y6D6,S,397,0.382603076816052
24146,ENSG00000144674,GOLGA4,Q13439,T,39,0.340755714316249
24147,ENSG00000127527,EPS15L1,Q9UBC2,S,575,0.266200080629749
24150,ENSG00000165458,INPPL1,O15357,S,147,0.139791498847718
24151,ENSG00000165633,VSTM4,Q8IW00,Y,289,0.618270356568789
24152,ENSG00000140400,MAN2C1,Q9NTJ4,S,480,0.297795571887152
24153,ENSG00000174705,SH3PXD2B,A1X283,S,649,0.192859180910822
24154,ENSG00000078140,UBE2K,P61086,S,159,0.42610716940977
24155,ENSG00000114416,FXR1,P51114,S,403,0.13375165728827
24158,ENSG00000197785,ATAD3A,Q9NVI7,S,369,0.202988713139147
24161,ENSG00000167978,SRRM2,Q9UQ35,S,1349,0.172104630723365
24163,ENSG00000167981,ZNF597,Q96LX8,S,322,0.153949154433438
24166,ENSG00000198160,MIER1,Q8N108,S,367,0.339084339918456
24171,ENSG00000115306,SPTBN1,Q01082,T,2155,0.230112002852557
24173,ENSG00000156675,RAB11FIP1,Q6WKZ4,S,545,0.228120107299409
24175,ENSG00000106772,PRUNE2,Q8WUY3,S,1719,0.198276394790218
24176,ENSG00000173597,SULT1B1,O43704,S,92,0.154771085657606
24177,ENSG00000100629,CEP128,Q6ZU80,S,331,0.352342235927083
24179,ENSG00000133131,MORC4,Q8TE76,S,532,0.159589077633969
24181,ENSG00000161904,LEMD2,Q8NC56,T,147,0.538590649482476
24183,ENSG00000125166,GOT2,P00505,Y,96,0.750020551822199
24184,ENSG00000152409,JMY,Q8N9B5,S,713,0.387674360752761
24185,ENSG00000031823,RANBP3,Q9H6Z4,S,359,0.684251318058848
24186,ENSG00000138162,TACC2,O95359,S,493,0.142877967765692
24189,ENSG00000184304,PRKD1,Q15139,S,473,0.288076150130041
24192,ENSG00000135968,GCC2,Q8IWJ2,S,236,0.141579319837526
24193,ENSG00000156531,PHF6,Q8IWS0,S,183,0.43278083949403
24194,ENSG00000165494,PCF11,O94913,S,794,0.242071246340534
24195,ENSG00000115317,HTRA2,O43464,S,350,0.125744882364015
24198,ENSG00000147459,DOCK5,Q9H7D0,S,1781,0.260148563785332
24199,ENSG00000007168,PAFAH1B1,P43034,S,81,0.361739078853616
24201,ENSG00000168143,FAM83B,Q5T0W9,S,538,0.171358784833947
24203,ENSG00000148735,PLEKHS1,Q5SXH7,S,185,0.268757234064122
24204,ENSG00000165801,ARHGEF40,Q8TER5,S,1480,0.338790562010861
24206,ENSG00000165795,NDRG2,Q9UN36,T,334,0.401782461064377
24208,ENSG00000143702,CEP170,Q5SW79,S,928,0.302984258173267
24210,ENSG00000129003,VPS13C,Q709C8,S,2485,0.258699611834011
24214,ENSG00000105063,PPP6R1,Q9UPN7,S,880,0.143862264742111
24215,ENSG00000198604,BAZ1A,Q9NRL2,S,1402,0.236675122587828
24216,ENSG00000116128,BCL9,O00512,T,888,0.47698674489707
24217,ENSG00000106351,AGFG2,O95081,S,467,0.112466159105509
24219,ENSG00000161202,DVL3,Q92997,S,643,0.325571704616022
24220,ENSG00000149136,SSRP1,Q08945,Y,441,0.3743118177043
24222,ENSG00000175198,PCCA,P05165,S,252,0.109875023475976
24223,ENSG00000122367,LDB3,O75112,S,121,0.201831030532362
24224,ENSG00000134508,CABLES1,Q8TDN4,S,421,0.343758483617963
24225,ENSG00000171132,PRKCE,Q02156,T,228,0.484305509341168
24226,ENSG00000147457,CHMP7,Q8WUX9,S,431,0.36031460006817
24228,ENSG00000167680,SEMA6B,Q9H3T3,T,805,0.111585797728331
24229,ENSG00000108679,LGALS3BP,Q08380,S,444,0.336577667882932
24230,ENSG00000204469,PRRC2A,P48634,S,18,0.233600838711758
24231,ENSG00000152518,ZFP36L2,P47974,S,123,0.325340732091417
24232,ENSG00000079308,TNS1,Q9HBL0,S,1429,0.0437295500167279
24233,ENSG00000101306,MYLK2,Q9H1R3,S,149,0.153069962195544
24237,ENSG00000072864,NDE1,Q9NXR1,T,191,0.385171477788558
24238,ENSG00000152193,RNF219,Q5W0B1,S,568,0.307398525726168
24240,ENSG00000139990,DCAF5,Q96JK2,S,464,0.200658699197933
24241,ENSG00000170471,RALGAPB,Q86X10,S,720,0.408520102127671
24243,ENSG00000121940,CLCC1,Q96S66,S,532,0.500354060975942
24244,ENSG00000159840,ZYX,Q15942,S,288,0.299569112334626
24248,ENSG00000116141,MARK1,Q9P0L2,S,463,0.23337560435974
24252,ENSG00000085365,SCAMP1,O15126,S,112,0.216065875863217
24253,ENSG00000154305,MIA3,Q5JRA6,S,1739,0.306767304083636
24254,ENSG00000105732,ZNF574,Q6ZN55,S,534,0.162157416088712
24255,ENSG00000110274,CEP164,Q9UPV0,S,455,0.302735670712223
24257,ENSG00000181588,MEX3D,Q86XN8,S,505,0.151662609471176
24259,ENSG00000146648,EGFR,P00533,S,1037,0.255959494226661
24260,ENSG00000099904,ZDHHC8,Q9ULC8,S,682,0.587807010042817
24264,ENSG00000137145,DENND4C,Q5VZ89,S,1244,0.199402816788676
24265,ENSG00000160293,VAV2,P52735,S,91,0.17769266099935
24266,ENSG00000075391,RASAL2,Q9UJF2,S,841,0.153040419609331
24269,ENSG00000198824,CHAMP1,Q96JM3,S,260,0.430806009566193
24271,ENSG00000065559,MAP2K4,P45985,S,83,0.12278403235244
24281,ENSG00000144567,RETREG2,Q8NC44,S,311,0.261522206105717
24283,ENSG00000217128,FNIP1,Q8TF40,S,714,0.202343322258261
24284,ENSG00000165684,SNAPC4,Q5SXM2,S,1400,0.34154972280823
24286,ENSG00000142676,RPL11,P62913,S,29,0.365678559203746
24287,ENSG00000055609,KMT2C,Q8NEZ4,S,177,0.0619353428578832
24288,ENSG00000011028,MRC2,Q9UBG0,S,1456,0.379673434694278
24289,ENSG00000072736,NFATC3,Q12968,S,416,0.372728575652125
24290,ENSG00000139132,FGD4,Q96M96,S,141,0.440068756636398
24293,ENSG00000169862,CTNND2,Q9UQB3,S,490,0.195670817786303
24294,ENSG00000110237,ARHGEF17,Q96PE2,S,145,0.0773573496612175
24296,ENSG00000170144,HNRNPA3,P51991,Y,360,0.613693522354882
24297,ENSG00000112379,ARFGEF3,Q5TH69,S,1856,0.104392568986176
24299,ENSG00000120913,PDLIM2,Q96JY6,S,189,0.102059230189214
24301,ENSG00000179588,ZFPM1,Q8IX07,S,786,0.278447125252088
24302,ENSG00000068796,KIF2A,O00139,S,207,0.302626945163826
24303,ENSG00000113407,TARS,P26639,T,246,0.327513221321051
24306,ENSG00000266173,STRADA,Q7RTN6,S,387,0.324416716023121
24307,ENSG00000198722,UNC13B,O14795,S,367,0.157858175977759
24308,ENSG00000141577,CEP131,Q9UPN4,S,87,0.307481098782359
24312,ENSG00000166963,MAP1A,P78559,T,960,0.224024030341185
24313,ENSG00000128731,HERC2,O95714,T,272,0.233662356266401
24314,ENSG00000103194,USP10,Q14694,S,27,0.106617598690624
24318,ENSG00000143126,CELSR2,Q9HCU4,S,2648,0.218507380467613
24324,ENSG00000007047,MARK4,Q96L34,S,543,0.529016336240187
24326,ENSG00000006634,DBF4,Q9UBU7,S,636,0.116494724059772
24329,ENSG00000196923,PDLIM7,Q9NR12,S,204,0.166520961618759
24330,ENSG00000149182,ARFGAP2,Q8N6H7,S,334,0.318517661600992
24331,ENSG00000109920,FNBP4,Q8N3X1,S,442,0.297884271025596
24334,ENSG00000130723,PRRC2B,Q5JSZ5,S,1395,0.270481472832978
24338,ENSG00000172175,MALT1,Q9UDY8,S,795,0.0824881845157494
24339,ENSG00000140464,PML,P29590,S,578,0.319936996784196
24340,ENSG00000136950,ARPC5L,Q9BPX5,S,91,0.140942345470527
24341,ENSG00000264522,OTUD7B,Q6GQQ9,T,65,0.199999784227265
24343,ENSG00000155816,FMN2,Q9NZ56,S,747,0.144311708313059
24344,ENSG00000058729,RIOK2,Q9BVS4,S,412,0.32839863941608
24349,ENSG00000112578,BYSL,Q13895,S,170,0.369940162546503
24351,ENSG00000080200,CRYBG3,Q68DQ2,S,2277,0.213030920725603
24354,ENSG00000159556,ISL2,Q96A47,S,157,0.778416221051043
24355,ENSG00000134283,PPHLN1,Q8NEY8,S,110,0.603812763009773
24356,ENSG00000165494,PCF11,O94913,S,370,0.398965944493978
24358,ENSG00000168036,CTNNB1,P35222,S,681,0.222684979510401
24361,ENSG00000165105,RASEF,Q8IZ41,S,377,0.298745876197687
24362,ENSG00000188486,H2AFX,P16104,T,121,0.179658452843583
24365,ENSG00000177374,HIC1,Q14526,S,311,0.123442487551154
24366,ENSG00000078142,PIK3C3,Q8NEB9,S,249,0.191987099182527
24367,ENSG00000136068,FLNB,O75369,Y,904,0.385774508400284
24370,ENSG00000147140,NONO,Q15233,S,262,0.323657227298866
24372,ENSG00000184363,PKP3,Q9Y446,S,283,0.336499992498815
24377,ENSG00000160712,IL6R,P08887,S,455,0.446742571942054
24378,ENSG00000164879,CA3,P07451,S,227,0.166320235457775
24379,ENSG00000058091,CDK14,O94921,T,79,0.310864890974392
24380,ENSG00000110876,SELPLG,Q14242,T,406,0.487792639200923
24382,ENSG00000174106,LEMD3,Q9Y2U8,S,111,0.142096184226524
24384,ENSG00000077235,GTF3C1,Q12789,S,757,0.14322888936495
24385,ENSG00000171860,C3AR1,Q16581,T,463,0.639856454015318
24387,ENSG00000180900,SCRIB,Q14160,T,826,0.330868903038077
24388,ENSG00000107554,DNMBP,Q6XZF7,S,684,0.205317721632086
24389,ENSG00000135999,EPC2,Q52LR7,S,119,0.321714709291896
24390,ENSG00000108256,NUFIP2,Q7Z417,S,692,0.21696388946027
24395,ENSG00000073578,SDHA,P31040,S,514,0.163978300991986
24396,ENSG00000180900,SCRIB,Q14160,S,1445,0.267157275245339
24400,ENSG00000119866,BCL11A,Q9H165,S,594,0.260828314877368
24401,ENSG00000176208,ATAD5,Q96QE3,S,306,0.240481281083848
24403,ENSG00000105699,LSR,Q86X29,S,628,0.23589101580558
24404,ENSG00000117523,PRRC2C,Q9Y520,T,1269,0.298442906680809
24405,ENSG00000032389,EIPR1,Q53HC9,S,320,0.343123975405835
24406,ENSG00000183853,KIRREL1,Q96J84,S,562,0.292896353408469
24407,ENSG00000257923,CUX1,P39880,S,1216,0.35439669539666
24408,ENSG00000141298,SSH2,Q76I76,S,899,0.186916059512595
24411,ENSG00000111077,TNS2,Q63HR2,S,1096,0.1813414183027
24412,ENSG00000166833,NAV2,Q8IVL1,S,1611,0.429397166258522
24413,ENSG00000081059,TCF7,P36402,S,37,0.147317740246961
24415,ENSG00000137501,SYTL2,Q9HCH5,S,262,0.223806233672656
24416,ENSG00000173442,EHBP1L1,Q8N3D4,S,180,0.0969878165809516
24419,ENSG00000167674,HDGFL2,Q7Z4V5,S,671,0.330101083285592
24421,ENSG00000109445,ZNF330,Q9Y3S2,S,27,0.309698181365911
24423,ENSG00000166004,CEP295,Q9C0D2,S,914,0.124743088563368
24424,ENSG00000133056,PIK3C2B,O00750,S,85,0.208389138790319
24425,ENSG00000189308,LIN54,Q6MZP7,S,150,0.201198182056482
24428,ENSG00000150347,ARID5B,Q14865,S,958,0.349578586386821
24429,ENSG00000254087,LYN,P07948,S,228,0.247291835672061
24430,ENSG00000136153,LMO7,Q8WWI1,S,1539,0.059798560527324
24432,ENSG00000103479,RBL2,Q08999,S,413,0.475783057456866
24433,ENSG00000196235,SUPT5H,O00267,S,149,0.0806205397119996
24436,ENSG00000137331,IER3,P46695,S,31,0.493587081706412
24437,ENSG00000131626,PPFIA1,Q13136,S,244,0.275805230892691
24440,ENSG00000124151,NCOA3,Q9Y6Q9,S,867,0.338807618366248
24443,ENSG00000213066,FGFR1OP,O95684,S,254,0.242227352283513
24444,ENSG00000141577,CEP131,Q9UPN4,S,534,0.375388590587715
24445,ENSG00000165699,TSC1,Q92574,S,295,0.262139193196622
24447,ENSG00000145911,N4BP3,O15049,S,176,0.217149009445088
24449,ENSG00000143294,PRCC,Q92733,T,261,0.469156474018239
24450,ENSG00000114316,USP4,Q13107,T,677,0.140723801844828
24451,ENSG00000149596,JPH2,Q9BR39,S,164,0.368745200383911
24454,ENSG00000055118,KCNH2,Q12809,S,239,0.23819412925639
24455,ENSG00000140577,CRTC3,Q6UUV7,T,394,0.269709084213142
24456,ENSG00000104517,UBR5,O95071,S,2028,0.482033842405385
24459,ENSG00000143674,MAP3K21,Q5TCX8,T,592,0.250624217194852
24460,ENSG00000065526,SPEN,Q96T58,T,1947,0.299474453240546
24461,ENSG00000112984,KIF20A,O95235,S,670,0.309033429543479
24463,ENSG00000067369,TP53BP1,Q12888,S,1673,0.267677150442073
24466,ENSG00000182253,SYNM,O15061,S,161,0.39638802798271
24468,ENSG00000067369,TP53BP1,Q12888,S,1025,0.191469768944515
24473,ENSG00000055955,ITIH4,Q14624,S,622,0.172096694714233
24474,ENSG00000129680,MAP7D3,Q8IWC1,S,185,0.55669173034792
24475,ENSG00000047648,ARHGAP6,O43182,S,366,0.302436492235358
24478,ENSG00000140464,PML,P29590,T,196,0.268600176045913
24479,ENSG00000152147,GEMIN6,Q8WXD5,S,166,0.282863113555231
24483,ENSG00000159377,PSMB4,P28070,Y,102,0.484993743753305
24484,ENSG00000065054,SLC9A3R2,Q15599,S,272,0.137754782084444
24485,ENSG00000103657,HERC1,Q15751,S,1342,0.168748340078092
24486,ENSG00000176692,FOXC2,Q99958,S,281,0.550025736091736
24490,ENSG00000115310,RTN4,Q9NQC3,S,15,0.66621918197265
24491,ENSG00000102189,EEA1,Q15075,S,49,0.213764735892437
24493,ENSG00000237649,KIFC1,Q9BW19,S,26,0.479910778864982
24495,ENSG00000176994,SMCR8,Q8TEV9,S,643,0.279688733996398
24496,ENSG00000066739,ATG2B,Q96BY7,S,236,0.0813465727371513
24497,ENSG00000103056,SMPD3,Q9NY59,S,289,0.161629415947218
24498,ENSG00000069248,NUP133,Q8WUM0,S,480,0.268452602649388
24499,ENSG00000113368,LMNB1,P20700,S,534,0.421531413435844
24501,ENSG00000054654,SYNE2,Q8WXH0,S,6459,0.134017220079904
24503,ENSG00000130723,PRRC2B,Q5JSZ5,S,1470,0.295350496117358
24504,ENSG00000170448,NFXL1,Q6ZNB6,S,108,0.412254676237619
24505,ENSG00000100345,MYH9,P35579,S,1243,0.447918664277726
24506,ENSG00000135046,ANXA1,P04083,Y,207,0.467212432799742
24507,ENSG00000158321,AUTS2,Q8WXX7,T,1211,0.199295632004766
24515,ENSG00000130775,THEMIS2,Q5TEJ8,S,441,0.200697442571867
24516,ENSG00000003989,SLC7A2,P52569,S,647,0.4311493652437
24517,ENSG00000118058,KMT2A,Q03164,S,2201,0.360480312985323
24518,ENSG00000182134,TDRKH,Q9Y2W6,S,278,0.362162219988347
24522,ENSG00000099260,PALMD,Q9NP74,T,271,0.532781593329224
24523,ENSG00000145247,OCIAD2,Q56VL3,S,149,0.385148180683953
24528,ENSG00000164684,ZNF704,Q6ZNC4,S,225,0.425732776292001
24531,ENSG00000178075,GRAMD1C,Q8IYS0,S,224,0.133886305314671
24532,ENSG00000120690,ELF1,P32519,T,191,0.449214459827735
24533,ENSG00000110002,VWA5A,O00534,S,92,0.199203898878184
24535,ENSG00000197905,TEAD4,Q15561,S,205,0.239042619786081
24536,ENSG00000217128,FNIP1,Q8TF40,S,948,0.173128952125025
24539,ENSG00000065600,TMEM206,Q9H813,S,9,0.583562273676639
24540,ENSG00000134569,LRP4,O75096,S,1887,0.554205821560745
24541,ENSG00000143337,TOR1AIP1,Q5JTV8,S,254,0.421893965216933
24543,ENSG00000144283,PKP4,Q99569,T,131,0.139332191958556
24544,ENSG00000129245,FXR2,P51116,S,525,0.315856242629382
24545,ENSG00000132323,ILKAP,Q9H0C8,S,13,0.42428996654625
24547,ENSG00000020577,SAMD4A,Q9UPU9,S,447,0.16279768090741
24548,ENSG00000007237,GAS7,O60861,T,153,0.476484144425713
24549,ENSG00000188338,SLC38A3,Q99624,S,54,0.316048730021468
24550,ENSG00000196628,TCF4,P15884,T,483,0.144667108082984
24552,ENSG00000130829,DUSP9,Q99956,S,262,0.431442349362509
24554,ENSG00000214517,PPME1,Q9Y570,S,249,0.129399988287902
24556,ENSG00000071564,TCF3,P15923,S,379,0.67278461892155
24557,ENSG00000138660,AP1AR,Q63HQ0,S,205,0.329216596102252
24558,ENSG00000142684,ZNF593,O00488,S,133,0.154653705457089
24562,ENSG00000101188,NTSR1,P30989,S,404,0.339335938253161
24565,ENSG00000156735,BAG4,O95429,S,245,0.40386983870355
24566,ENSG00000084623,EIF3I,Q13347,S,238,0.467917779544626
24567,ENSG00000044115,CTNNA1,P35221,T,634,0.348364345794913
24569,ENSG00000145362,ANK2,Q01484,S,3046,0.0734183626833102
24570,ENSG00000172725,CORO1B,Q9BR76,S,415,0.126632133155048
24572,ENSG00000198824,CHAMP1,Q96JM3,S,164,0.361519508598462
24574,ENSG00000149554,CHEK1,O14757,S,286,0.487609371019934
24576,ENSG00000132466,ANKRD17,O75179,S,1631,0.0736714451389618
24577,ENSG00000101746,NOL4,O94818,S,309,0.200048246611449
24581,ENSG00000110713,NUP98,P52948,S,1062,0.171681050992046
24584,ENSG00000162896,PIGR,P01833,S,701,0.133880056470149
24585,ENSG00000125637,PSD4,Q8NDX1,S,138,0.214718788340855
24586,ENSG00000092108,SCFD1,Q8WVM8,S,316,0.310197247692712
24588,ENSG00000182768,NGRN,Q9NPE2,S,239,0.177356723018658
24590,ENSG00000149929,HIRIP3,Q9BW71,S,102,0.387827988732351
24591,ENSG00000198863,RUNDC1,Q96C34,S,491,0.548088647212476
24592,ENSG00000105723,GSK3A,P49840,S,72,0.271522710746495
24593,ENSG00000143379,SETDB1,Q15047,S,528,0.166237528236596
24596,ENSG00000100813,ACIN1,Q9UKV3,S,484,0.168630595177715
24597,ENSG00000146411,SLC2A12,Q8TD20,S,244,0.246758750476819
24600,ENSG00000116117,PARD3B,Q8TEW8,S,730,0.325671476041907
24601,ENSG00000109971,HSPA8,P11142,S,85,0.401445899401813
24602,ENSG00000005007,UPF1,Q92900,S,956,0.288585843480234
24603,ENSG00000163602,RYBP,Q8N488,S,201,0.364025060444357
24606,ENSG00000196498,NCOR2,Q9Y618,T,748,0.252077837600581
24607,ENSG00000136848,DAB2IP,Q5VWQ8,S,722,0.474299523348031
24608,ENSG00000198399,ITSN2,Q9NZM3,S,1044,0.0462731551023131
24609,ENSG00000167548,KMT2D,O14686,T,2229,0.234953200547078
24610,ENSG00000119844,AFTPH,Q6ULP2,S,508,0.230522476859278
24611,ENSG00000264522,OTUD7B,Q6GQQ9,S,105,0.102603158365452
24612,ENSG00000088888,MAVS,Q7Z434,T,398,0.115835192169909
24614,ENSG00000080815,PSEN1,P49768,T,327,0.302301854180262
24615,ENSG00000144381,HSPD1,P10809,S,253,0.305227214544001
24616,ENSG00000177354,C10orf71,Q711Q0,T,1265,0.171633955055678
24618,ENSG00000181555,SETD2,Q9BYW2,S,2080,0.468136578378442
24619,ENSG00000141564,RPTOR,Q8N122,S,711,0.344220943690405
24620,ENSG00000198561,CTNND1,O60716,S,171,0.259735734906376
24621,ENSG00000184363,PKP3,Q9Y446,S,280,0.557130826731057
24622,ENSG00000196935,SRGAP1,Q7Z6B7,T,1001,0.486974636222344
24627,ENSG00000159348,CYB5R1,Q9UHQ9,Y,84,0.355566068061821
24629,ENSG00000183207,RUVBL2,Q9Y230,S,220,0.388743795510939
24631,ENSG00000165025,SYK,P43405,S,307,0.157625804769376
24633,ENSG00000140153,WDR20,Q8TBZ3,S,360,0.441668286543136
24635,ENSG00000170579,DLGAP1,O14490,S,397,0.226070058411334
24636,ENSG00000140795,MYLK3,Q32MK0,S,408,0.345433148193401
24639,ENSG00000197321,SVIL,O95425,S,226,0.0313813588871905
24641,ENSG00000104805,NUCB1,Q02818,S,86,0.421958711077789
24644,ENSG00000122218,COPA,P53621,S,1193,0.178511526606633
24645,ENSG00000112297,CRYBG1,Q9Y4K1,S,410,0.253359066809981
24646,ENSG00000156802,ATAD2,Q6PL18,S,141,0.229939295066374
24649,ENSG00000058272,PPP1R12A,O14974,S,908,0.251186920344719
24650,ENSG00000131016,AKAP12,Q02952,T,1484,0.194139337369736
24651,ENSG00000140262,TCF12,Q99081,S,79,0.498078553222048
24652,ENSG00000145362,ANK2,Q01484,S,2661,0.222033167616756
24654,ENSG00000005020,SKAP2,O75563,S,90,0.196157717368935
24655,ENSG00000175115,PACS1,Q6VY07,T,46,0.257596730312184
24657,ENSG00000147394,ZNF185,O15231,T,154,0.408869708355218
24661,ENSG00000113649,TCERG1,O14776,S,834,0.209027213304268
24662,ENSG00000147130,ZMYM3,Q14202,S,957,0.186867011026141
24663,ENSG00000140262,TCF12,Q99081,S,386,0.61172402111957
24665,ENSG00000064547,LPAR2,Q9HBW0,T,350,0.378228092811445
24667,ENSG00000147649,MTDH,Q86UE4,S,534,0.521313672881889
24668,ENSG00000175727,MLXIP,Q9HAP2,T,35,0.116410641466413
24669,ENSG00000148843,PDCD11,Q14690,S,1493,0.217284328085273
24671,ENSG00000147251,DOCK11,Q5JSL3,S,437,0.170304326085058
24672,ENSG00000089639,GMIP,Q9P107,S,919,0.463371187998353
24673,ENSG00000174306,ZHX3,Q9H4I2,S,680,0.353341765943045
24674,ENSG00000213047,DENND1B,Q6P3S1,S,711,0.0899928415206092
24677,ENSG00000176225,RTTN,Q86VV8,S,1526,0.207494988740886
24680,ENSG00000180900,SCRIB,Q14160,S,423,0.0709361616590651
24681,ENSG00000140534,TICRR,Q7Z2Z1,T,1105,0.360502736800988
24682,ENSG00000131730,CKMT2,P17540,T,356,0.60597212268598
24685,ENSG00000112739,PRPF4B,Q13523,S,519,0.324330947070441
24686,ENSG00000143195,ILDR2,Q71H61,S,547,0.182966226130158
24687,ENSG00000131899,LLGL1,Q15334,T,704,0.220254510488037
24688,ENSG00000117713,ARID1A,O14497,S,607,0.154532170619911
24694,ENSG00000135317,SNX14,Q9Y5W7,S,313,0.447875160181759
24696,ENSG00000155792,DEPTOR,Q8TB45,T,315,0.244291150769841
24699,ENSG00000086758,HUWE1,Q7Z6Z7,S,3818,0.217938320671631
24700,ENSG00000182253,SYNM,O15061,S,699,0.156936323558093
24701,ENSG00000136861,CDK5RAP2,Q96SN8,S,841,0.0679941008003296
24709,ENSG00000165240,ATP7A,Q04656,S,362,0.220393944465695
24710,ENSG00000143842,SOX13,Q9UN79,S,98,0.437606323034139
24711,ENSG00000155850,SLC26A2,P50443,Y,23,0.41040672186023
24712,ENSG00000099992,TBC1D10A,Q9BXI6,S,500,0.518342462422565
24713,ENSG00000129347,KRI1,Q8N9T8,S,93,0.509227451535921
24716,ENSG00000110075,PPP6R3,Q5H9R7,S,524,0.489996071844829
24717,ENSG00000159259,CHAF1B,Q13112,S,464,0.256710729723637
24719,ENSG00000104447,TRPS1,Q9UHF7,S,115,0.290275450331831
24720,ENSG00000102760,RGCC,Q9H4X1,S,75,0.521370367525138
24721,ENSG00000100354,TNRC6B,Q9UPQ9,T,565,0.0864501353778024
24722,ENSG00000115524,SF3B1,O75533,S,332,0.436882178472415
24724,ENSG00000170632,ARMC10,Q8N2F6,S,54,0.314467975513248
24725,ENSG00000182095,TNRC18,O15417,T,1880,0.0696111135413543
24727,ENSG00000169047,IRS1,P35568,S,303,0.308338207079158
24728,ENSG00000154556,SORBS2,O94875,S,298,0.405700920823818
24729,ENSG00000102879,CORO1A,P31146,S,426,0.322302869795761
24731,ENSG00000111816,FRK,P42685,Y,132,0.384597241197782
24732,ENSG00000143674,MAP3K21,Q5TCX8,S,514,0.413721939178323
24733,ENSG00000088970,KIZ,Q2M2Z5,T,455,0.344558735195315
24734,ENSG00000197106,SLC6A17,Q9H1V8,S,682,0.367010715254391
24735,ENSG00000163092,XIRP2,A4UGR9,S,621,0.162004677506197
24736,ENSG00000176692,FOXC2,Q99958,S,288,0.517034353021933
24738,ENSG00000162407,PLPP3,O14495,S,19,0.433431398196038
24740,ENSG00000148429,USP6NL,Q92738,S,659,0.327913444431336
24743,ENSG00000164405,UQCRQ,O14949,S,16,0.301848668055227
24746,ENSG00000139718,SETD1B,Q9UPS6,S,1659,0.389687360676742
24749,ENSG00000090376,IRAK3,Q9Y616,S,467,0.231474117811257
24751,ENSG00000118200,CAMSAP2,Q08AD1,S,1321,0.230050591728195
24752,ENSG00000076826,CAMSAP3,Q9P1Y5,S,376,0.0850842045016595
24753,ENSG00000180900,SCRIB,Q14160,T,1549,0.333709772329404
24755,ENSG00000153827,TRIP12,Q14669,S,1248,0.171415764964459
24756,ENSG00000079739,PGM1,P36871,T,507,0.410951176629572
24757,ENSG00000134283,PPHLN1,Q8NEY8,T,204,0.407834145679127
24758,ENSG00000167670,CHAF1A,Q13111,S,310,0.372046264861149
24759,ENSG00000214944,ARHGEF28,Q8N1W1,S,338,0.0828205640631867
24761,ENSG00000049759,NEDD4L,Q96PU5,T,344,0.207189040170834
24762,ENSG00000154928,EPHB1,P54762,S,774,0.774476109471466
24763,ENSG00000059758,CDK17,Q00537,S,122,0.509874570774112
24766,ENSG00000138771,SHROOM3,Q8TF72,S,1118,0.159427978324861
24767,ENSG00000104517,UBR5,O95071,S,169,0.262819870986023
24768,ENSG00000140563,MCTP2,Q6DN12,S,135,0.44880074912685
24770,ENSG00000137076,TLN1,Q9Y490,T,430,0.101336205259105
24774,ENSG00000148516,ZEB1,P37275,S,1016,0.212195839101721
24777,ENSG00000163125,RPRD2,Q5VT52,T,495,0.355512870996715
24778,ENSG00000142875,PRKACB,P22694,S,322,0.381368227454658
24786,ENSG00000166889,PATL1,Q86TB9,S,177,0.449713576516615
24787,ENSG00000125970,RALY,Q9UKM9,S,135,0.755461385540213
24788,ENSG00000143321,HDGF,P51858,T,225,0.38439083935931
24791,ENSG00000107404,DVL1,O14640,S,205,0.284045686339227
24793,ENSG00000068308,OTUD5,Q96G74,S,177,0.71522506942799
24794,ENSG00000132688,NES,P48681,S,913,0.242891710556158
24795,ENSG00000171634,BPTF,Q12830,S,1684,0.281535667928271
24801,ENSG00000137145,DENND4C,Q5VZ89,S,1559,0.0374482633261322
24802,ENSG00000144655,CSRNP1,Q96S65,S,45,0.233546866934848
24803,ENSG00000169057,MECP2,P51608,S,395,0.131048239925274
24804,ENSG00000182568,SATB1,Q01826,S,633,0.406882272194287
24805,ENSG00000183808,RBM12B,Q8IXT5,S,501,0.286314115461636
24807,ENSG00000138443,ABI2,Q9NYB9,T,175,0.442462109119503
24808,ENSG00000162849,KIF26B,Q2KJY2,S,1687,0.308304301224868
24809,ENSG00000080493,SLC4A4,Q9Y6R1,Y,64,0.493393327845675
24810,ENSG00000071794,HLTF,Q14527,S,400,0.404741104641615
24814,ENSG00000130147,SH3BP4,Q9P0V3,S,11,0.130421592161513
24817,ENSG00000165671,NSD1,Q96L73,S,2573,0.218030026846214
24818,ENSG00000065534,MYLK,Q15746,T,1337,0.151412296849874
24821,ENSG00000101152,DNAJC5,Q9H3Z4,T,11,0.504981695789729
24822,ENSG00000116117,PARD3B,Q8TEW8,S,575,0.254792756457101
24823,ENSG00000103043,VAC14,Q08AM6,S,743,0.330894758855192
24824,ENSG00000257315,ZBED6,P86452,S,35,0.111067684304323
24825,ENSG00000144791,LIMD1,Q9UGP4,S,145,0.388888213309021
24826,ENSG00000196792,STRN3,Q13033,T,293,0.125133401781222
24827,ENSG00000162244,RPL29,P47914,S,31,0.778381630426822
24828,ENSG00000118260,CREB1,P16220,S,256,0.13560653615709
24832,ENSG00000155827,RNF20,Q5VTR2,S,517,0.397485986666143
24833,ENSG00000078177,N4BP2,Q86UW6,S,854,0.118743756252677
24834,ENSG00000108557,RAI1,Q7Z5J4,S,345,0.406087681775661
24835,ENSG00000104093,DMXL2,Q8TDJ6,S,462,0.0888917698318972
24840,ENSG00000013523,ANGEL1,Q9UNK9,S,37,0.126119074540999
24841,ENSG00000131711,MAP1B,P46821,S,1187,0.0673762795552954
24842,ENSG00000133131,MORC4,Q8TE76,S,620,0.242860548094298
24844,ENSG00000156599,ZDHHC5,Q9C0B5,S,376,0.272999444953522
24845,ENSG00000079950,STX7,O15400,T,41,0.562607090283706
24846,ENSG00000110237,ARHGEF17,Q96PE2,S,387,0.187079365939893
24848,ENSG00000130475,FCHO1,O14526,S,616,0.402772550025865
24853,ENSG00000243156,MICAL3,Q7RTP6,T,887,0.26967747800204
24855,ENSG00000023287,RB1CC1,Q8TDY2,T,646,0.210076731100856
24858,ENSG00000070808,CAMK2A,Q9UQM7,S,330,0.127434729149475
24860,ENSG00000081923,ATP8B1,O43520,S,1207,0.601927753976874
24861,ENSG00000058272,PPP1R12A,O14974,S,472,0.5855321428735
24862,ENSG00000108551,RASD1,Q9Y272,S,232,0.206096323361332
24864,ENSG00000057294,PKP2,Q99959,S,44,0.240134728197506
24868,ENSG00000143799,PARP1,P09874,S,41,0.415017490293816
24871,ENSG00000160058,BSDC1,Q9NW68,S,92,0.358192634734011
24875,ENSG00000078674,PCM1,Q15154,S,1782,0.206377936177403
24876,ENSG00000132906,CASP9,P55211,S,307,0.478312953903635
24879,ENSG00000139641,ESYT1,Q9BSJ8,Y,822,0.743786862768961
24883,ENSG00000028116,VRK2,Q86Y07,S,339,0.475364671766226
24884,ENSG00000188559,RALGAPA2,Q2PPJ7,S,375,0.289703547312041
24886,ENSG00000166289,PLEKHF1,Q96S99,S,197,0.445602222039329
24887,ENSG00000140577,CRTC3,Q6UUV7,S,375,0.222540112840819
24890,ENSG00000140750,ARHGAP17,Q68EM7,S,676,0.546719171996232
24892,ENSG00000243156,MICAL3,Q7RTP6,S,1457,0.160740808766716
24896,ENSG00000165650,PDZD8,Q8NEN9,S,975,0.415439134289102
24902,ENSG00000147649,MTDH,Q86UE4,S,457,0.31073645924046
24904,ENSG00000157873,TNFRSF14,Q92956,S,240,0.19388179953966
24906,ENSG00000146216,TTBK1,Q5TCY1,S,529,0.107410789761373
24908,ENSG00000065809,FAM107B,Q9H098,S,78,0.299882162989091
24911,ENSG00000120526,NUDCD1,Q96RS6,T,387,0.228946308116308
24912,ENSG00000113643,RARS,P54136,S,38,0.2528690053289
24913,ENSG00000105355,PLIN3,O60664,T,216,0.436735259378719
24914,ENSG00000018510,AGPS,O00116,S,149,0.262342670352399
24915,ENSG00000125779,PANK2,Q9BZ23,S,171,0.299483752245596
24916,ENSG00000074047,GLI2,P10070,S,236,0.553489132592005
24919,ENSG00000147649,MTDH,Q86UE4,S,306,0.363711897477865
24920,ENSG00000136628,EPRS,P07814,S,882,0.315803529284123
24922,ENSG00000095370,SH2D3C,Q8N5H7,S,440,0.554270518159925
24925,ENSG00000187688,TRPV2,Q9Y5S1,S,741,0.410024561771863
24926,ENSG00000115875,SRSF7,Q16629,S,123,0.496545762534662
24927,ENSG00000154040,CABYR,O75952,T,146,0.235731120193978
24930,ENSG00000028116,VRK2,Q86Y07,S,396,0.144425236923513
24932,ENSG00000143772,ITPKB,P27987,S,456,0.149484382040837
24936,ENSG00000104870,FCGRT,P55899,T,346,0.226651316838328
24939,ENSG00000140563,MCTP2,Q6DN12,S,869,0.426585511790287
24942,ENSG00000168564,CDKN2AIP,Q9NXV6,S,402,0.414541511267454
24943,ENSG00000196531,NACA,E9PAV3,T,1326,0.18682345809181
24944,ENSG00000177733,HNRNPA0,Q13151,S,270,0.313221317506879
24945,ENSG00000171316,CHD7,Q9P2D1,T,2153,0.139026235881077
24946,ENSG00000088386,SLC15A1,P46059,S,704,0.19171896725294
24948,ENSG00000043462,LCP2,Q13094,T,341,0.498031419515898
24952,ENSG00000106443,PHF14,O94880,Y,206,0.481666754319864
24953,ENSG00000182318,ZSCAN22,P10073,S,9,0.265652735234704
24956,ENSG00000138439,FAM117B,Q6P1L5,S,388,0.402363031653539
24957,ENSG00000113387,SUB1,P53999,S,56,0.340181109573081
24958,ENSG00000123200,ZC3H13,Q5T200,S,333,0.239946058640564
24959,ENSG00000132466,ANKRD17,O75179,S,1457,0.227040614906637
24960,ENSG00000134871,COL4A2,P08572,S,1475,0.190539446767195
24961,ENSG00000090621,PABPC4,Q13310,S,644,0.326165665518379
24962,ENSG00000066084,DIP2B,Q9P265,S,9,0.166507240389186
24963,ENSG00000133454,MYO18B,Q8IUG5,S,1216,0.191081100919454
24964,ENSG00000241839,PLEKHO2,Q8TD55,S,217,0.191266854450525
24968,ENSG00000072121,ZFYVE26,Q68DK2,S,703,0.21158316643855
24969,ENSG00000103507,BCKDK,O14874,S,33,0.713905758641864
24971,ENSG00000205531,NAP1L4,Q99733,Y,55,0.365864712877625
24972,ENSG00000136560,TANK,Q92844,S,126,0.404908903540687
24973,ENSG00000165671,NSD1,Q96L73,T,1257,0.0988828622687502
24976,ENSG00000129595,EPB41L4A,Q9HCS5,S,426,0.46149584706787
24978,ENSG00000166025,AMOTL1,Q8IY63,S,787,0.107704832004773
24979,ENSG00000158106,RHPN1,Q8TCX5,S,16,0.418557988584188
24980,ENSG00000182718,ANXA2,A6NMY6,Y,333,0.331966738157104
24982,ENSG00000119866,BCL11A,Q9H165,S,718,0.363991203145321
24986,ENSG00000105357,MYH14,Q7Z406,S,220,0.28091787565807
24987,ENSG00000204371,EHMT2,Q96KQ7,T,555,0.302668603391344
24989,ENSG00000147799,ARHGAP39,Q9C0H5,S,115,0.25944832375718
24991,ENSG00000158402,CDC25C,P30307,T,48,0.654399325691756
24993,ENSG00000181826,RELL1,Q8IUW5,T,261,0.756832483643321
24995,ENSG00000173517,PEAK1,Q9H792,S,819,0.313208130946335
24999,ENSG00000164402,SEPT8,Q92599,S,141,0.309968192080659
25000,ENSG00000170873,MTSS1,O43312,S,262,0.680674335351639
25002,ENSG00000124299,PEPD,P12955,S,490,0.330561047480481
25003,ENSG00000143924,EML4,Q9HC35,S,150,0.0784795717793014
25004,ENSG00000119718,EIF2B2,P49770,S,103,0.373396467538044
25005,ENSG00000089199,CHGB,P05060,Y,624,0.514444592043601
25006,ENSG00000132356,PRKAA1,Q13131,T,526,0.346473461938881
25007,ENSG00000141570,CBX8,Q9HC52,S,265,0.461595121006893
25008,ENSG00000169592,INO80E,Q8NBZ0,S,98,0.435326649631758
25009,ENSG00000136848,DAB2IP,Q5VWQ8,S,745,0.298648580755902
25010,ENSG00000090020,SLC9A1,P19634,S,726,0.480588172829089
25011,ENSG00000143190,POU2F1,P14859,S,361,0.237130375661022
25012,ENSG00000178761,FAM219B,Q5XKK7,S,122,0.349819539312094
25013,ENSG00000174672,BRSK2,Q8IWQ3,S,466,0.241547271815348
25015,ENSG00000112297,CRYBG1,Q9Y4K1,S,348,0.13755065997358
25016,ENSG00000165185,KIAA1958,Q8N8K9,S,272,0.24231127820131
25017,ENSG00000136059,VILL,O15195,S,723,0.168113477597868
25019,ENSG00000126001,CEP250,Q9BV73,S,2390,0.165666974807012
25021,ENSG00000102699,PARP4,Q9UKK3,S,1306,0.0752708557125072
25022,ENSG00000173930,SLCO4C1,Q6ZQN7,S,79,0.377747238971737
25024,ENSG00000074054,CLASP1,Q7Z460,S,590,0.237934792181213
25025,ENSG00000001629,ANKIB1,Q9P2G1,S,782,0.223642535953876
25026,ENSG00000169129,AFAP1L2,Q8N4X5,Y,413,0.491555920180338
25027,ENSG00000106701,FSD1L,Q9BXM9,S,522,0.110748601444286
25028,ENSG00000105053,VRK3,Q8IV63,T,58,0.289056153669044
25030,ENSG00000180921,FAM83H,Q6ZRV2,T,1027,0.184947812521415
25032,ENSG00000183853,KIRREL1,Q96J84,S,552,0.36711642039154
25033,ENSG00000096401,CDC5L,Q99459,S,427,0.297150206362565
25034,ENSG00000002746,HECW1,Q76N89,S,937,0.271484322447573
25035,ENSG00000125898,FAM110A,Q9BQ89,S,244,0.503361477813673
25036,ENSG00000114098,ARMC8,Q8IUR7,S,339,0.108619083957447
25037,ENSG00000122566,HNRNPA2B1,P22626,S,71,0.248818884615423
25038,ENSG00000147394,ZNF185,O15231,S,155,0.33245664398965
25039,ENSG00000167978,SRRM2,Q9UQ35,S,2032,0.34238819582508
25040,ENSG00000176842,IRX5,P78411,S,274,0.319979424843409
25041,ENSG00000073584,SMARCE1,Q969G3,S,6,0.443163166376883
25042,ENSG00000088930,XRN2,Q9H0D6,S,451,0.355335337716543
25043,ENSG00000116871,MAP7D1,Q3KQU3,S,576,0.312994658390678
25044,ENSG00000184867,ARMCX2,Q7L311,T,215,0.133785399971928
25046,ENSG00000109756,RAPGEF2,Q9Y4G8,S,1159,0.241844715029835
25048,ENSG00000067177,PHKA1,P46020,S,1018,0.322601368315776
25050,ENSG00000102225,CDK16,Q00536,S,42,0.292696908068142
25051,ENSG00000135750,KCNK1,O00180,S,303,0.134863915143776
25053,ENSG00000196588,MKL1,O15075,T,313,0.245502856164512
25055,ENSG00000073614,KDM5A,P29375,S,1330,0.195955068647248
25056,ENSG00000145725,PPIP5K2,O43314,S,492,0.197073854082992
25059,ENSG00000127528,KLF2,Q9Y5W3,S,248,0.709030865838137
25060,ENSG00000144426,NBEAL1,Q6ZS30,S,1842,0.185539166387653
25061,ENSG00000196531,NACA,E9PAV3,S,933,0.149559525857058
25063,ENSG00000131067,GGT7,Q9UJ14,S,79,0.542921683391894
25064,ENSG00000134909,ARHGAP32,A7KAX9,S,730,0.201434567868244
25065,ENSG00000072518,MARK2,Q7KZI7,S,471,0.261450483253497
25067,ENSG00000058272,PPP1R12A,O14974,T,443,0.351005823604546
25068,ENSG00000127311,HELB,Q8NG08,S,967,0.287827664860313
25072,ENSG00000150722,PPP1R1C,Q8WVI7,T,75,0.269222604960008
25073,ENSG00000145555,MYO10,Q9HD67,T,1158,0.317366622996381
25075,ENSG00000126453,BCL2L12,Q9HB09,S,273,0.312191698097097
25077,ENSG00000101577,LPIN2,Q92539,S,245,0.364168533505801
25079,ENSG00000125817,CENPB,P07199,T,150,0.420752910361228
25080,ENSG00000143093,STRIP1,Q5VSL9,S,63,0.281095166266936
25081,ENSG00000142634,EFHD2,Q96C19,S,204,0.137614889710248
25082,ENSG00000143322,ABL2,P42684,S,819,0.291126577065884
25084,ENSG00000029363,BCLAF1,Q9NYF8,S,285,0.429463177005686
25087,ENSG00000183808,RBM12B,Q8IXT5,S,98,0.448578770301644
25088,ENSG00000088387,DOCK9,Q9BZ29,S,40,0.124873213297182
25089,ENSG00000185475,TMEM179B,Q7Z7N9,S,217,0.354434685403854
25091,ENSG00000149115,TNKS1BP1,Q9C0C2,S,1503,0.194989159393827
25092,ENSG00000159256,MORC3,Q14149,S,765,0.345853307705666
25093,ENSG00000149499,EML3,Q32P44,S,883,0.222798282174773
25094,ENSG00000186153,WWOX,Q9NZC7,T,12,0.612493308733351
25095,ENSG00000132005,RFX1,P22670,S,120,0.368226895536635
25096,ENSG00000198912,C1orf174,Q8IYL3,S,182,0.119655788237144
25103,ENSG00000160789,LMNA,P02545,S,613,0.332343254664819
25105,ENSG00000136279,DBNL,Q9UJU6,S,24,0.164644237549417
25107,ENSG00000090989,EXOC1,Q9NV70,S,499,0.331039254978101
25110,ENSG00000275342,PRAG1,Q86YV5,T,757,0.0577684114421732
25112,ENSG00000176595,KBTBD11,O94819,S,510,0.0982640848148843
25113,ENSG00000136478,TEX2,Q8IWB9,S,744,0.327124001338356
25114,ENSG00000143079,CTTNBP2NL,Q9P2B4,S,594,0.121577718711619
25115,ENSG00000172375,C2CD2L,O14523,S,59,0.147163313049242
25116,ENSG00000163629,PTPN13,Q12923,S,215,0.215191473288461
25117,ENSG00000089639,GMIP,Q9P107,S,421,0.316605582310214
25118,ENSG00000157077,ZFYVE9,O95405,S,306,0.270781939050271
25120,ENSG00000184117,NIPSNAP1,Q9BPW8,Y,261,0.419429362342691
25122,ENSG00000104067,TJP1,Q07157,S,837,0.256007888616726
25123,ENSG00000163781,TOPBP1,Q92547,T,779,0.317431437079553
25125,ENSG00000177613,CSTF2T,Q9H0L4,S,567,0.378566119267714
25126,ENSG00000059122,FLYWCH1,Q4VC44,S,503,0.381961924626477
25127,ENSG00000021826,CPS1,P31327,S,848,0.0679090691664022
25130,ENSG00000138669,PRKG2,Q13237,S,97,0.292701024557059
25131,ENSG00000145362,ANK2,Q01484,S,34,0.276998966847445
25132,ENSG00000149929,HIRIP3,Q9BW71,S,357,0.371799805075261
25133,ENSG00000177303,CASKIN2,Q8WXE0,S,711,0.223913923938177
25136,ENSG00000075702,WDR62,O43379,S,974,0.214790361054279
25138,ENSG00000138031,ADCY3,O60266,S,580,0.191860727056524
25139,ENSG00000204469,PRRC2A,P48634,S,1314,0.217941961414625
25140,ENSG00000119862,LGALSL,Q3ZCW2,S,25,0.485243405610354
25142,ENSG00000131626,PPFIA1,Q13136,S,693,0.540028039198955
25143,ENSG00000141551,CSNK1D,P48730,T,355,0.482545627487733
25148,ENSG00000143294,PRCC,Q92733,S,114,0.257590746108016
25149,ENSG00000154310,TNIK,Q9UKE5,S,766,0.238964758516819
25150,ENSG00000106070,GRB10,Q13322,S,476,0.96461711592807
25153,ENSG00000054118,THRAP3,Q9Y2W1,S,534,0.226186319353898
25154,ENSG00000124313,IQSEC2,Q5JU85,S,435,0.0578713778166086
25155,ENSG00000183808,RBM12B,Q8IXT5,S,105,0.247948464425754
25157,ENSG00000067840,PDZD4,Q76G19,S,236,0.200730083594206
25158,ENSG00000092964,DPYSL2,Q16555,S,428,0.0830466119174659
25159,ENSG00000090975,PITPNM2,Q9BZ72,S,644,0.318237996750925
25163,ENSG00000143079,CTTNBP2NL,Q9P2B4,S,484,0.299038677728019
25164,ENSG00000072518,MARK2,Q7KZI7,S,537,0.0973203865985156
25165,ENSG00000103449,SALL1,Q9NSC2,S,1119,0.228457951336522
25168,ENSG00000143373,ZNF687,Q8N1G0,S,251,0.250468696414271
25170,ENSG00000198026,ZNF335,Q9H4Z2,S,1153,0.177397331348434
25176,ENSG00000133124,IRS4,O14654,S,68,0.270825805130505
25177,ENSG00000175311,ANKS4B,Q8N8V4,S,196,0.142322266096623
25181,ENSG00000118482,PHF3,Q92576,S,1614,0.253455071404606
25183,ENSG00000158966,CACHD1,Q5VU97,S,1155,0.193854013755897
25184,ENSG00000174231,PRPF8,Q6P2Q9,T,2042,0.237908449517881
25186,ENSG00000137501,SYTL2,Q9HCH5,T,576,0.18331677087847
25187,ENSG00000159131,GART,P22102,S,10,0.198962761954725
25193,ENSG00000163781,TOPBP1,Q92547,S,860,0.385729137733925
25198,ENSG00000187690,CXorf67,Q86X51,S,410,0.257715431291303
25199,ENSG00000079819,EPB41L2,O43491,S,38,0.377006211548067
25201,ENSG00000144645,OSBPL10,Q9BXB5,T,190,0.342662922907247
25204,ENSG00000062194,GPBP1,Q86WP2,S,272,0.335736648404917
25205,ENSG00000122965,RBM19,Q9Y4C8,S,709,0.0810493280842441
25206,ENSG00000275410,HNF1B,P35680,S,52,0.260264916524276
25207,ENSG00000164465,DCBLD1,Q8N8Z6,T,602,0.483007420029591
25208,ENSG00000127152,BCL11B,Q9C0K0,T,313,0.518035794429673
25209,ENSG00000138785,INTS12,Q96CB8,S,376,0.179914073441646
25210,ENSG00000116852,KIF21B,O75037,T,1237,0.307066030517734
25213,ENSG00000179981,TSHZ1,Q6ZSZ6,S,830,0.401345580991814
25214,ENSG00000170322,NFRKB,Q6P4R8,S,347,0.242638204139457
25216,ENSG00000166272,WBP1L,Q9NX94,S,159,0.248855802943224
25218,ENSG00000103657,HERC1,Q15751,S,1428,0.394836585376367
25219,ENSG00000149503,INCENP,Q9NQS7,T,199,0.437703542020959
25222,ENSG00000135829,DHX9,Q08211,S,688,0.422733428815448
25224,ENSG00000214706,IFRD2,Q12894,S,93,0.384072199807985
25225,ENSG00000100714,MTHFD1,P11586,S,318,0.212882178611033
25226,ENSG00000172869,DMXL1,Q9Y485,S,422,0.0484602369488531
25227,ENSG00000064607,SUGP2,Q8IX01,S,1032,0.10737800678952
25229,ENSG00000163714,U2SURP,O15042,S,767,0.293933578560773
25234,ENSG00000131016,AKAP12,Q02952,S,1328,0.294800983339858
25235,ENSG00000114541,FRMD4B,Q9Y2L6,S,677,0.122093448083046
25238,ENSG00000189319,FAM53B,Q14153,S,324,0.200149443592044
25239,ENSG00000139625,MAP3K12,Q12852,S,500,0.231081571603917
25241,ENSG00000130429,ARPC1B,O15143,S,328,0.365532946699856
25242,ENSG00000112679,DUSP22,Q9NRW4,S,58,0.269715403167958
25243,ENSG00000139116,KIF21A,Q7Z4S6,S,1662,0.208628017160099
25245,ENSG00000137812,KNL1,Q8NG31,T,1011,0.219397324551975
25246,ENSG00000169032,MAP2K1,Q02750,T,292,0.879644762132975
25247,ENSG00000161813,LARP4,Q71RC2,S,673,0.317708057651547
25249,ENSG00000058272,PPP1R12A,O14974,S,680,0.533689256370209
25252,ENSG00000169957,ZNF768,Q9H5H4,S,107,0.336918495200566
25253,ENSG00000139218,SCAF11,Q99590,S,771,0.309648380147807
25254,ENSG00000006194,ZNF263,O14978,S,178,0.263742123492146
25255,ENSG00000114857,NKTR,P30414,S,471,0.225561894542784
25257,ENSG00000118363,SPCS2,Q15005,S,14,0.122020804315118
25261,ENSG00000174799,CEP135,Q66GS9,S,1130,0.407290514077974
25267,ENSG00000117983,MUC5B,Q9HC84,S,2763,0.112590808500976
25270,ENSG00000100625,SIX4,Q9UIU6,S,44,0.23798457911354
25272,ENSG00000067066,SP100,P23497,S,350,0.0949191357055342
25273,ENSG00000182095,TNRC18,O15417,S,1857,0.333470780330331
25274,ENSG00000128512,DOCK4,Q8N1I0,S,1607,0.278132553078001
25276,ENSG00000163960,UBXN7,O94888,S,278,0.419320717722705
25280,ENSG00000188643,S100A16,Q96FQ6,S,27,0.39789131590057
25283,ENSG00000136830,FAM129B,Q96TA1,S,725,0.220365215837775
25284,ENSG00000140368,PSTPIP1,O43586,S,330,0.108431692752371
25288,ENSG00000197457,STMN3,Q9NZ72,S,68,0.702989870071012
25289,ENSG00000169554,ZEB2,O60315,S,352,0.263460233380766
25292,ENSG00000128951,DUT,P33316,S,88,0.443383610710767
25296,ENSG00000188522,FAM83G,A6ND36,S,365,0.121356000706506
25297,ENSG00000113013,HSPA9,P38646,S,664,0.140555215871588
25303,ENSG00000171988,JMJD1C,Q15652,S,1982,0.168639440365345
25306,ENSG00000157916,RER1,O15258,S,2,0.458704095595915
25307,ENSG00000109756,RAPGEF2,Q9Y4G8,S,933,0.139889555191568
25308,ENSG00000187690,CXorf67,Q86X51,S,105,0.22760514241779
25309,ENSG00000142765,SYTL1,Q8IYJ3,S,392,0.293860849240651
25311,ENSG00000187109,NAP1L1,P55209,S,143,0.420682883254492
25314,ENSG00000104765,BNIP3L,O60238,S,86,0.214046996856636
25316,ENSG00000163125,RPRD2,Q5VT52,S,826,0.167662641447666
25317,ENSG00000137497,NUMA1,Q14980,S,1800,0.311427953009203
25320,ENSG00000100852,ARHGAP5,Q13017,S,1105,0.213913071103638
25322,ENSG00000175826,CTDNEP1,O95476,S,49,0.596606391199755
25323,ENSG00000198728,LDB1,Q86U70,T,61,0.366390523671116
25325,ENSG00000138386,NAB1,Q13506,S,183,0.643938767675004
25326,ENSG00000197226,TBC1D9B,Q66K14,T,397,0.451283330071329
25328,ENSG00000185950,IRS2,Q9Y4H2,S,642,0.0705959789324779
25330,ENSG00000177303,CASKIN2,Q8WXE0,S,945,0.33794904678981
25331,ENSG00000120549,KIAA1217,Q5T5P2,S,1091,0.242221961040047
25332,ENSG00000143258,USP21,Q9UK80,S,113,0.515547291959749
25337,ENSG00000141027,NCOR1,O75376,S,1543,0.163211040241908
25338,ENSG00000157851,DPYSL5,Q9BPU6,S,534,0.388706631606503
25341,ENSG00000063241,ISOC2,Q96AB3,S,202,0.160255266502198
25342,ENSG00000114982,KANSL3,Q9P2N6,S,880,0.0803542649587043
25343,ENSG00000198911,SREBF2,Q12772,S,469,0.957096120802043
25346,ENSG00000096401,CDC5L,Q99459,T,373,0.279007060138688
25347,ENSG00000132359,RAP1GAP2,Q684P5,S,668,0.559207828561064
25349,ENSG00000128512,DOCK4,Q8N1I0,S,1614,0.346265879196463
25352,ENSG00000115282,TTC31,Q49AM3,S,434,0.261642040182304
25353,ENSG00000171793,CTPS1,P17812,S,573,0.507739764135472
25355,ENSG00000108557,RAI1,Q7Z5J4,S,1192,0.304925816334393
25362,ENSG00000132024,CC2D1A,Q6P1N0,T,92,0.177217200324884
25365,ENSG00000004478,FKBP4,Q02790,S,263,0.292517655559376
25366,ENSG00000117868,ESYT2,A0FGR8,S,688,0.298588781975125
25367,ENSG00000175084,DES,P17661,S,47,0.159660615044425
25371,ENSG00000135837,CEP350,Q5VT06,S,939,0.191900692549606
25372,ENSG00000163625,WDFY3,Q8IZQ1,T,818,0.211458497619846
25373,ENSG00000140750,ARHGAP17,Q68EM7,T,759,0.473513778111852
25374,ENSG00000100813,ACIN1,Q9UKV3,T,486,0.17223788286981
25376,ENSG00000019144,PHLDB1,Q86UU1,S,546,0.223453408986827
25378,ENSG00000069956,MAPK6,Q16659,S,684,0.373038908858555
25379,ENSG00000175745,NR2F1,P10589,T,63,0.544251863614183
25380,ENSG00000182674,KCNB2,Q92953,S,488,0.244431312127644
25381,ENSG00000056097,ZFR,Q96KR1,S,195,0.407624855137231
25384,ENSG00000164327,RICTOR,Q6R327,S,1174,0.222850781704256
25385,ENSG00000148843,PDCD11,Q14690,S,926,0.230117035949408
25390,ENSG00000198780,FAM169A,Q9Y6X4,S,376,0.397625165276777
25392,ENSG00000164144,ARFIP1,P53367,S,28,0.324467520099401
25393,ENSG00000058453,CROCC,Q5TZA2,S,1218,0.111201368848625
25394,ENSG00000164830,OXR1,Q8N573,S,355,0.239500717001998
25395,ENSG00000130758,MAP3K10,Q02779,S,498,0.298642081839935
25396,ENSG00000149782,PLCB3,Q01970,S,931,0.227653343544879
25397,ENSG00000204304,PBX2,P40425,S,423,0.1163114533726
25398,ENSG00000198561,CTNND1,O60716,T,869,0.384320929683056
25400,ENSG00000215182,MUC5AC,P98088,S,5636,0.0566930739783995
25401,ENSG00000215301,DDX3X,O00571,S,86,0.370969779725882
25402,ENSG00000165912,PACSIN3,Q9UKS6,T,324,0.369572330279254
25405,ENSG00000070778,PTPN21,Q16825,S,711,0.207504036552238
25408,ENSG00000167881,SRP68,Q9UHB9,S,27,0.30567842834212
25409,ENSG00000174705,SH3PXD2B,A1X283,T,652,0.0723395387413936
25411,ENSG00000149554,CHEK1,O14757,S,296,0.416719473473795
25412,ENSG00000136051,WASHC4,Q2M389,S,1097,0.273268735034169
25413,ENSG00000150672,DLG2,Q15700,S,323,0.597235772198458
25414,ENSG00000058272,PPP1R12A,O14974,S,896,0.202814020921618
25415,ENSG00000113658,SMAD5,Q99717,S,463,0.812697751946115
25417,ENSG00000148343,MIGA2,Q7L4E1,S,116,0.366029697548788
25420,ENSG00000135604,STX11,O75558,T,241,0.17122741688378
25421,ENSG00000164694,FNDC1,Q4ZHG4,S,1083,0.120521565523256
25423,ENSG00000120896,SORBS3,O60504,S,366,0.364368581899339
25426,ENSG00000196535,MYO18A,Q92614,S,1076,0.162685446954471
25428,ENSG00000180900,SCRIB,Q14160,S,1541,0.270199843820887
25429,ENSG00000131771,PPP1R1B,Q9UD71,S,198,0.270759120957345
25430,ENSG00000136205,TNS3,Q68CZ2,Y,601,0.514669595059855
25434,ENSG00000087365,SF3B2,Q13435,T,217,0.379809137453977
25435,ENSG00000089220,PEBP1,P30086,S,98,0.341666154738305
25436,ENSG00000115234,SNX17,Q15036,S,407,0.463696292798722
25437,ENSG00000100345,MYH9,P35579,S,1057,0.1375674560449
25438,ENSG00000151322,NPAS3,Q8IXF0,S,748,0.276184408534908
25439,ENSG00000001629,ANKIB1,Q9P2G1,S,898,0.191474811032396
25440,ENSG00000162511,LAPTM5,Q13571,S,238,0.128696293495639
25441,ENSG00000198001,IRAK4,Q9NWZ3,S,152,0.439103263577694
25442,ENSG00000109814,UGDH,O60701,S,275,0.143732423679223
25443,ENSG00000110237,ARHGEF17,Q96PE2,S,569,0.178443040677154
25445,ENSG00000149115,TNKS1BP1,Q9C0C2,S,962,0.102404594426827
25446,ENSG00000105355,PLIN3,O60664,S,187,0.342756298603464
25447,ENSG00000125733,TRIP10,Q15642,S,299,0.416305114495088
25451,ENSG00000008277,ADAM22,Q9P0K1,S,866,0.292732054107757
25453,ENSG00000161929,SCIMP,Q6UWF3,S,144,0.166500769237952
25455,ENSG00000172059,KLF11,O14901,S,166,0.225351677124232
25456,ENSG00000169862,CTNND2,Q9UQB3,S,461,0.292460729764284
25460,ENSG00000103994,ZNF106,Q9H2Y7,S,859,0.417386825837298
25462,ENSG00000142733,MAP3K6,O95382,S,1144,0.112958137649997
25463,ENSG00000088002,SULT2B1,O00204,S,350,0.508963144433247
25464,ENSG00000123094,RASSF8,Q8NHQ8,S,90,0.168051444617661
25466,ENSG00000110104,CCDC86,Q9H6F5,T,182,0.392634807762034
25467,ENSG00000127481,UBR4,Q5T4S7,S,2718,0.287772045248923
25469,ENSG00000106211,HSPB1,P04792,S,135,0.438627185011234
25470,ENSG00000067177,PHKA1,P46020,S,972,0.320549095986906
25472,ENSG00000088448,ANKRD10,Q9NXR5,S,353,0.449618884682961
25477,ENSG00000060140,STYK1,Q6J9G0,S,91,0.282264208815913
25478,ENSG00000185340,GAS2L1,Q99501,S,355,0.323444359784297
25479,ENSG00000278259,MYO19,Q96H55,S,963,0.150790635811825
25482,ENSG00000065613,SLK,Q9H2G2,S,330,0.236588206535999
25484,ENSG00000167257,RNF214,Q8ND24,S,123,0.140938194981889
25485,ENSG00000115648,MLPH,Q9BV36,T,228,0.306780014396922
25486,ENSG00000065526,SPEN,Q96T58,S,2124,0.180866038115672
25492,ENSG00000163472,TMEM79,Q9BSE2,S,41,0.244298000161085
25493,ENSG00000196208,GREB1,Q4ZG55,T,1097,0.236949152802849
25494,ENSG00000151491,EPS8,Q12929,S,811,0.346254799249779
25495,ENSG00000204843,DCTN1,Q14203,T,108,0.363154077983277
25497,ENSG00000128918,ALDH1A2,O94788,S,351,0.224656019412343
25500,ENSG00000204356,NELFE,P18615,S,139,0.303237513544907
25501,ENSG00000141579,ZNF750,Q32MQ0,S,140,0.179543083871421
25504,ENSG00000160199,PKNOX1,P55347,S,33,0.267387729879565
25505,ENSG00000162105,SHANK2,Q9UPX8,S,65,0.192435749753885
25507,ENSG00000174485,DENND4A,Q7Z401,S,1589,0.424125578262377
25509,ENSG00000151304,SRFBP1,Q8NEF9,S,281,0.434585829911482
25510,ENSG00000101400,SNTA1,Q13424,S,193,0.74995277464439
25511,ENSG00000057294,PKP2,Q99959,S,294,0.413370020737185
25512,ENSG00000163932,PRKCD,Q05655,T,218,0.565139816175512
25516,ENSG00000197457,STMN3,Q9NZ72,S,60,0.475713448511063
25521,ENSG00000133030,MPRIP,Q6WCQ1,S,326,0.34870645749675
25523,ENSG00000184588,PDE4B,Q07343,S,659,0.521704830567501
25525,ENSG00000054523,KIF1B,O60333,T,1630,0.252919076593756
25527,ENSG00000100441,KHNYN,O15037,S,10,0.557304964381957
25528,ENSG00000105738,SIPA1L3,O60292,T,1702,0.105079369909319
25529,ENSG00000083168,KAT6A,Q92794,S,1136,0.234562726304777
25530,ENSG00000175084,DES,P17661,S,81,0.374488276484137
25531,ENSG00000172819,RARG,P13631,S,176,0.190379007106529
25532,ENSG00000163686,ABHD6,Q9BV23,S,115,0.168693785412904
25533,ENSG00000065361,ERBB3,P21860,S,1044,0.199153319767208
25534,ENSG00000124831,LRRFIP1,Q32MZ4,S,735,0.432218518406928
25535,ENSG00000133083,DCLK1,O15075,S,722,0.100468701604836
25537,ENSG00000175591,P2RY2,P41231,T,330,0.539186998406981
25539,ENSG00000169258,GPRIN1,Q7Z2K8,S,100,0.133555122784678
25541,ENSG00000151135,TMEM263,Q8WUH6,S,77,0.119462152462765
25542,ENSG00000167548,KMT2D,O14686,S,2251,0.231173703975755
25543,ENSG00000139697,SBNO1,A3KN83,T,686,0.0903752047125024
25547,ENSG00000175105,ZNF654,Q8IZM8,S,576,0.595831388028882
25548,ENSG00000085840,ORC1,Q13415,S,258,0.404451274658904
25551,ENSG00000180370,PAK2,Q13177,T,60,0.316860201853253
25552,ENSG00000163932,PRKCD,Q05655,T,141,0.20336683481175
25553,ENSG00000080561,MID2,Q9UJV3,S,112,0.359333004672518
25554,ENSG00000115355,CCDC88A,Q3V6T2,S,237,0.329679784403212
25555,ENSG00000168143,FAM83B,Q5T0W9,T,585,0.0663445821446062
25557,ENSG00000132688,NES,P48681,S,398,0.254524832962184
25558,ENSG00000130701,RBBP8NL,Q8NC74,S,392,0.209981768938717
25559,ENSG00000133104,SPART,Q8N0X7,S,470,0.500672510995585
25560,ENSG00000028116,VRK2,Q86Y07,S,406,0.476631545262592
25561,ENSG00000089639,GMIP,Q9P107,S,923,0.405249017835515
25562,ENSG00000163468,CCT3,P49368,S,458,0.301613173119057
25563,ENSG00000163092,XIRP2,A4UGR9,S,1622,0.111765675115038
25564,ENSG00000122779,TRIM24,O15164,S,654,0.319723380391843
25566,ENSG00000146112,PPP1R18,Q6NYC8,S,401,0.207103142905425
25569,ENSG00000112851,ERBIN,Q96RT1,T,1116,0.258320669931262
25571,ENSG00000115241,PPM1G,O15355,S,517,0.368598844528587
25572,ENSG00000118369,USP35,Q9P2H5,T,981,0.181520374328348
25574,ENSG00000171798,KNDC1,Q76NI1,S,1013,0.12861561296229
25576,ENSG00000141027,NCOR1,O75376,S,2253,0.308627792459777
25578,ENSG00000131711,MAP1B,P46821,S,1406,0.159476737533969
25580,ENSG00000154310,TNIK,Q9UKE5,S,985,0.229334492791893
25582,ENSG00000107338,SHB,Q15464,S,310,0.655428630450735
25583,ENSG00000181826,RELL1,Q8IUW5,S,153,0.124398204111029
25584,ENSG00000111077,TNS2,Q63HR2,T,103,0.103779501478803
25585,ENSG00000183840,GPR39,O43194,S,425,0.166641865071809
25586,ENSG00000146648,EGFR,P00533,T,1085,0.250537387594989
25587,ENSG00000114019,AMOTL2,Q9Y2J4,S,540,0.539842217616062
25589,ENSG00000137962,ARHGAP29,Q52LW3,T,570,0.433902806486603
25590,ENSG00000150776,NKAPD1,Q6ZUT1,T,123,0.369943189573296
25594,ENSG00000170242,USP47,Q96K76,S,940,0.0737675939828673
25595,ENSG00000146463,ZMYM4,Q5VZL5,S,1068,0.268819756425808
25597,ENSG00000188994,ZNF292,O60281,T,1017,0.0990410051289241
25601,ENSG00000145362,ANK2,Q01484,S,903,0.134474703450525
25602,ENSG00000198947,DMD,P11532,S,3541,0.342140581560669
25604,ENSG00000146376,ARHGAP18,Q8N392,T,158,0.432356377074359
25607,ENSG00000204209,DAXX,Q9UER7,S,737,0.95850799678725
25608,ENSG00000197256,KANK2,Q63ZY3,S,580,0.151078809249925
25609,ENSG00000164620,RELL2,Q8NC24,S,187,0.20105620900426
25611,ENSG00000011600,TYROBP,O43914,Y,102,0.901409089781279
25613,ENSG00000198783,ZNF830,Q96NB3,S,225,0.207911245368153
25614,ENSG00000131711,MAP1B,P46821,T,898,0.0492457679461949
25618,ENSG00000205302,SNX2,O60749,S,127,0.377243923561855
25621,ENSG00000138709,LARP1B,Q659C4,S,361,0.341809497046993
25622,ENSG00000101188,NTSR1,P30989,S,403,0.327513745377405
25623,ENSG00000002834,LASP1,Q14847,S,194,0.313899260615007
25624,ENSG00000110931,CAMKK2,Q96RR4,S,132,0.296613352304706
25625,ENSG00000198844,ARHGEF15,O94989,S,84,0.137188021033852
25627,ENSG00000005339,CREBBP,Q92793,S,2351,0.451408035541406
25628,ENSG00000115020,PIKFYVE,Q9Y2I7,S,23,0.359070750659794
25631,ENSG00000156599,ZDHHC5,Q9C0B5,S,639,0.418020547923327
25633,ENSG00000114491,UMPS,P11172,Y,37,0.733783622048938
25634,ENSG00000131711,MAP1B,P46821,S,1326,0.250339717380009
25635,ENSG00000127124,HIVEP3,Q5T1R4,S,2034,0.253671372189363
25637,ENSG00000132382,MYBBP1A,Q9BQG0,S,1159,0.253820033837725
25638,ENSG00000123143,PKN1,Q16512,S,380,0.345627823708152
25640,ENSG00000107957,SH3PXD2A,Q5TCZ1,S,819,0.539072890898147
25641,ENSG00000082397,EPB41L3,Q9Y2J2,S,867,0.133926592643658
25643,ENSG00000136636,KCTD3,Q9Y597,S,604,0.39583879324532
25646,ENSG00000155158,TTC39B,Q5VTQ0,S,126,0.10015396750563
25647,ENSG00000153071,DAB2,P98082,T,221,0.529279077046028
25648,ENSG00000129194,SOX15,O60248,S,215,0.238420852606859
25652,ENSG00000106635,BCL7B,Q9BQE9,S,118,0.40405433691392
25653,ENSG00000104067,TJP1,Q07157,T,589,0.290049129961032
25655,ENSG00000131730,CKMT2,P17540,S,233,0.27830522876097
25658,ENSG00000131711,MAP1B,P46821,S,1330,0.243562975456595
25659,ENSG00000154447,SH3RF1,Q7Z6J0,S,323,0.485538241008005
25660,ENSG00000180357,ZNF609,O15014,S,453,0.302465862255384
25661,ENSG00000148516,ZEB1,P37275,S,679,0.393948185393017
25663,ENSG00000180543,TSPYL5,Q86VY4,S,180,0.185262469879244
25668,ENSG00000151151,IPMK,Q8NFU5,S,350,0.408488418552974
25670,ENSG00000170776,AKAP13,Q12802,S,786,0.165919750571294
25672,ENSG00000171467,ZNF318,Q5VUA4,S,653,0.0916815027142903
25673,ENSG00000155792,DEPTOR,Q8TB45,S,244,0.621279467009969
25674,ENSG00000128815,WDFY4,Q6ZS81,S,1688,0.107516470927014
25675,ENSG00000029363,BCLAF1,Q9NYF8,T,526,0.168325902209389
25681,ENSG00000108592,FTSJ3,Q8IY81,S,356,0.272721790286356
25682,ENSG00000086758,HUWE1,Q7Z6Z7,S,3158,0.0383439221040526
25683,ENSG00000234068,PAGE2,Q7Z2X7,S,9,0.594669633235029
25684,ENSG00000136111,TBC1D4,O60343,S,108,0.0787359479326899
25685,ENSG00000141577,CEP131,Q9UPN4,S,499,0.120606145465915
25687,ENSG00000019102,VSIG2,Q96IQ7,S,302,0.343883931592945
25688,ENSG00000180353,HCLS1,P14317,S,299,0.168736985344165
25690,ENSG00000112739,PRPF4B,Q13523,S,518,0.357646073850196
25692,ENSG00000184368,MAP7D2,Q96T17,S,195,0.405898186806916
25693,ENSG00000185567,AHNAK2,Q8IVF2,S,56,0.148578410268085
25694,ENSG00000113645,WWC1,Q8IX03,S,144,0.141834373542744
25695,ENSG00000162402,USP24,Q9UPU5,T,2565,0.231732714362781
25696,ENSG00000031081,ARHGAP31,Q2M1Z3,S,1054,0.119178686232915
25703,ENSG00000143126,CELSR2,Q9HCU4,S,2668,0.0824984224495544
25707,ENSG00000086758,HUWE1,Q7Z6Z7,S,2377,0.274956141546338
25709,ENSG00000110693,SOX6,P35712,T,397,0.07693576099333
25710,ENSG00000151726,ACSL1,P33121,S,423,0.110250586622006
25712,ENSG00000148468,FAM171A1,Q5VUB5,S,844,0.226908149756526
25713,ENSG00000196396,PTPN1,P18031,T,338,0.237538239421361
25717,ENSG00000161011,SQSTM1,Q13501,S,24,0.714834622432526
25718,ENSG00000184867,ARMCX2,Q7L311,T,241,0.331330508336836
25722,ENSG00000146834,MEPCE,Q7L2J0,S,216,0.375552682547676
25723,ENSG00000182307,C8orf33,Q9H7E9,T,40,0.262789827279472
25724,ENSG00000166963,MAP1A,P78559,S,2425,0.139798300011733
25725,ENSG00000116991,SIPA1L2,Q9P2F8,S,284,0.208696776669606
25726,ENSG00000100028,SNRPD3,P62318,S,66,0.310133682781589
25727,ENSG00000196663,TECPR2,O15040,S,448,0.264172647915742
25728,ENSG00000109756,RAPGEF2,Q9Y4G8,S,1223,0.186716986117199
25731,ENSG00000140374,ETFA,P13804,S,140,0.648937557959533
25733,ENSG00000168310,IRF2,P14316,S,155,0.19433092796171
25734,ENSG00000104613,INTS10,Q9NVR2,T,226,0.0808880550925676
25740,ENSG00000154096,THY1,P04216,S,96,0.260838590710649
25742,ENSG00000105270,CLIP3,Q96DZ5,S,402,0.540137321231845
25745,ENSG00000154175,ABI3BP,Q7Z7G0,S,772,0.176962049308331
25746,ENSG00000155093,PTPRN2,Q92932,S,436,0.320057666795208
25747,ENSG00000138592,USP8,P40818,S,718,0.766357105641483
25748,ENSG00000129514,FOXA1,P55317,S,304,0.339645973342024
25749,ENSG00000065328,MCM10,Q7L590,S,54,0.18059670244869
25750,ENSG00000254087,LYN,P07948,Y,32,0.449314888786963
25751,ENSG00000174780,SRP72,O76094,S,620,0.38742000806778
25752,ENSG00000116852,KIF21B,O75037,S,1241,0.376360287285457
25755,ENSG00000064651,SLC12A2,P55011,T,212,0.399245530633732
25756,ENSG00000184281,TSSC4,Q9Y5U2,S,143,0.43502041810499
25757,ENSG00000066827,ZFAT,Q9P243,S,652,0.166410504055679
25758,ENSG00000065883,CDK13,Q14004,S,662,0.164227404056792
25760,ENSG00000130158,DOCK6,Q96HP0,S,40,0.277445067842839
25761,ENSG00000067369,TP53BP1,Q12888,S,360,0.0597513127201223
25765,ENSG00000171813,PWWP2B,Q6NUJ5,S,186,0.453629096435752
25767,ENSG00000102974,CTCF,P49711,T,215,0.149172916290598
25768,ENSG00000104881,PPP1R13L,Q8WUF5,T,105,0.150167266480152
25775,ENSG00000072195,SPEG,Q15772,S,2945,0.251780877905379
25776,ENSG00000064787,BCAS1,O75363,S,296,0.254812111836718
25777,ENSG00000145216,FIP1L1,Q6UN15,S,579,0.321474257684162
25778,ENSG00000113645,WWC1,Q8IX03,T,912,0.289711974237609
25780,ENSG00000089220,PEBP1,P30086,T,101,0.188380842788588
25783,ENSG00000086015,MAST2,Q6P0Q8,S,81,0.161008504302275
25784,ENSG00000146216,TTBK1,Q5TCY1,S,433,0.383353513591377
25787,ENSG00000137574,TGS1,Q96RS0,S,189,0.321363153291809
25788,ENSG00000198947,DMD,P11532,S,3621,0.141301207025766
25789,ENSG00000163946,FAM208A,Q9UK61,S,633,0.311675123308576
25790,ENSG00000036054,TBC1D23,Q9NUY8,S,469,0.315637424506786
25793,ENSG00000179094,PER1,O15534,S,830,0.290821687065855
25797,ENSG00000100241,SBF1,O95248,T,1748,0.3824187272842
25801,ENSG00000159082,SYNJ1,O43426,S,1385,0.285517070862366
25803,ENSG00000101191,DIDO1,Q9BTC0,S,1034,0.161788943432567
25804,ENSG00000138434,SSFA2,P28290,S,665,0.24845116826094
25809,ENSG00000166289,PLEKHF1,Q96S99,S,142,0.194126195187225
25814,ENSG00000116266,STXBP3,O00186,S,464,0.185775558803599
25815,ENSG00000060237,WNK1,Q9H4A3,S,1297,0.175402641107383
25816,ENSG00000079134,THOC1,Q96FV9,T,542,0.307472151144768
25817,ENSG00000152684,PELO,Q9BRX2,S,55,0.417083006193748
25819,ENSG00000104885,DOT1L,Q8TEK3,T,385,0.0612527588337803
25820,ENSG00000135926,TMBIM1,Q969X1,S,83,0.328175020522359
25824,ENSG00000074696,HACD3,Q9P035,S,135,0.465552183273435
25828,ENSG00000164877,MICALL2,Q8IY33,S,726,0.555214526641084
25829,ENSG00000102081,FMR1,P51116,S,504,0.350105637044539
25830,ENSG00000139173,TMEM117,Q9H0C3,S,456,0.137067523308598
25831,ENSG00000163931,TKT,P29401,S,104,0.454820104780322
25838,ENSG00000117713,ARID1A,O14497,S,233,0.330995158895636
25839,ENSG00000161642,ZNF385A,Q96PM9,S,384,0.344671155043864
25840,ENSG00000100393,EP300,Q09472,S,499,0.213686340577032
25843,ENSG00000124942,AHNAK,Q09666,S,201,0.18729348231457
25844,ENSG00000044574,HSPA5,P11021,S,632,0.135398180692177
25846,ENSG00000151338,MIPOL1,Q8TD10,S,42,0.177515546702226
25850,ENSG00000170242,USP47,Q96K76,S,1025,0.286855635805197
25851,ENSG00000131711,MAP1B,P46821,S,2098,0.537875948371382
25853,ENSG00000156860,FBRS,Q9HAH7,S,448,0.487704736199834
25854,ENSG00000169992,NLGN2,Q8NFZ4,S,713,0.521049545923029
25856,ENSG00000129219,PLD2,O14939,S,888,0.212528943371551
25857,ENSG00000112561,TFEB,P19484,S,138,0.485384105724152
25860,ENSG00000047644,WWC3,Q9ULE0,S,462,0.283386155623176
25861,ENSG00000163565,IFI16,Q16666,T,161,0.25249965173928
25862,ENSG00000124942,AHNAK,Q09666,S,5669,0.201340503059415
25863,ENSG00000159164,SV2A,Q7L0J3,S,127,0.377081038049368
25865,ENSG00000204574,ABCF1,Q8NE71,S,287,0.321319242437874
25868,ENSG00000137824,RMDN3,Q96TC7,S,50,0.33683384272803
25871,ENSG00000166963,MAP1A,P78559,S,1213,0.0441989146119686
25874,ENSG00000133226,SRRM1,Q8IYB3,S,750,0.335985536393702
25875,ENSG00000047849,MAP4,P27816,T,582,0.215933446566626
25876,ENSG00000064651,SLC12A2,P55011,S,944,0.436179479649128
25877,ENSG00000137776,SLTM,Q9NWH9,S,551,0.305768554982203
25881,ENSG00000105669,COPE,O14579,S,10,0.293420971144699
25883,ENSG00000100364,KIAA0930,Q6ICG6,S,353,0.727320940924823
25884,ENSG00000050820,BCAR1,P56945,Y,128,0.801254738510559
25885,ENSG00000197694,SPTAN1,Q13813,S,1990,0.086280220370468
25886,ENSG00000151458,ANKRD50,Q9ULJ7,S,1222,0.440357863032776
25887,ENSG00000112379,ARFGEF3,Q5TH69,S,628,0.0905446410019975
25888,ENSG00000161813,LARP4,Q71RC2,S,643,0.245756309881643
25889,ENSG00000138459,SLC35A5,Q9BS91,S,394,0.271251605236102
25890,ENSG00000011021,CLCN6,P51797,S,683,0.270560405643644
25891,ENSG00000114790,ARHGEF26,Q96DR7,S,22,0.239040747536054
25896,ENSG00000131016,AKAP12,Q02952,T,642,0.18184675632098
25897,ENSG00000064300,NGFR,P08138,S,308,0.396779845496274
25899,ENSG00000135823,STX6,O43752,S,127,0.334935149730455
25902,ENSG00000160360,GPSM1,Q86YR5,S,469,0.552542522796835
25903,ENSG00000152492,CCDC50,Q8IVM0,S,32,0.142887734464566
25905,ENSG00000083845,RPS5,P46782,S,52,0.445512548105433
25907,ENSG00000156531,PHF6,Q8IWS0,S,199,0.75476410818298
25908,ENSG00000168067,MAP4K2,Q12851,T,296,0.18663903308813
25909,ENSG00000138375,SMARCAL1,Q9NZC9,S,129,0.350143007432516
25910,ENSG00000197256,KANK2,Q63ZY3,S,568,0.187848214096049
25912,ENSG00000166963,MAP1A,P78559,S,2229,0.0604356224740632
25914,ENSG00000102699,PARP4,Q9UKK3,S,1504,0.169465546874933
25916,ENSG00000106443,PHF14,O94880,T,155,0.0951559704126851
25919,ENSG00000138835,RGS3,P49796,S,674,0.134944727997759
25922,ENSG00000132334,PTPRE,P23469,S,105,0.268000429960053
25923,ENSG00000067334,DNTTIP2,Q5QJE6,S,141,0.654923931685731
25924,ENSG00000167978,SRRM2,Q9UQ35,T,2316,0.29357574359178
25925,ENSG00000152409,JMY,Q8N9B5,S,58,0.411188397204629
25926,ENSG00000136205,TNS3,Q68CZ2,S,1199,0.264102308303201
25929,ENSG00000180353,HCLS1,P14317,S,134,0.542009813160301
25932,ENSG00000145819,ARHGAP26,Q9UNA1,T,577,0.0981491475748221
25933,ENSG00000149930,TAOK2,Q9UL54,S,656,0.142401295381534
25935,ENSG00000131051,RBM39,Q14498,Y,95,0.673255343477631
25936,ENSG00000133226,SRRM1,Q8IYB3,S,802,0.442617462599342
25937,ENSG00000125895,TMEM74B,Q9NUR3,S,86,0.236674796924127
25938,ENSG00000138674,SEC31A,O94979,T,1161,0.39797019132217
25944,ENSG00000075975,MKRN2,Q9H000,S,139,0.320971965107358
25945,ENSG00000067369,TP53BP1,Q12888,S,782,0.180297339730997
25946,ENSG00000078674,PCM1,Q15154,S,168,0.167751906853788
25947,ENSG00000169057,MECP2,P51608,S,396,0.122757434757992
25948,ENSG00000143702,CEP170,Q5SW79,S,633,0.216074114229707
25949,ENSG00000186517,ARHGAP30,Q7Z6I6,S,865,0.100016640801869
25950,ENSG00000197818,SLC9A8,Q9Y2E8,S,573,0.43059707973963
25951,ENSG00000113407,TARS,P26639,S,281,0.270372976722855
25954,ENSG00000170776,AKAP13,Q12802,S,1489,0.14777180884037
25955,ENSG00000144645,OSBPL10,Q9BXB5,S,188,0.510761079660176
25956,ENSG00000161513,FDXR,P22570,S,317,0.388701543548276
25959,ENSG00000155366,RHOC,P08134,S,152,0.419087976454517
25961,ENSG00000110075,PPP6R3,Q5H9R7,T,517,0.0922457441496854
25963,ENSG00000178209,PLEC,Q15149,S,4607,0.228861245090567
25965,ENSG00000006607,FARP2,O94887,S,410,0.314541780034317
25966,ENSG00000031081,ARHGAP31,Q2M1Z3,S,971,0.0640033802248589
25967,ENSG00000178685,PARP10,Q53GL7,S,1022,0.214024328322551
25969,ENSG00000106443,PHF14,O94880,S,294,0.5326959677272
25970,ENSG00000067334,DNTTIP2,Q5QJE6,T,129,0.448636320648375
25971,ENSG00000181754,AMIGO1,Q86WK6,S,477,0.603197976428633
25972,ENSG00000196323,ZBTB44,Q8NCP5,S,194,0.603486400681251
25973,ENSG00000175471,MCTP1,Q6DN14,S,989,0.286714276252223
25974,ENSG00000168014,C2CD3,Q4AC94,S,339,0.101140901193739
25976,ENSG00000116711,PLA2G4A,P47712,S,454,0.359871627094482
25977,ENSG00000109756,RAPGEF2,Q9Y4G8,S,930,0.252318960615882
25979,ENSG00000133318,RTN3,O95197,S,560,0.16424630344487
25983,ENSG00000178913,TAF7,Q15545,S,200,0.356799586412367
25985,ENSG00000198947,DMD,P11532,T,3610,0.18631333110438
25986,ENSG00000146463,ZMYM4,Q5VZL5,Y,1090,0.373174909113484
25987,ENSG00000187672,ERC2,O15083,S,18,0.288946394894831
25988,ENSG00000072786,STK10,O94804,S,485,0.327860957219155
25989,ENSG00000171729,TMEM51,Q9NW97,Y,134,0.3966489686087
25990,ENSG00000068400,GRIPAP1,Q4V328,S,669,0.320908675168239
25991,ENSG00000132382,MYBBP1A,Q9BQG0,S,1259,0.123373782159068
25992,ENSG00000005020,SKAP2,O75563,S,9,0.478335902764881
25993,ENSG00000170775,GPR37,O15354,S,594,0.237756640789716
25994,ENSG00000156599,ZDHHC5,Q9C0B5,S,693,0.339017459397798
25995,ENSG00000148343,MIGA2,Q7L4E1,T,218,0.123111178410317
25996,ENSG00000133083,DCLK1,O15075,S,312,0.247785225991194
25997,ENSG00000141027,NCOR1,O75376,S,1246,0.192499093209051
25998,ENSG00000119396,RAB14,P61106,S,180,0.358759034863795
25999,ENSG00000144596,GRIP2,Q9C0E4,S,417,0.22530180135923
26000,ENSG00000184305,CCSER1,Q9C0I3,T,132,0.394968911964621
26001,ENSG00000022567,SLC45A4,Q5BKX6,S,485,0.182084043371515
26002,ENSG00000163704,PRRT3,Q5FWE3,S,925,0.141647880200222
26004,ENSG00000146147,MLIP,Q5VWP3,S,163,0.270896012557441
26005,ENSG00000172613,RAD9A,Q99638,S,277,0.822437819076655
26007,ENSG00000149930,TAOK2,Q9UL54,S,827,0.347007689154962
26008,ENSG00000130640,TUBGCP2,Q9BSJ2,S,243,0.149947430377626
26009,ENSG00000112655,PTK7,Q13308,S,784,0.437485281836979
26010,ENSG00000169862,CTNND2,Q9UQB3,T,457,0.216761594904484
26011,ENSG00000164134,NAA15,Q9BXJ9,S,855,0.625970291023753
26012,ENSG00000115325,DOK1,Q99704,S,316,0.307502784002488
26013,ENSG00000124782,RREB1,Q92766,S,1174,0.394447625937856
26014,ENSG00000106617,PRKAG2,Q9UGJ0,S,164,0.330092116854917
26015,ENSG00000122786,CALD1,Q05682,S,723,0.301099694650788
26018,ENSG00000138162,TACC2,O95359,S,2554,0.272366997521287
26019,ENSG00000196091,MYBPC1,Q00872,S,366,0.206541125452139
26020,ENSG00000160058,BSDC1,Q9NW68,S,166,0.258306881003649
26021,ENSG00000092621,PHGDH,O43175,S,14,0.331019170495032
26022,ENSG00000235194,PPP1R3E,Q9H7J1,S,16,0.316314188841333
26023,ENSG00000170325,PRDM10,Q9NQV6,T,428,0.373422388407019
26025,ENSG00000101986,ABCD1,P33897,S,733,0.189902361653438
26026,ENSG00000144791,LIMD1,Q9UGP4,S,255,0.0877567108826955
26028,ENSG00000005339,CREBBP,Q92793,S,281,0.121820593224759
26030,ENSG00000198682,PAPSS2,O95340,S,577,0.137499299767517
26035,ENSG00000106443,PHF14,O94880,S,208,0.398514239986592
26036,ENSG00000185420,SMYD3,Q9H7B4,T,22,0.251707191886699
26038,ENSG00000048052,HDAC9,Q9UKV0,S,184,0.181347922781996
26039,ENSG00000146147,MLIP,Q5VWP3,S,67,0.415782938776512
26040,ENSG00000185442,FAM174B,Q3ZCQ3,S,151,0.183718729626739
26043,ENSG00000152104,PTPN14,Q15678,S,758,0.148939218093129
26044,ENSG00000100266,PACSIN2,Q9UNF0,T,311,0.471273718300277
26045,ENSG00000198728,LDB1,Q86U70,S,377,0.158419780276768
26048,ENSG00000156599,ZDHHC5,Q9C0B5,S,371,0.289124533446235
26049,ENSG00000133392,MYH11,P35749,S,998,0.0756156188669828
26052,ENSG00000126603,GLIS2,Q9BZE0,S,54,0.547856839686947
26061,ENSG00000104067,TJP1,Q07157,S,978,0.282575454029031
26062,ENSG00000165916,PSMC3,P17980,S,376,0.513368288261038
26064,ENSG00000135631,RAB11FIP5,Q9BXF6,S,481,0.230678114564093
26067,ENSG00000175984,DENND2C,Q68D51,S,504,0.101548553194133
26068,ENSG00000144791,LIMD1,Q9UGP4,S,187,0.495030522113668
26069,ENSG00000101972,STAG2,Q8N3U4,S,1058,0.31758034799334
26071,ENSG00000147421,HMBOX1,Q6NT76,S,152,0.322797421844742
26073,ENSG00000165443,PHYHIPL,Q96FC7,T,14,0.310441655472479
26074,ENSG00000179094,PER1,O15534,S,979,0.324868790317395
26077,ENSG00000121749,TBC1D15,Q8TC07,S,274,0.293839423750293
26078,ENSG00000149357,LAMTOR1,Q6IAA8,S,45,0.271475064778927
26079,ENSG00000163932,PRKCD,Q05655,Y,646,0.502880910935722
26081,ENSG00000168143,FAM83B,Q5T0W9,S,802,0.39613137427666
26084,ENSG00000107679,PLEKHA1,Q9HB21,S,166,0.30401325250564
26085,ENSG00000118600,RXYLT1,Q9Y2B1,S,63,0.169684993223353
26088,ENSG00000126822,PLEKHG3,A1L390,S,1034,0.339693711534174
26091,ENSG00000140332,TLE3,Q04726,T,259,0.85723795710359
26092,ENSG00000177169,ULK1,O75385,S,758,0.425286983847275
26093,ENSG00000198000,NOL8,Q76FK4,S,1036,0.192057717486699
26094,ENSG00000064607,SUGP2,Q8IX01,S,745,0.25752242622413
26095,ENSG00000198001,IRAK4,Q9NWZ3,S,157,0.417101341328878
26097,ENSG00000124067,SLC12A4,Q9UP95,S,964,0.325996611049999
26101,ENSG00000144283,PKP4,Q99569,S,106,0.278678683866731
26102,ENSG00000070159,PTPN3,P26045,T,326,0.111429818910979
26104,ENSG00000089094,KDM2B,Q8NHM5,S,57,0.36255189483305
26105,ENSG00000173153,ESRRA,P11474,S,22,0.692991971364236
26112,ENSG00000108256,NUFIP2,Q7Z417,S,113,0.302930881235637
26113,ENSG00000184640,SEPT9,Q9UHD8,T,207,0.100517189625177
26117,ENSG00000064687,ABCA7,Q8IZY2,S,2133,0.110701326820112
26122,ENSG00000154310,TNIK,Q9UKE5,S,720,0.349996091192512
26123,ENSG00000149782,PLCB3,Q01970,S,474,0.276166725019806
26124,ENSG00000204209,DAXX,Q9UER7,S,178,0.85819165606912
26125,ENSG00000134686,PHC2,Q8IXK0,S,733,0.282451228773718
26126,ENSG00000135631,RAB11FIP5,Q9BXF6,S,282,0.286894921581244
26129,ENSG00000006459,KDM7A,Q6ZMT4,S,604,0.1807616510589
26130,ENSG00000108828,VAT1,Q99536,S,27,0.28319522000344
26131,ENSG00000116539,ASH1L,Q9NR48,S,623,0.212381652710651
26132,ENSG00000112394,SLC16A10,Q8TF71,S,503,0.130439701808809
26133,ENSG00000154240,CEP112,Q8N8E3,S,202,0.29750342362132
26136,ENSG00000100726,TELO2,Q9Y4R8,S,688,0.369519861783947
26137,ENSG00000116786,PLEKHM2,Q8IWE5,S,441,0.377396467706163
26139,ENSG00000116128,BCL9,O00512,S,157,0.246882818408255
26140,ENSG00000072518,MARK2,Q7KZI7,T,472,0.291594870106506
26144,ENSG00000185813,PCYT2,Q99447,S,163,0.562551584089008
26145,ENSG00000180233,ZNRF2,Q8NHG8,S,108,0.286752239640818
26147,ENSG00000128881,TTBK2,Q6IQ55,S,1103,0.139598818482509
26148,ENSG00000130396,AFDN,P55196,S,1779,0.352946684328644
26149,ENSG00000128591,FLNC,Q14315,S,559,0.331312186059504
26152,ENSG00000075643,MOCOS,Q96EN8,S,528,0.337665508750567
26154,ENSG00000008441,NFIX,Q14938,S,341,0.529631876210721
26160,ENSG00000204138,PHACTR4,Q8IZ21,T,148,0.295816745929652
26163,ENSG00000132424,PNISR,Q8TF01,T,297,0.0905706720521374
26167,ENSG00000001561,ENPP4,Q9Y6X5,T,70,0.429838253843689
26169,ENSG00000174840,PDE12,Q6L8Q7,S,217,0.493480991050382
26170,ENSG00000203485,INF2,Q27J81,S,1149,0.24698687013193
26171,ENSG00000177106,EPS8L2,Q9H6S3,T,572,0.222563785951282
26172,ENSG00000136826,KLF4,O43474,S,236,0.377485273073803
26174,ENSG00000140859,KIFC3,Q9BVG8,S,805,0.455296656490696
26176,ENSG00000127586,CHTF18,Q8WVB6,S,865,0.271438471893614
26177,ENSG00000169398,PTK2,Q05397,S,892,0.0947763216201718
26179,ENSG00000105810,CDK6,Q00534,S,223,0.496306678656994
26180,ENSG00000136026,CKAP4,Q07065,S,84,0.114223719017352
26181,ENSG00000205726,ITSN1,Q15811,S,318,0.18731874196387
26186,ENSG00000076201,PTPN23,Q9H3S7,S,1123,0.317256222624642
26188,ENSG00000100154,TTC28,Q96AY4,S,2117,0.287515535277682
26190,ENSG00000099937,SERPIND1,P05546,T,66,0.117474576785404
26192,ENSG00000108557,RAI1,Q7Z5J4,S,1119,0.151255705528507
26195,ENSG00000023171,GRAMD1B,Q3KR37,S,21,0.533392517417766
26197,ENSG00000171219,CDC42BPG,Q6DT37,S,1484,0.191457884355856
26198,ENSG00000120688,WBP4,O75554,S,229,0.425794387621586
26199,ENSG00000166716,ZNF592,Q92610,S,529,0.225567266153719
26201,ENSG00000143621,ILF2,Q12905,S,218,0.105788667532125
26202,ENSG00000092439,TRPM7,Q96QT4,S,1569,0.299271329817213
26203,ENSG00000100207,TCF20,Q9UGU0,S,1053,0.294497465838856
26204,ENSG00000067533,RRP15,Q9Y3B9,S,85,0.110819167353083
26205,ENSG00000089063,TMEM230,Q96A57,S,23,0.522089478675632
26206,ENSG00000067208,EVI5,O60447,S,113,0.717314757523502
26207,ENSG00000187764,SEMA4D,Q92854,S,857,0.171708920361839
26208,ENSG00000106078,COBL,O75128,S,287,0.144376491770701
26212,ENSG00000148337,CIZ1,Q9ULV3,S,584,0.141587726899037
26213,ENSG00000138674,SEC31A,O94979,S,1163,0.769319780307226
26214,ENSG00000100084,HIRA,P54198,S,675,0.15482039231468
26215,ENSG00000187772,LIN28B,Q6ZN17,S,221,0.415483557247795
26218,ENSG00000144381,HSPD1,P10809,Y,243,0.423292504715495
26221,ENSG00000148690,FRA10AC1,Q70Z53,S,283,0.356855808626833
26222,ENSG00000052850,ALX4,Q9H161,S,200,0.368518458742635
26224,ENSG00000155657,TTN,Q14247,S,265,0.403955458029115
26226,ENSG00000152128,TMEM163,Q8TC26,S,11,0.415081079523944
26228,ENSG00000129667,RHBDF2,Q6PJF5,S,171,0.281575114003576
26229,ENSG00000073050,XRCC1,P18887,S,268,0.386309206583156
26230,ENSG00000131711,MAP1B,P46821,S,1203,0.140548199329086
26231,ENSG00000161642,ZNF385A,Q96PM9,T,180,0.601150795759336
26236,ENSG00000038358,EDC4,Q6P2E9,S,890,0.0791252396855741
26237,ENSG00000172661,WASHC2C,Q9Y4E1,S,550,0.314090173625377
26238,ENSG00000141867,BRD4,O60885,T,296,0.440668824166776
26241,ENSG00000125753,VASP,P50552,T,331,0.533812400257184
26242,ENSG00000198625,MDM4,O15151,T,343,0.391350132268805
26243,ENSG00000174021,GNG5,P63218,S,55,0.1499631411692
26247,ENSG00000198909,MAP3K3,Q99759,S,131,0.407761073259497
26248,ENSG00000142544,CTU1,Q7Z7A3,S,200,0.75672391368701
26249,ENSG00000078674,PCM1,Q15154,T,79,0.386615200043093
26250,ENSG00000198646,NCOA6,Q14686,T,1898,0.0441060390323913
26251,ENSG00000117000,RLF,Q13129,T,1018,0.0525440224020266
26254,ENSG00000105662,CRTC1,Q6UUV9,S,424,0.23367927542486
26255,ENSG00000063046,EIF4B,P23588,S,340,0.412905840884011
26256,ENSG00000154723,ATP5PF,P18859,S,65,0.282412017067437
26258,ENSG00000165959,CLMN,Q96JQ2,S,443,0.110586378772798
26259,ENSG00000135596,MICAL1,Q8TDZ2,S,872,0.286489727710304
26260,ENSG00000167491,GATAD2A,Q86YP4,T,42,0.118266879343744
26264,ENSG00000124782,RREB1,Q92766,T,1121,0.175405627214948
26267,ENSG00000115977,AAK1,Q2M2I8,S,14,0.34191148646624
26271,ENSG00000150593,PDCD4,Q53EL6,S,78,0.464867979776784
26273,ENSG00000133030,MPRIP,Q6WCQ1,S,218,0.232165043717408
26274,ENSG00000070808,CAMK2A,Q9UQM7,T,334,0.341797223227891
26275,ENSG00000170430,MGMT,P16455,S,14,0.579795781679516
26277,ENSG00000131069,ACSS2,Q9NR19,S,265,0.372968145779663
26280,ENSG00000100065,CARD10,Q9BWT7,S,606,0.269770543359867
26281,ENSG00000054654,SYNE2,Q8WXH0,S,4156,0.248429257642537
26284,ENSG00000109458,GAB1,Q13480,S,651,0.312560400593579
26285,ENSG00000109171,SLAIN2,Q9P270,S,247,0.645760296449374
26291,ENSG00000131374,TBC1D5,Q92609,S,564,0.387750078351188
26292,ENSG00000160789,LMNA,P02545,S,17,0.345573541821426
26297,ENSG00000126217,MCF2L,O15068,S,582,0.426606335538033
26300,ENSG00000134283,PPHLN1,Q8NEY8,S,163,0.34724205157267
26301,ENSG00000136153,LMO7,Q8WWI1,S,960,0.274018703225912
26302,ENSG00000012983,MAP4K5,Q9Y4K4,S,436,0.228311661106628
26303,ENSG00000184117,NIPSNAP1,Q9BPW8,Y,148,0.423357100927165
26305,ENSG00000066777,ARFGEF1,Q9Y6D6,S,289,0.091206853078571
26306,ENSG00000147010,SH3KBP1,Q96B97,T,254,0.362600379332982
26307,ENSG00000106018,VIPR2,P41587,S,429,0.298709330173118
26309,ENSG00000162065,TBC1D24,Q9ULP9,S,480,0.593197910185076
26310,ENSG00000154822,PLCL2,Q9UPR0,S,71,0.199942670727321
26311,ENSG00000130402,ACTN4,O43707,T,249,0.295992424169279
26312,ENSG00000214944,ARHGEF28,Q8N1W1,S,758,0.290597616528897
26313,ENSG00000147874,HAUS6,Q7Z4H7,T,823,0.316414972686175
26316,ENSG00000102931,ARL2BP,Q9Y2Y0,S,141,0.0849375434105707
26319,ENSG00000076826,CAMSAP3,Q9P1Y5,S,347,0.22816207482054
26320,ENSG00000143815,LBR,Q14739,S,99,0.577185329852947
26323,ENSG00000139436,GIT2,Q14161,S,590,0.361908298015781
26325,ENSG00000118058,KMT2A,Q03164,S,3515,0.298157891715702
26326,ENSG00000128849,CGNL1,Q0VF96,S,112,0.253203219261095
26329,ENSG00000165813,CCDC186,Q7Z3E2,S,740,0.396320314546437
26334,ENSG00000129351,ILF3,Q12906,Y,867,0.456030965746842
26335,ENSG00000140632,GLYR1,Q49A26,S,114,0.380070818526189
26336,ENSG00000012983,MAP4K5,Q9Y4K4,S,845,0.158353489432529
26340,ENSG00000125637,PSD4,Q8NDX1,S,134,0.377865383395634
26341,ENSG00000182934,SRPRA,P08240,S,177,0.342814793260504
26342,ENSG00000132780,NASP,P49321,S,706,0.256379745535446
26344,ENSG00000198160,MIER1,Q8N108,S,491,0.347484373249773
26345,ENSG00000138709,LARP1B,Q659C4,S,335,0.465334518729021
26346,ENSG00000180921,FAM83H,Q6ZRV2,S,924,0.362227303877761
26348,ENSG00000042493,CAPG,P40121,S,337,0.437413788469909
26349,ENSG00000061936,SFSWAP,Q12872,S,909,0.588421412267056
26350,ENSG00000132849,PATJ,Q8NI35,S,459,0.305998822530463
26351,ENSG00000100852,ARHGAP5,Q13017,T,985,0.0817654111525355
26354,ENSG00000146005,PSD2,Q9BQI7,S,191,0.210162416977172
26355,ENSG00000070159,PTPN3,P26045,S,370,0.273240630593032
26357,ENSG00000149658,YTHDF1,Q9BYJ9,S,182,0.179362104865907
26359,ENSG00000160299,PCNT,O95613,S,2044,0.207236772789094
26361,ENSG00000173068,BNC2,Q6ZN30,T,519,0.272358818516382
26363,ENSG00000072518,MARK2,Q7KZI7,S,365,0.264673790872635
26364,ENSG00000171634,BPTF,Q12830,T,1676,0.195335855392702
26365,ENSG00000124831,LRRFIP1,Q32MZ4,S,639,0.0914039720553943
26367,ENSG00000119929,CUTC,Q9NTM9,S,224,0.136022463119615
26369,ENSG00000143776,CDC42BPA,Q5VT25,S,1710,0.356193605131465
26370,ENSG00000146463,ZMYM4,Q5VZL5,S,1256,0.326892040444615
26371,ENSG00000075292,ZNF638,Q14966,S,636,0.221040817750238
26374,ENSG00000197694,SPTAN1,Q13813,S,1029,0.370464070455951
26375,ENSG00000099995,SF3A1,Q15459,T,350,0.155156838075429
26376,ENSG00000128849,CGNL1,Q0VF96,S,388,0.540724980623756
26377,ENSG00000185219,ZNF445,P59923,S,927,0.18466088447192
26378,ENSG00000100968,NFATC4,Q14934,S,259,0.495517990027974
26379,ENSG00000033178,UBA6,A0AVT1,T,34,0.104570174449272
26381,ENSG00000170989,S1PR1,P21453,S,355,0.60759135159466
26382,ENSG00000187957,DNER,Q8NFT8,S,696,0.394619322468164
26383,ENSG00000161642,ZNF385A,Q96PM9,T,248,0.488550085026493
26386,ENSG00000171634,BPTF,Q12830,S,656,0.28725740857129
26387,ENSG00000140577,CRTC3,Q6UUV7,T,412,0.384619599597572
26388,ENSG00000089639,GMIP,Q9P107,S,460,0.379247618547236
26389,ENSG00000156136,DCK,P27707,S,16,0.268835368768729
26390,ENSG00000161217,PCYT1A,P49585,S,347,0.66906509985782
26391,ENSG00000254772,EEF1G,P26641,S,406,0.336323503807948
26394,ENSG00000114354,TFG,Q92734,S,153,0.117074653536849
26395,ENSG00000196935,SRGAP1,Q7Z6B7,S,407,0.148345213527939
26399,ENSG00000139116,KIF21A,Q7Z4S6,S,1307,0.275756131603701
26401,ENSG00000066739,ATG2B,Q96BY7,T,1022,0.173112694540753
26402,ENSG00000156697,UTP14A,Q9BVJ6,S,81,0.267626448645237
26403,ENSG00000160767,FAM189B,P81408,S,358,0.391264706403006
26405,ENSG00000082269,FAM135A,Q9P2D6,S,636,0.0995832019442509
26409,ENSG00000027697,IFNGR1,P15260,S,351,0.1357382859223
26415,ENSG00000187091,PLCD1,P51178,T,457,0.091439546314652
26417,ENSG00000112576,CCND3,P30281,T,283,0.71885845580397
26418,ENSG00000108557,RAI1,Q7Z5J4,T,559,0.123042355378745
26421,ENSG00000111554,MDM1,Q8TC05,S,560,0.216557417233209
26425,ENSG00000160058,BSDC1,Q9NW68,S,374,0.400625073607355
26426,ENSG00000100364,KIAA0930,Q6ICG6,S,279,0.649221951777238
26427,ENSG00000136504,KAT7,O95251,S,138,0.365962007842909
26429,ENSG00000105699,LSR,Q86X29,S,432,0.582465640832726
26430,ENSG00000139697,SBNO1,A3KN83,S,693,0.310517792096648
26431,ENSG00000273841,TAF9,Q16594,S,155,0.437489376863113
26434,ENSG00000196220,SRGAP3,O43295,T,839,0.0999861631914382
26435,ENSG00000243156,MICAL3,Q7RTP6,S,1173,0.106971790718942
26436,ENSG00000006194,ZNF263,O14978,S,166,0.375401871674126
26437,ENSG00000039560,RAI14,Q9P0K7,S,341,0.297853198229544
26440,ENSG00000070814,TCOF1,Q13428,S,1191,0.259490025112622
26441,ENSG00000102710,SUPT20H,Q8NEM7,S,381,0.274431992301488
26442,ENSG00000102996,MMP15,P51511,S,589,0.152996457438572
26443,ENSG00000188176,SMTNL2,Q2TAL5,S,91,0.173096996659778
26444,ENSG00000166197,NOLC1,Q14978,T,607,0.750426958933953
26445,ENSG00000124177,CHD6,Q8TD26,S,1840,0.151967452779929
26449,ENSG00000142197,DOPEY2,Q9Y3R5,T,409,0.142006803219681
26452,ENSG00000129292,PHF20L1,A8MW92,T,224,0.15363393876282
26453,ENSG00000175166,PSMD2,Q13200,S,147,0.423991258647931
26454,ENSG00000149115,TNKS1BP1,Q9C0C2,S,311,0.11256185162709
26455,ENSG00000148840,PPRC1,Q5VV67,T,181,0.215888394290332
26456,ENSG00000048707,VPS13D,Q5THJ4,S,3010,0.243538211193098
26457,ENSG00000135111,TBX3,O15119,S,435,0.329006438177207
26458,ENSG00000173214,MFSD4B,Q5TF39,S,432,0.119135371143334
26459,ENSG00000180921,FAM83H,Q6ZRV2,T,1065,0.202795336620473
26462,ENSG00000136802,LRRC8A,Q8IWT6,S,199,0.303872418200462
26463,ENSG00000135597,REPS1,Q96D71,T,544,0.297317261582381
26464,ENSG00000140750,ARHGAP17,Q68EM7,S,570,0.3391320197107
26466,ENSG00000114127,XRN1,Q8IZH2,T,1629,0.327975227802577
26467,ENSG00000167491,GATAD2A,Q86YP4,T,327,0.152018314812065
26469,ENSG00000196584,XRCC2,O43543,S,10,0.512155922842747
26470,ENSG00000130723,PRRC2B,Q5JSZ5,S,1676,0.182496407903223
26472,ENSG00000154358,OBSCN,Q5VST9,S,6851,0.171572329976232
26475,ENSG00000100106,TRIOBP,Q9H2D6,S,88,0.149315772168369
26477,ENSG00000077458,FAM76B,Q5HYJ3,S,227,0.291476072132872
26479,ENSG00000115685,PPP1R7,Q15435,S,47,0.384517734508449
26481,ENSG00000177169,ULK1,O75385,S,605,0.416669474886397
26482,ENSG00000081177,EXD2,Q9NVH0,S,407,0.239223791326966
26483,ENSG00000132549,VPS13B,Q7Z7G8,S,1033,0.317851550797859
26485,ENSG00000132275,RRP8,O43159,S,58,0.387119851731383
26486,ENSG00000172493,AFF1,P51825,S,212,0.610699217524213
26488,ENSG00000118418,HMGN3,Q15651,T,83,0.354543052199894
26493,ENSG00000278540,ACACA,Q13085,S,2343,0.282985823366005
26494,ENSG00000104969,SGTA,O43765,S,84,0.294644837600991
26496,ENSG00000173821,RNF213,Q63HN8,T,40,0.0464078500108994
26497,ENSG00000099968,BCL2L13,Q9BXK5,S,38,0.193606817211891
26498,ENSG00000075711,DLG1,Q12959,S,100,0.101174599228109
26499,ENSG00000107290,SETX,Q7Z333,S,2612,0.122616037352205
26501,ENSG00000047644,WWC3,Q9ULE0,S,863,0.241469204928558
26502,ENSG00000110514,MADD,Q8WXG6,S,860,0.235797536297644
26504,ENSG00000213639,PPP1CB,P62140,Y,306,0.565379752778562
26507,ENSG00000169047,IRS1,P35568,S,388,0.408676681100728
26508,ENSG00000038382,TRIO,O75962,S,2631,0.320863167762066
26509,ENSG00000115825,PRKD3,O94806,S,44,0.271462991574468
26510,ENSG00000100813,ACIN1,Q9UKV3,S,987,0.23551399385728
26512,ENSG00000204843,DCTN1,Q14203,S,417,0.186868674859719
26513,ENSG00000130876,SLC7A10,Q9NS82,S,21,0.225264007803553
26514,ENSG00000110075,PPP6R3,Q5H9R7,S,315,0.214169777096124
26515,ENSG00000121289,CEP89,Q96ST8,S,221,0.264772827851877
26516,ENSG00000114541,FRMD4B,Q9Y2L6,S,856,0.162531707970975
26517,ENSG00000168806,LCMT2,O60294,S,20,0.347213018502024
26518,ENSG00000101974,ATP11C,Q8NB49,T,447,0.259084548727123
26519,ENSG00000163110,PDLIM5,Q96HC4,T,373,0.238551579294343
26520,ENSG00000151693,ASAP2,O43150,S,770,0.181099666220399
26521,ENSG00000178691,SUZ12,Q15022,S,541,0.310096928106162
26522,ENSG00000057294,PKP2,Q99959,S,227,0.112699172320355
26524,ENSG00000189127,ANKRD34B,A5PLL1,S,502,0.507813957900403
26526,ENSG00000162409,PRKAA2,P54646,S,501,0.638515772289231
26527,ENSG00000132470,ITGB4,P16144,S,1503,0.182995867199855
26528,ENSG00000097007,ABL1,P00519,S,620,0.408579815273447
26531,ENSG00000020181,ADGRA2,Q96PE1,S,1122,0.12495402916273
26532,ENSG00000184216,IRAK1,P51617,S,371,0.520575732213898
26533,ENSG00000125618,PAX8,Q06710,T,283,0.26087063905734
26534,ENSG00000184014,DENND5A,Q6IQ26,S,1096,0.334525578339104
26537,ENSG00000237515,SHISA9,B4DS77,S,337,0.216765552380077
26540,ENSG00000254093,PINX1,Q96BK5,S,161,0.461531628458234
26544,ENSG00000100644,HIF1A,Q16665,S,687,0.397458779247375
26546,ENSG00000113580,NR3C1,P04150,S,269,0.16687014816855
26547,ENSG00000278540,ACACA,Q13085,S,756,0.176989786888556
26548,ENSG00000047578,KIAA0556,O60303,S,324,0.312548890509295
26550,ENSG00000124942,AHNAK,Q09666,S,176,0.29259795761024
26551,ENSG00000257727,CNPY2,Q9Y2B0,S,178,0.142418700581537
26552,ENSG00000152270,PDE3B,Q13370,S,554,0.247899938249512
26553,ENSG00000163249,CCNYL1,Q8N7R7,S,342,0.546312644998653
26554,ENSG00000253729,PRKDC,P78527,T,2603,0.393572552284069
26555,ENSG00000172534,HCFC1,P51610,S,411,0.329963651798145
26556,ENSG00000172943,PHF8,Q9UPP1,S,854,0.222846198181419
26557,ENSG00000127527,EPS15L1,Q9UBC2,S,49,0.254393028158199
26559,ENSG00000164209,SLC25A46,Q96AG3,S,34,0.563767410374213
26561,ENSG00000198467,TPM2,P07951,Y,162,0.5958841736838421
26562,ENSG00000173482,PTPRM,P28827,T,873,0.100666918352391
26568,ENSG00000085433,WDR47,O94967,S,339,0.213670331098659
26569,ENSG00000147642,SYBU,Q9NX95,S,198,0.272760974461608
26570,ENSG00000181885,CLDN7,O95471,S,207,0.391069016593577
26572,ENSG00000116604,MEF2D,Q14814,S,201,0.464062858490049
26573,ENSG00000141232,TOB1,P50616,S,205,0.680870891304103
26576,ENSG00000080503,SMARCA2,P51531,S,172,0.380500265215476
26579,ENSG00000106070,GRB10,Q13322,S,431,0.256122424649924
26585,ENSG00000149823,VPS51,Q9UID3,T,665,0.268091343426066
26586,ENSG00000168005,SPINDOC,Q9BUA3,S,251,0.515337977705991
26587,ENSG00000188677,PARVB,Q9HBI1,S,7,0.337188837001569
26588,ENSG00000107372,ZFAND5,O76080,S,128,0.243951402929193
26589,ENSG00000152620,NADK2,Q4G0N4,S,188,0.447806887287831
26593,ENSG00000086758,HUWE1,Q7Z6Z7,S,3135,0.27994446501786
26594,ENSG00000197256,KANK2,Q63ZY3,S,158,0.226690901920013
26597,ENSG00000119866,BCL11A,Q9H165,T,208,0.675370960376115
26601,ENSG00000026025,VIM,P08670,S,9,0.657258818851725
26604,ENSG00000169047,IRS1,P35568,S,629,0.326745726891432
26606,ENSG00000177311,ZBTB38,Q8NAP3,S,297,0.2694475669297
26608,ENSG00000092929,UNC13D,Q70J99,S,153,0.245370090905387
26609,ENSG00000138735,PDE5A,O76074,T,137,0.226768746899394
26611,ENSG00000023516,AKAP11,Q9UKA4,S,456,0.392227603290555
26612,ENSG00000065970,FOXJ2,Q9P0K8,S,43,0.39392941523345
26613,ENSG00000103326,CAPN15,O75808,S,337,0.334561852138751
26614,ENSG00000137200,CMTR1,Q8N1G2,S,49,0.278322445551492
26616,ENSG00000162585,FAAP20,Q6NZ36,S,113,0.505313955707311
26617,ENSG00000169398,PTK2,Q05397,S,850,0.210447995749909
26618,ENSG00000176248,ANAPC2,Q9UJX6,S,732,0.372907732808671
26621,ENSG00000196924,FLNA,P21333,T,859,0.0570087693728565
26622,ENSG00000146776,ATXN7L1,Q9ULK2,S,837,0.343293627362819
26624,ENSG00000134318,ROCK2,O75116,T,1078,0.278657089289811
26627,ENSG00000184357,HIST1H1B,P16401,S,2,0.50449877222589
26628,ENSG00000198265,HELZ,P42694,S,1741,0.374972867648807
26630,ENSG00000081277,PKP1,Q13835,Y,184,0.354137440312149
26632,ENSG00000139645,ANKRD52,Q8NB46,S,1075,0.238168488124794
26633,ENSG00000116117,PARD3B,Q8TEW8,S,366,0.135578349243423
26634,ENSG00000135540,NHSL1,Q5SYE7,S,322,0.0962794241809133
26635,ENSG00000159140,SON,P18583,S,1784,0.209009755355661
26637,ENSG00000138640,FAM13A,O94988,Y,656,0.340161292897459
26639,ENSG00000146463,ZMYM4,Q5VZL5,S,306,0.115901101992739
26640,ENSG00000156802,ATAD2,Q6PL18,S,1170,0.333832433874676
26641,ENSG00000144824,PHLDB2,Q86SQ0,S,71,0.321085081080119
26643,ENSG00000188612,SUMO2,P61956,T,12,0.787656552400776
26645,ENSG00000151491,EPS8,Q12929,S,298,0.315596579308069
26646,ENSG00000198087,CD2AP,Q9Y5K6,S,363,0.277378263454252
26647,ENSG00000198589,LRBA,P50851,T,1782,0.175488975917611
26648,ENSG00000184368,MAP7D2,Q96T17,S,702,0.140621550083182
26651,ENSG00000162419,GMEB1,Q9Y692,S,372,0.285928870491619
26653,ENSG00000054598,FOXC1,Q12948,S,248,0.0895683592163764
26656,ENSG00000104889,RNASEH2A,O75792,S,298,0.410868633153781
26658,ENSG00000117523,PRRC2C,Q9Y520,S,1248,0.405805352456622
26659,ENSG00000126217,MCF2L,O15068,S,975,0.439843914678115
26662,ENSG00000122122,SASH3,O75995,S,349,0.611468303098384
26664,ENSG00000106004,HOXA5,P20719,S,147,0.192355250563116
26666,ENSG00000075340,ADD2,P35612,T,533,0.263672717625796
26667,ENSG00000079308,TNS1,Q9HBL0,Y,1326,0.628084045550938
26668,ENSG00000072736,NFATC3,Q12968,S,207,0.438343892830302
26670,ENSG00000125107,CNOT1,A5YKK6,S,2188,0.220794879658155
26671,ENSG00000119844,AFTPH,Q6ULP2,S,409,0.243774842943149
26673,ENSG00000166963,MAP1A,P78559,S,1029,0.172022415531407
26675,ENSG00000135503,ACVR1B,P36896,S,168,0.392140957711784
26680,ENSG00000133812,SBF2,Q86WG5,S,1085,0.260830192053011
26683,ENSG00000196660,SLC30A10,Q6XR72,S,402,0.198855332015344
26685,ENSG00000142731,PLK4,O00444,S,401,0.361247365815429
26686,ENSG00000173327,MAP3K11,Q16584,S,570,0.284151336290016
26687,ENSG00000140575,IQGAP1,P46940,S,1414,0.0488590289010958
26689,ENSG00000169375,SIN3A,Q96ST3,S,10,0.307831970726581
26693,ENSG00000102606,ARHGEF7,Q14155,S,153,0.275225070810579
26694,ENSG00000115993,TRAK2,O60296,S,784,0.472705759809298
26695,ENSG00000141027,NCOR1,O75376,T,568,0.281047608242129
26697,ENSG00000110237,ARHGEF17,Q96PE2,S,326,0.144167531044445
26700,ENSG00000027697,IFNGR1,P15260,S,399,0.340210152826166
26701,ENSG00000103657,HERC1,Q15751,S,1517,0.426057471354377
26702,ENSG00000171992,SYNPO,Q8N3V7,S,235,0.238145607106935
26703,ENSG00000112062,MAPK14,Q16539,T,185,0.385304468308212
26704,ENSG00000133884,DPF2,Q92785,Y,172,0.756759764732788
26705,ENSG00000149182,ARFGAP2,Q8N6H7,S,338,0.360199664489111
26708,ENSG00000110911,SLC11A2,P49281,S,56,0.160750531276926
26710,ENSG00000183963,SMTN,P53814,S,800,0.142217775936507
26711,ENSG00000128564,VGF,O15240,S,360,0.205418071369788
26712,ENSG00000140323,DISP2,A7MBM2,S,1235,0.245826778115333
26723,ENSG00000115594,IL1R1,P14778,S,553,0.445370368791317
26724,ENSG00000154654,NCAM2,O15394,S,786,0.341702415409407
26726,ENSG00000124006,OBSL1,O75147,S,232,0.188674544341845
26727,ENSG00000138363,ATIC,P31939,S,269,0.444927350270078
26728,ENSG00000167978,SRRM2,Q9UQ35,T,1147,0.0361523355955521
26730,ENSG00000198758,EPS8L3,Q8TE67,S,229,0.18254191092227
26732,ENSG00000146592,CREB5,Q02930,S,137,0.2491240566538
26734,ENSG00000182670,TTC3,P53804,S,1244,0.135648256712029
26737,ENSG00000273841,TAF9,Q16594,S,149,0.555345032656851
26738,ENSG00000132016,C19orf57,Q0VDD7,S,77,0.232555910089942
26742,ENSG00000165819,METTL3,Q86U44,T,348,0.376517279896114
26744,ENSG00000156011,PSD3,Q9NYI0,S,380,0.332011642545774
26745,ENSG00000141084,RANBP10,Q6VN20,S,355,0.467444015992497
26748,ENSG00000100503,NIN,Q8N4C6,S,1145,0.170190790740503
26756,ENSG00000122406,RPL5,P46777,S,230,0.29843330061889
26758,ENSG00000115310,RTN4,Q9NQC3,S,182,0.363788797962129
26759,ENSG00000133019,CHRM3,P20309,S,385,0.184421877100154
26760,ENSG00000129657,SEC14L1,Q92503,S,224,0.472323064560077
26761,ENSG00000128567,PODXL,O00592,Y,507,0.528150241040104
26765,ENSG00000152939,MARVELD2,Q8N4S9,S,116,0.559794537617232
26768,ENSG00000031081,ARHGAP31,Q2M1Z3,S,596,0.160971135456814
26770,ENSG00000120526,NUDCD1,Q96RS6,S,270,0.149714349603955
26773,ENSG00000139154,AEBP2,Q6ZN18,T,242,0.440813072829485
26774,ENSG00000071655,MBD3,O95983,S,144,0.412925816852822
26775,ENSG00000092853,CLSPN,Q9HAW4,S,808,0.449852889879406
26776,ENSG00000162302,RPS6KA4,O75676,S,347,0.721470706490219
26780,ENSG00000213719,CLIC1,O00299,S,156,0.444334504390423
26783,ENSG00000138622,HCN4,Q9Y3Q4,S,1026,0.180314369963689
26785,ENSG00000136867,SLC31A2,O15432,T,66,0.143049837238676
26786,ENSG00000150347,ARID5B,Q14865,S,469,0.109306450746841
26787,ENSG00000188522,FAM83G,A6ND36,S,127,0.494188875870761
26790,ENSG00000179950,PUF60,Q9UHX1,T,311,0.603417947652508
26791,ENSG00000077097,TOP2B,Q02880,T,1422,0.15823377105085
26792,ENSG00000187688,TRPV2,Q9Y5S1,Y,755,0.492089394280653
26795,ENSG00000154229,PRKCA,P17252,S,149,0.146822983173019
26796,ENSG00000123240,OPTN,Q96CV9,T,207,0.100347157386448
26797,ENSG00000002746,HECW1,Q76N89,S,874,0.233946506818193
26800,ENSG00000110880,CORO1C,Q9ULV4,Y,301,0.488572448549173
26801,ENSG00000128016,ZFP36,P26651,S,90,0.624087085208841
26803,ENSG00000120899,PTK2B,Q14289,T,765,0.365305989493805
26804,ENSG00000111581,NUP107,P57740,S,129,0.237936065811281
26807,ENSG00000112297,CRYBG1,Q9Y4K1,S,81,0.230606944266045
26809,ENSG00000169291,SHE,Q5VZ18,S,107,0.199607430770721
26810,ENSG00000116786,PLEKHM2,Q8IWE5,S,329,0.36975378707883
26811,ENSG00000172296,SPTLC3,Q9NUV7,S,547,0.126238218059399
26812,ENSG00000174953,DHX36,Q9H2U1,S,963,0.247985279235637
26813,ENSG00000106266,SNX8,Q9Y5X2,S,456,0.540475471278022
26814,ENSG00000111647,UHRF1BP1L,A0JNW5,S,889,0.117786351264721
26815,ENSG00000106665,CLIP2,Q9UDT6,S,292,0.289165614402969
26817,ENSG00000157500,APPL1,Q9UKG1,S,403,0.585564862481601
26819,ENSG00000177354,C10orf71,Q711Q0,S,677,0.172762727514845
26820,ENSG00000175793,SFN,P31947,S,209,0.290321416626665
26829,ENSG00000143337,TOR1AIP1,Q5JTV8,S,253,0.345645645750569
26830,ENSG00000237649,KIFC1,Q9BW19,S,31,0.352397621370081
26832,ENSG00000138434,SSFA2,P28290,S,1060,0.262258742677095
26835,ENSG00000125841,NRSN2,Q9GZP1,S,171,0.237992117476513
26836,ENSG00000106635,BCL7B,Q9BQE9,S,152,0.119134887965475
26839,ENSG00000089127,OAS1,P00973,S,50,0.206542693627883
26841,ENSG00000085719,CPNE3,O75131,S,242,0.374134766525897
26843,ENSG00000159314,ARHGAP27,Q6ZUM4,S,455,0.217712891634585
26845,ENSG00000205336,ADGRG1,Q9Y653,S,678,0.159059070651952
26846,ENSG00000197555,SIPA1L1,O43166,S,388,0.314283631715236
26847,ENSG00000168497,CAVIN2,O95810,S,425,0.116947103039556
26849,ENSG00000173402,DAG1,Q14118,S,813,0.167652399075521
26850,ENSG00000046651,OFD1,O75665,S,669,0.436353567556159
26851,ENSG00000163877,SNIP1,Q8TAD8,S,396,0.427282010269961
26852,ENSG00000214944,ARHGEF28,Q8N1W1,S,486,0.273876248037677
26855,ENSG00000123064,DDX54,Q8TDD1,S,644,0.157989052198558
26863,ENSG00000105221,AKT2,P31751,S,458,0.403698889860008
26865,ENSG00000167674,HDGFL2,Q7Z4V5,S,664,0.453929238079371
26867,ENSG00000015153,YAF2,Q8IY57,S,179,0.263078784586714
26868,ENSG00000138162,TACC2,O95359,S,758,0.0936195629858391
26871,ENSG00000148516,ZEB1,P37275,T,702,0.445875692864654
26872,ENSG00000099625,CBARP,Q8N350,S,703,0.720552248596118
26873,ENSG00000105939,ZC3HAV1,Q7Z2W4,S,386,0.304901729179325
26875,ENSG00000104881,PPP1R13L,Q8WUF5,S,358,0.524485219674452
26878,ENSG00000110514,MADD,Q8WXG6,S,146,0.0515148674682766
26879,ENSG00000135842,FAM129A,Q9BZQ8,S,926,0.27838873585851
26881,ENSG00000108557,RAI1,Q7Z5J4,S,873,0.189037041664099
26882,ENSG00000010322,NISCH,Q9Y2I1,S,1038,0.16409679176643
26883,ENSG00000129245,FXR2,P51116,S,401,0.169160743640661
26884,ENSG00000198743,SLC5A3,P53794,S,37,0.159836995761193
26886,ENSG00000275066,SYNRG,Q9UMZ2,S,772,0.221274305925538
26887,ENSG00000112787,FBRSL1,Q9HCM7,S,176,0.191221236046131
26889,ENSG00000165138,ANKS6,Q68DC2,S,657,0.260121678497332
26893,ENSG00000112739,PRPF4B,Q13523,S,565,0.336884444729351
26894,ENSG00000135842,FAM129A,Q9BZQ8,S,582,0.470533493558166
26898,ENSG00000197694,SPTAN1,Q13813,S,2142,0.0665341087343949
26899,ENSG00000173786,CNP,P09543,S,312,0.296355602854844
26901,ENSG00000171219,CDC42BPG,Q6DT37,S,1544,0.306359646657173
26902,ENSG00000144791,LIMD1,Q9UGP4,S,197,0.35808971383006
26903,ENSG00000125731,SH2D3A,Q9BRG2,S,145,0.474395565428618
26904,ENSG00000115317,HTRA2,O43464,S,212,0.204426687129192
26905,ENSG00000187634,SAMD11,Q96NU1,S,469,0.443862653736998
26907,ENSG00000110713,NUP98,P52948,S,746,0.154127090537202
26908,ENSG00000178409,BEND3,Q5T5X7,S,36,0.266347786343988
26910,ENSG00000179950,PUF60,Q9UHX1,T,60,0.357371625444802
26911,ENSG00000146540,C7orf50,Q9BRJ6,S,23,0.159694370405226
26914,ENSG00000122512,PMS2,P54278,S,523,0.232576969667164
26915,ENSG00000102316,MAGED2,Q9UNF1,S,190,0.444897227507608
26916,ENSG00000182173,TSEN54,Q7Z6J9,S,235,0.439975875071455
26917,ENSG00000152767,FARP1,Q9Y4F1,S,871,0.252525878738748
26919,ENSG00000247596,TWF2,Q6IBS0,S,349,0.409172414942008
26920,ENSG00000178695,KCTD12,Q96CX2,S,171,0.275922620694542
26921,ENSG00000136167,LCP1,P13796,Y,276,0.378278311071692
26924,ENSG00000036448,MYOM2,P54296,S,58,0.267696290884796
26925,ENSG00000163788,SNRK,Q9NRH2,S,495,0.259942413575285
26926,ENSG00000167978,SRRM2,Q9UQ35,S,1318,0.246096716462064
26927,ENSG00000165480,SKA3,Q8IX90,T,360,0.435851805357658
26928,ENSG00000080200,CRYBG3,Q68DQ2,S,1007,0.119462025954467
26930,ENSG00000168781,PPIP5K1,Q6PFW1,S,977,0.354105029998745
26932,ENSG00000134072,CAMK1,Q14012,S,333,0.154095735826098
26935,ENSG00000214022,REPIN1,Q9BWE0,S,329,0.271266030696818
26936,ENSG00000204634,TBC1D8,O95759,S,1036,0.107225628823243
26937,ENSG00000123104,ITPR2,Q14571,S,2633,0.465472220919803
26939,ENSG00000005379,TSPOAP1,O95153,S,1091,0.124792561160981
26940,ENSG00000104728,ARHGEF10,O15013,S,1291,0.256836850598975
26941,ENSG00000079246,XRCC5,P13010,S,258,0.354914601446581
26943,ENSG00000182621,PLCB1,Q9NQ66,S,978,0.232476657686296
26944,ENSG00000064999,ANKS1A,Q92625,S,624,0.486581222462301
26945,ENSG00000137171,KLC4,Q9NSK0,S,174,0.151233629714762
26947,ENSG00000173193,PARP14,Q460N5,S,1396,0.195518007291827
26948,ENSG00000162702,ZNF281,Q9Y2X9,T,801,0.0891419703060888
26949,ENSG00000167302,TEPSIN,Q96N21,S,413,0.178190212864913
26950,ENSG00000188522,FAM83G,A6ND36,S,616,0.288747230047279
26951,ENSG00000012983,MAP4K5,Q9Y4K4,S,400,0.327497144319424
26952,ENSG00000110237,ARHGEF17,Q96PE2,S,509,0.0979151033555185
26953,ENSG00000014641,MDH1,P40925,S,141,0.108127848560151
26955,ENSG00000196208,GREB1,Q4ZG55,S,1124,0.409194130765337
26956,ENSG00000038219,BOD1L1,Q8NFC6,S,1520,0.0589838498994594
26957,ENSG00000176907,TCIM,Q9NR00,S,21,0.144599834076744
26958,ENSG00000180233,ZNRF2,Q8NHG8,S,145,0.433790637404141
26959,ENSG00000176783,RUFY1,Q96T51,S,80,0.363990225625761
26961,ENSG00000140795,MYLK3,Q32MK0,S,401,0.358453442049571
26963,ENSG00000150477,KIAA1328,Q86T90,S,229,0.323359924843536
26965,ENSG00000046604,DSG2,Q14126,T,791,0.300679561094116
26967,ENSG00000086730,LAT2,Q9GZY6,S,167,0.147784224067592
26968,ENSG00000113504,SLC12A7,Q9Y666,S,78,0.129231469962962
26969,ENSG00000117713,ARID1A,O14497,S,764,0.294449743450532
26971,ENSG00000118922,KLF12,Q9Y4X4,S,273,0.227394225411085
26976,ENSG00000086015,MAST2,Q6P0Q8,S,1264,0.462144322570839
26978,ENSG00000164506,STXBP5,Q5T5C0,S,900,0.352106157331514
26980,ENSG00000132323,ILKAP,Q9H0C8,S,82,0.379946454012446
26981,ENSG00000166922,SCG5,P05408,S,141,0.187752020458147
26983,ENSG00000124571,XPO5,Q9HAV4,S,826,0.181235625336192
26984,ENSG00000259956,RBM15B,Q8NDT2,S,598,0.380445267447262
26985,ENSG00000258366,RTEL1,Q9NZ71,S,882,0.17634104078535
26986,ENSG00000171988,JMJD1C,Q15652,S,376,0.290351725105653
26990,ENSG00000100852,ARHGAP5,Q13017,S,1195,0.42311220776371
26991,ENSG00000149256,TENM4,Q6N022,S,199,0.192563221527025
26993,ENSG00000167674,HDGFL2,Q7Z4V5,S,137,0.286511394822703
26994,ENSG00000100433,KCNK10,P57789,S,388,0.259647984445732
26998,ENSG00000214022,REPIN1,Q9BWE0,S,24,0.475360488545207
26999,ENSG00000136628,EPRS,P07814,S,910,0.144330411615649
27001,ENSG00000124160,NCOA5,Q9HCD5,S,164,0.237455932295273
27006,ENSG00000082397,EPB41L3,Q9Y2J2,S,833,0.145910163735715
27007,ENSG00000213066,FGFR1OP,O95684,S,301,0.317116496543672
27008,ENSG00000114439,BBX,Q8WY36,S,243,0.248029776943591
27010,ENSG00000167183,PRR15L,Q9BU68,S,101,0.297122468268153
27012,ENSG00000214530,STARD10,Q9Y365,S,246,0.123259361646353
27017,ENSG00000117713,ARID1A,O14497,S,1204,0.288639400629349
27020,ENSG00000114745,GORASP1,Q9BQQ3,T,216,0.538934244968967
27021,ENSG00000079387,SENP1,Q9P0U3,T,102,0.437141822277341
27023,ENSG00000197712,FAM114A1,Q8IWE2,S,196,0.516047871015655
27025,ENSG00000128191,DGCR8,Q8WYQ5,S,153,0.295127513460895
27026,ENSG00000142765,SYTL1,Q8IYJ3,S,470,0.391211014085218
27028,ENSG00000092148,HECTD1,Q9ULT8,S,1569,0.13353855204904
27031,ENSG00000185666,SYN3,O14994,S,475,0.465342023737618
27033,ENSG00000110066,KMT5B,Q4FZB7,S,377,0.178565815902733
27036,ENSG00000115947,ORC4,O43929,S,10,0.311384014815274
27037,ENSG00000139970,RTN1,Q16799,S,327,0.294408089244183
27039,ENSG00000130749,ZC3H4,Q9UPT8,S,904,0.258572295405734
27043,ENSG00000196235,SUPT5H,O00267,S,108,0.160079879759383
27045,ENSG00000004660,CAMKK1,Q8N5S9,S,100,0.605012822202944
27046,ENSG00000100258,LMF2,Q9BU23,S,698,0.122084665459485
27049,ENSG00000138193,PLCE1,Q9P212,S,1121,0.266011663154157
27051,ENSG00000163820,FYCO1,Q9BQS8,S,609,0.23484504558934
27052,ENSG00000109787,KLF3,P57682,S,70,0.142284905227505
27056,ENSG00000117713,ARID1A,O14497,T,377,0.282131667639065
27057,ENSG00000182534,MXRA7,P84157,S,144,0.574128657335615
27058,ENSG00000091317,CMTM6,Q9NX76,T,178,0.287972298096395
27059,ENSG00000163719,MTMR14,Q8NCE2,S,576,0.248329928106834
27062,ENSG00000073921,PICALM,Q13492,T,573,0.249086089910905
27063,ENSG00000095637,SORBS1,Q9BX66,S,108,0.102854599058983
27064,ENSG00000101311,FERMT1,Q9BQL6,S,179,0.509683589096298
27065,ENSG00000170075,GPR37L1,O60883,S,462,0.206561667994346
27066,ENSG00000074657,ZNF532,Q9HCE3,S,192,0.0741242522145016
27067,ENSG00000124444,ZNF576,Q9H609,S,20,0.549435467659376
27068,ENSG00000136280,CCM2,Q9BSQ5,S,292,0.316221629242838
27069,ENSG00000163848,ZNF148,Q9UQR1,S,625,0.173851303720042
27070,ENSG00000186174,BCL9L,Q86UU0,S,991,0.611722542651693
27071,ENSG00000168497,CAVIN2,O95810,S,409,0.411878088496149
27072,ENSG00000107929,LARP4B,Q92615,S,424,0.372617097537172
27073,ENSG00000099814,CEP170B,Q9Y4F5,S,907,0.138441632922804
27075,ENSG00000275342,PRAG1,Q86YV5,T,801,0.0826239374420721
27076,ENSG00000198561,CTNND1,O60716,Y,291,0.362902781644413
27078,ENSG00000072958,AP1M1,Q9BXS5,T,154,0.754657818685839
27080,ENSG00000182504,CEP97,Q8IW35,S,439,0.191156437529901
27082,ENSG00000011426,ANLN,Q9NQW6,S,102,0.434769167197454
27083,ENSG00000074047,GLI2,P10070,S,234,0.550852987640905
27084,ENSG00000110274,CEP164,Q9UPV0,S,472,0.174596253804962
27088,ENSG00000204991,SPIRE2,Q8WWL2,S,476,0.347601659066906
27089,ENSG00000141027,NCOR1,O75376,S,1980,0.258185062326488
27092,ENSG00000111057,KRT18,P05783,S,51,0.585627304358339
27093,ENSG00000022567,SLC45A4,Q5BKX6,S,40,0.138609286013333
27096,ENSG00000102241,HTATSF1,O43719,S,494,0.414353231569838
27097,ENSG00000180318,ALX1,Q15699,S,69,0.234420599855541
27101,ENSG00000054690,PLEKHH1,Q9ULM0,S,84,0.105488167185798
27103,ENSG00000136628,EPRS,P07814,S,739,0.168736675470935
27106,ENSG00000069956,MAPK6,Q16659,S,450,0.428565911826795
27107,ENSG00000169564,PCBP1,Q15365,T,255,0.274023512207729
27108,ENSG00000069020,MAST4,O15021,S,257,0.31050199864636
27110,ENSG00000163788,SNRK,Q9NRH2,S,563,0.284167400144015
27111,ENSG00000182287,AP1S2,P56377,T,146,0.210988823669574
27115,ENSG00000101384,JAG1,P78504,S,1107,0.0826211169791474
27116,ENSG00000040341,STAU2,Q9NUL3,T,488,0.556814560539581
27117,ENSG00000197694,SPTAN1,Q13813,S,2141,0.0959720878214358
27118,ENSG00000105357,MYH14,Q7Z406,S,1328,0.123425282798792
27120,ENSG00000166925,TSC22D4,Q9Y3Q8,S,263,0.431148695116413
27122,ENSG00000150403,TMCO3,Q6UWJ1,S,85,0.193192650160732
27124,ENSG00000064999,ANKS1A,Q92625,S,666,0.263263478318454
27125,ENSG00000179950,PUF60,Q9UHX1,S,41,0.102271270386467
27126,ENSG00000110693,SOX6,P35712,T,119,0.496707223880361
27127,ENSG00000176994,SMCR8,Q8TEV9,S,489,0.389590696363093
27129,ENSG00000116117,PARD3B,Q8TEW8,S,745,0.45005922782145
27131,ENSG00000166889,PATL1,Q86TB9,S,179,0.325818058532467
27134,ENSG00000115904,SOS1,Q07889,S,1333,0.193460025820943
27140,ENSG00000170370,EMX2,Q04743,S,242,0.229682553040326
27141,ENSG00000118007,STAG1,Q8WVM7,S,1205,0.0557451455775222
27142,ENSG00000154310,TNIK,Q9UKE5,S,502,0.13511082102476
27143,ENSG00000135540,NHSL1,Q5SYE7,S,1530,0.0907083850907625
27145,ENSG00000248905,FMN1,Q68DA7,S,201,0.192767265515569
27147,ENSG00000172572,PDE3A,Q14432,S,528,0.397776678076844
27149,ENSG00000105649,RAB3A,P20336,S,190,0.214214263781476
27151,ENSG00000148082,SHC3,Q92529,S,479,0.480642475978702
27158,ENSG00000138771,SHROOM3,Q8TF72,S,1019,0.15326000191271
27161,ENSG00000124831,LRRFIP1,Q32MZ4,T,525,0.0917706937528163
27165,ENSG00000167861,HID1,Q8IV36,T,671,0.433620351892878
27168,ENSG00000197077,KIAA1671,Q9BY89,T,1059,0.328146521664307
27169,ENSG00000132470,ITGB4,P16144,T,1471,0.220024167304624
27170,ENSG00000108557,RAI1,Q7Z5J4,S,880,0.284804951565768
27173,ENSG00000133895,MEN1,O00255,S,548,0.392507365103573
27176,ENSG00000137166,FOXP4,Q8IVH2,S,85,0.12825665318773
27177,ENSG00000149231,CCDC82,Q8N4S0,S,154,0.312899054143442
27180,ENSG00000085832,EPS15,P42566,S,675,0.0839611503345812
27182,ENSG00000132356,PRKAA1,Q13131,S,530,0.14714646274253
27183,ENSG00000136205,TNS3,Q68CZ2,S,1105,0.154996998328184
27187,ENSG00000183765,CHEK2,O96017,T,387,0.962888453810245
27189,ENSG00000149503,INCENP,Q9NQS7,S,142,0.276013290589416
27192,ENSG00000117114,ADGRL2,O95490,S,1409,0.314357367143894
27195,ENSG00000038382,TRIO,O75962,S,1723,0.257290215821369
27201,ENSG00000177679,SRRM3,A6NNA2,S,333,0.266648419686696
27202,ENSG00000130770,ATP5IF1,Q9UII2,S,39,0.503122606699655
27203,ENSG00000181904,C5orf24,Q7Z6I8,S,137,0.520942359212225
27204,ENSG00000046651,OFD1,O75665,S,1011,0.179870944513605
27206,ENSG00000111897,SERINC1,Q9NRX5,T,347,0.425958037080926
27207,ENSG00000131037,EPS8L1,Q8TE68,S,545,0.442377031140845
27210,ENSG00000138363,ATIC,P31939,Y,208,0.542161517665698
27214,ENSG00000167851,CD300A,Q9UGN4,S,260,0.188350831748557
27215,ENSG00000165115,KIF27,Q86VH2,S,911,0.257585786452426
27216,ENSG00000132773,TOE1,Q96GM8,S,428,0.4294475150798
27219,ENSG00000116991,SIPA1L2,Q9P2F8,S,197,0.156316929631405
27220,ENSG00000137200,CMTR1,Q8N1G2,S,121,0.283782820136413
27221,ENSG00000086015,MAST2,Q6P0Q8,S,80,0.0504467489386715
27224,ENSG00000170037,CNTROB,Q8N137,S,743,0.115225436801459
27226,ENSG00000169221,TBC1D10B,Q4KMP7,T,135,0.217006165410472
27227,ENSG00000100485,SOS2,Q07890,T,1261,0.382272832417106
27229,ENSG00000164818,DNAAF5,Q86Y56,T,334,0.24065376950117
27231,ENSG00000099326,MZF1,P28698,S,111,0.352493913722821
27232,ENSG00000121289,CEP89,Q96ST8,S,50,0.503021748527046
27235,ENSG00000111859,NEDD9,Q14511,Y,631,0.716178646923957
27236,ENSG00000114631,PODXL2,Q9NZ53,S,558,0.314130698102535
27240,ENSG00000135837,CEP350,Q5VT06,S,1061,0.213518993380039
27241,ENSG00000037637,FBXO42,Q6P3S6,S,429,0.269608666313605
27246,ENSG00000101811,CSTF2,P33240,S,518,0.410348259879693
27247,ENSG00000198947,DMD,P11532,S,3500,0.169930736698515
27248,ENSG00000170293,CMTM8,Q8IZV2,S,27,0.32467316389274
27251,ENSG00000150768,DLAT,P10515,S,100,0.588471818507159
27252,ENSG00000166801,FAM111A,Q96PZ2,S,607,0.183881597528617
27253,ENSG00000073803,MAP3K13,O43283,S,572,0.25471739353174
27257,ENSG00000007933,FMO3,P31513,S,195,0.143675567423273
27259,ENSG00000072195,SPEG,Q15772,S,2284,0.119227675389996
27260,ENSG00000148426,PROSER2,Q86WR7,T,17,0.157429069011091
27261,ENSG00000100056,ESS2,Q96DF8,T,450,0.568545126431737
27262,ENSG00000091039,OSBPL8,Q9BZF1,S,120,0.305216913651447
27266,ENSG00000171314,PGAM1,P18669,S,155,0.122358926486044
27267,ENSG00000168172,HOOK3,Q86VS8,S,162,0.369449245133133
27268,ENSG00000169957,ZNF768,Q9H5H4,S,90,0.517120881133639
27269,ENSG00000179604,CDC42EP4,Q9H3Q1,S,315,0.148798500129829
27270,ENSG00000099284,H2AFY2,Q9P0M6,S,342,0.18103987249813
27271,ENSG00000169221,TBC1D10B,Q4KMP7,S,111,0.230377747475606
27272,ENSG00000047849,MAP4,P27816,T,925,0.281776094142984
27274,ENSG00000102531,FNDC3A,Q9Y2H6,S,202,0.202867682675653
27275,ENSG00000124429,POF1B,Q8WVV4,S,413,0.207249871053287
27276,ENSG00000204060,FOXO6,A8MYZ6,S,215,0.366446057612478
27277,ENSG00000185238,PRMT3,O60678,S,25,0.506907055618017
27278,ENSG00000129675,ARHGEF6,Q15052,S,101,0.298757790462211
27280,ENSG00000173230,GOLGB1,Q14789,S,1568,0.0744866807651388
27281,ENSG00000124762,CDKN1A,P38936,S,130,0.478980418390245
27282,ENSG00000152767,FARP1,Q9Y4F1,S,424,0.282159540514346
27283,ENSG00000176953,NFATC2IP,Q8NCF5,S,173,0.510948445472487
27284,ENSG00000080561,MID2,Q9UJV3,Y,727,0.325400150694458
27286,ENSG00000148158,SNX30,Q5VWJ9,S,29,0.12296150206521
27287,ENSG00000198863,RUNDC1,Q96C34,S,75,0.578721728924132
27288,ENSG00000144674,GOLGA4,Q13439,S,10,0.0903576499107357
27291,ENSG00000144824,PHLDB2,Q86SQ0,S,277,0.26021886362332
27294,ENSG00000031823,RANBP3,Q9H6Z4,T,128,0.508628287997684
27295,ENSG00000102699,PARP4,Q9UKK3,S,1340,0.0979098707641382
27297,ENSG00000198824,CHAMP1,Q96JM3,S,223,0.261702619236705
27306,ENSG00000114867,EIF4G1,Q04637,S,1124,0.213199593555707
27308,ENSG00000130723,PRRC2B,Q5JSZ5,S,783,0.201046495766268
27309,ENSG00000185989,RASA3,Q14644,S,282,0.242425984853092
27312,ENSG00000176619,LMNB2,Q03252,S,424,0.532684024248509
27313,ENSG00000109846,CRYAB,P02511,T,158,0.39514563145501
27314,ENSG00000147274,RBMX,P38159,S,336,0.316336067424063
27315,ENSG00000110697,PITPNM1,O00562,S,600,0.383515696450935
27316,ENSG00000197712,FAM114A1,Q8IWE2,S,200,0.480161232307989
27318,ENSG00000152818,UTRN,P46939,S,295,0.215378074566673
27322,ENSG00000054118,THRAP3,Q9Y2W1,S,190,0.287303162429892
27325,ENSG00000146648,EGFR,P00533,T,1145,0.240166535336286
27329,ENSG00000169855,ROBO1,Q9Y6N7,T,942,0.218971081961738
27330,ENSG00000126368,NR1D1,P20393,S,322,0.180233421752692
27335,ENSG00000178209,PLEC,Q15149,S,4037,0.272032853162023
27337,ENSG00000130726,TRIM28,Q13263,S,594,0.510220958965338
27338,ENSG00000215182,MUC5AC,P98088,S,5643,0.0597236582823072
27339,ENSG00000186212,SOWAHB,A6NEL2,S,258,0.184052184732259
27340,ENSG00000143322,ABL2,P42684,S,915,0.298029530378055
27342,ENSG00000128595,CALU,O43852,S,300,0.29173597913065
27345,ENSG00000196588,MKL1,O15075,T,334,0.55845857496588
27346,ENSG00000140983,RHOT2,Q8IXI1,S,538,0.193204375269796
27347,ENSG00000148925,BTBD10,Q9BSF8,S,119,0.313200010135757
27352,ENSG00000113971,NPHP3,Q7Z494,S,1320,0.151023990622989
27353,ENSG00000095951,HIVEP1,P15822,S,2303,0.209813460034436
27354,ENSG00000090487,SPG21,Q9NZD8,S,300,0.279370364084481
27355,ENSG00000133805,AMPD3,Q01432,S,103,0.343424589171941
27356,ENSG00000153214,TMEM87B,Q96K49,S,496,0.382885259294083
27358,ENSG00000149115,TNKS1BP1,Q9C0C2,S,195,0.0585596337841324
27359,ENSG00000172757,CFL1,P23528,S,160,0.255881691012543
27360,ENSG00000101298,SNPH,O15079,S,20,0.562461090284053
27363,ENSG00000160145,KALRN,O60229,T,1812,0.0749977957697249
27365,ENSG00000177463,NR2C2,P49116,S,330,0.248603891910528
27369,ENSG00000143702,CEP170,Q5SW79,S,1019,0.44654596025125
27370,ENSG00000111057,KRT18,P05783,Y,24,0.483263033012081
27372,ENSG00000106477,CEP41,Q9BYV8,S,119,0.447451249518129
27373,ENSG00000103363,ELOB,Q15370,T,84,0.0911795235349739
27375,ENSG00000111731,C2CD5,Q86YS7,S,281,0.246414810940657
27376,ENSG00000135837,CEP350,Q5VT06,S,258,0.264197395331236
27377,ENSG00000046651,OFD1,O75665,S,762,0.365476663990693
27379,ENSG00000158290,CUL4B,Q13620,S,28,0.139839078174688
27381,ENSG00000197077,KIAA1671,Q9BY89,S,79,0.290257354783211
27382,ENSG00000104885,DOT1L,Q8TEK3,T,984,0.294997994042424
27384,ENSG00000156471,PTDSS1,P48651,S,417,0.560622469641463
27386,ENSG00000173166,RAPH1,Q70E73,S,1098,0.138373656757738
27388,ENSG00000100968,NFATC4,Q14934,S,289,0.679025499352822
27391,ENSG00000037637,FBXO42,Q6P3S6,T,539,0.447003351034498
27396,ENSG00000114019,AMOTL2,Q9Y2J4,S,183,0.414496269732983
27398,ENSG00000149212,SESN3,P58005,S,7,0.436091281734716
27399,ENSG00000144868,TMEM108,Q6UXF1,S,539,0.209047847043117
27401,ENSG00000166341,DCHS1,Q96JQ0,S,2985,0.0641854921214952
27402,ENSG00000137076,TLN1,Q9Y490,S,604,0.100640127886657
27403,ENSG00000142208,AKT1,P31749,S,475,0.494331783829819
27404,ENSG00000198925,ATG9A,Q7Z3C6,S,18,0.530093890289022
27405,ENSG00000154222,CC2D1B,Q5T0F9,S,530,0.366077706939238
27406,ENSG00000050820,BCAR1,P56945,S,134,0.354490378603165
27408,ENSG00000137812,KNL1,Q8NG31,S,1690,0.109309457440016
27410,ENSG00000160049,DFFA,O00273,S,110,0.375025426166883
27411,ENSG00000186994,KANK3,Q6NY19,S,293,0.130205679397464
27413,ENSG00000107331,ABCA2,Q9BZC7,S,2419,0.263190024569202
27414,ENSG00000165655,ZNF503,Q96F45,S,111,0.500627594034376
27416,ENSG00000172661,WASHC2C,Q9Y4E1,S,375,0.430121559237412
27417,ENSG00000136279,DBNL,Q9UJU6,S,272,0.300067090765005
27418,ENSG00000100281,HMGXB4,Q9UGU5,S,80,0.44545693373229
27424,ENSG00000169738,DCXR,Q7Z4W1,T,40,0.397708580751333
27425,ENSG00000117592,PRDX6,P30041,S,186,0.243084783636501
27428,ENSG00000057294,PKP2,Q99959,T,320,0.179708730005956
27431,ENSG00000164056,SPRY1,O43609,S,139,0.536665846744359
27433,ENSG00000142949,PTPRF,P10586,S,1299,0.256214912052692
27435,ENSG00000197111,PCBP2,Q15366,S,272,0.522823075303946
27436,ENSG00000095564,BTAF1,O14981,S,90,0.0658560877844258
27440,ENSG00000173230,GOLGB1,Q14789,S,1792,0.0523647075515838
27444,ENSG00000090615,GOLGA3,Q08378,S,279,0.118451977990179
27445,ENSG00000100815,TRIP11,Q15643,S,486,0.236914139088732
27447,ENSG00000185115,NSMCE3,Q96MG7,S,60,0.511652195701739
27449,ENSG00000005194,CIAPIN1,Q6FI81,S,182,0.375839836194982
27455,ENSG00000143970,ASXL2,Q76L83,S,842,0.209832373351395
27456,ENSG00000112739,PRPF4B,Q13523,S,623,0.273923556884197
27458,ENSG00000137497,NUMA1,Q14980,T,1733,0.227127673622005
27460,ENSG00000273749,CYFIP1,Q7L576,S,872,0.286808025969082
27461,ENSG00000198589,LRBA,P50851,T,987,0.117555847231743
27463,ENSG00000055609,KMT2C,Q8NEZ4,S,1878,0.134127559541051
27467,ENSG00000112769,LAMA4,Q16363,S,953,0.0556956096209015
27469,ENSG00000116132,PRRX1,P54821,T,71,0.378188606226439
27471,ENSG00000130816,DNMT1,P26358,S,152,0.315173974135829
27472,ENSG00000179588,ZFPM1,Q8IX07,S,61,0.201895574334496
27473,ENSG00000004487,KDM1A,O60341,T,88,0.0822636788686181
27474,ENSG00000138439,FAM117B,Q6P1L5,S,391,0.450953616204359
27475,ENSG00000143384,MCL1,Q07820,T,163,0.691303359972253
27476,ENSG00000164190,NIPBL,Q6KC79,S,367,0.215688834483308
27478,ENSG00000162105,SHANK2,Q9UPX8,T,726,0.194768323867585
27481,ENSG00000110274,CEP164,Q9UPV0,T,1309,0.119800540243242
27483,ENSG00000063046,EIF4B,P23588,S,497,0.605412166453504
27485,ENSG00000102241,HTATSF1,O43719,S,391,0.322883299511366
27487,ENSG00000061936,SFSWAP,Q12872,S,743,0.161543385001671
27488,ENSG00000108262,GIT1,Q9Y2X7,S,370,0.466883860244172
27489,ENSG00000123200,ZC3H13,Q5T200,Y,851,0.403182885885395
27492,ENSG00000116560,SFPQ,P23246,T,476,0.409620722690816
27493,ENSG00000115310,RTN4,Q9NQC3,T,172,0.36542811065566
27495,ENSG00000119280,C1orf198,Q9H425,S,37,0.491089946418685
27496,ENSG00000272391,POM121C,A8CG34,S,322,0.510750509655243
27497,ENSG00000111667,USP5,P45974,S,785,0.279074849455553
27500,ENSG00000170921,TANC2,Q9HCD6,S,1530,0.279076068480869
27501,ENSG00000188112,C6orf132,Q5T0Z8,S,906,0.137369758930381
27503,ENSG00000143674,MAP3K21,Q5TCX8,S,111,0.262374149632138
27505,ENSG00000100281,HMGXB4,Q9UGU5,S,79,0.433428578654183
27507,ENSG00000130653,PNPLA7,Q6ZV29,S,355,0.307759214691436
27508,ENSG00000152661,GJA1,P17302,S,262,0.850144822641674
27509,ENSG00000131378,RFTN1,Q14699,S,175,0.124380480821315
27510,ENSG00000183248,PRR36,Q9H6K5,T,1082,0.305456544905236
27511,ENSG00000149499,EML3,Q32P44,S,186,0.171298130871563
27513,ENSG00000165525,NEMF,O60524,T,774,0.102149049975847
27514,ENSG00000133030,MPRIP,Q6WCQ1,S,671,0.190550471961013
27516,ENSG00000197323,TRIM33,Q9UPN9,S,852,0.204794658929772
27517,ENSG00000110025,SNX15,Q9NRS6,S,227,0.548447017541474
27518,ENSG00000106789,CORO2A,Q92828,S,443,0.199933692067081
27520,ENSG00000165795,NDRG2,Q9UN36,S,328,0.597738698672276
27521,ENSG00000111011,RSRC2,Q7L4I2,S,216,0.403060387587701
27523,ENSG00000167491,GATAD2A,Q86YP4,S,340,0.610013252121158
27524,ENSG00000144283,PKP4,Q99569,Y,415,0.596749773829214
27525,ENSG00000136531,SCN2A,Q99250,S,554,0.121492930029345
27527,ENSG00000114316,USP4,Q13107,S,675,0.274243173003767
27528,ENSG00000174373,RALGAPA1,Q6GYQ0,S,797,0.696787353755679
27533,ENSG00000166317,SYNPO2L,Q9H987,S,438,0.245391289268972
27534,ENSG00000149136,SSRP1,Q08945,S,437,0.288999609175307
27542,ENSG00000119596,YLPM1,P49750,S,905,0.242933341922427
27543,ENSG00000100393,EP300,Q09472,S,2315,0.494020217878647
27544,ENSG00000224470,ATXN1L,P0C7T5,S,251,0.357011228715189
27546,ENSG00000172663,TMEM134,Q9H6X4,S,89,0.186539102444324
27548,ENSG00000184014,DENND5A,Q6IQ26,S,1085,0.522403068383819
27552,ENSG00000133422,MORC2,Q9Y6X9,S,698,0.206816262915027
27553,ENSG00000104856,RELB,Q01201,S,50,0.187422957518548
27555,ENSG00000164190,NIPBL,Q6KC79,S,243,0.210925030672957
27557,ENSG00000023287,RB1CC1,Q8TDY2,S,652,0.238607116266864
27558,ENSG00000185219,ZNF445,P59923,S,150,0.155086742282285
27561,ENSG00000163719,MTMR14,Q8NCE2,S,529,0.448282816426355
27563,ENSG00000170889,RPS9,P46781,S,163,0.555717315570524
27564,ENSG00000143569,UBAP2L,Q14157,S,852,0.257874930523265
27565,ENSG00000072195,SPEG,Q15772,S,2448,0.358813612092037
27566,ENSG00000135750,KCNK1,O00180,S,302,0.312946751075023
27567,ENSG00000173230,GOLGB1,Q14789,S,525,0.220296827240346
27571,ENSG00000114982,KANSL3,Q9P2N6,S,876,0.159044501343094
27572,ENSG00000035928,RFC1,P35251,T,161,0.395473908789702
27573,ENSG00000196914,ARHGEF12,Q9NZN5,S,824,0.231482014379228
27575,ENSG00000099308,MAST3,O60307,S,1223,0.535855362195316
27576,ENSG00000150681,RGS18,Q9NS28,S,28,0.139251737478598
27577,ENSG00000187479,C11orf96,Q7Z7L8,S,299,0.211870617309268
27584,ENSG00000182568,SATB1,Q01826,S,637,0.442835286964037
27586,ENSG00000072310,SREBF1,P36956,S,455,0.364488399989601
27590,ENSG00000198087,CD2AP,Q9Y5K6,Y,88,0.53600679800183
27592,ENSG00000125844,RRBP1,Q9P2E9,S,1276,0.33295912868759
27594,ENSG00000166439,RNF169,Q8NCN4,S,539,0.260330976539083
27597,ENSG00000167978,SRRM2,Q9UQ35,S,2115,0.239723933355593
27599,ENSG00000144791,LIMD1,Q9UGP4,S,353,0.212033870404223
27602,ENSG00000018408,WWTR1,Q9GZV5,S,62,0.730048971320363
27603,ENSG00000163565,IFI16,Q16666,S,568,0.310935211363354
27604,ENSG00000134369,NAV1,Q8NEY1,S,1181,0.329599455495675
27605,ENSG00000115648,MLPH,Q9BV36,S,155,0.350995083774917
27606,ENSG00000131051,RBM39,Q14498,S,121,0.592067548148409
27608,ENSG00000165280,VCP,P55072,S,197,0.576127009987116
27610,ENSG00000117600,PLPPR4,Q7Z2D5,S,346,0.107996223066511
27615,ENSG00000100604,CHGA,P10645,S,218,0.124542422849193
27616,ENSG00000125414,MYH2,Q9UKX2,S,1359,0.20049483012476
27617,ENSG00000179588,ZFPM1,Q8IX07,S,487,0.331731173582426
27619,ENSG00000141867,BRD4,O60885,T,1080,0.181049825012699
27621,ENSG00000135837,CEP350,Q5VT06,S,2431,0.0653712960617984
27626,ENSG00000175931,UBE2O,Q9C0C9,S,99,0.18892409726528
27629,ENSG00000100354,TNRC6B,Q9UPQ9,S,564,0.173899894393008
27632,ENSG00000170004,CHD3,Q12873,S,328,0.15050785912191
27633,ENSG00000136536,MARCH7,Q9H992,S,32,0.123723727841178
27634,ENSG00000180875,GREM2,Q9H772,S,56,0.568315974534998
27635,ENSG00000047365,ARAP2,Q8WZ64,Y,473,0.406214877009615
27638,ENSG00000160908,ZNF394,Q53GI3,S,12,0.270273452588378
27640,ENSG00000135540,NHSL1,Q5SYE7,S,1276,0.283161537670316
27641,ENSG00000092621,PHGDH,O43175,S,287,0.31907078107155
27643,ENSG00000124198,ARFGEF2,Q9Y6D5,T,616,0.298295303087601
27644,ENSG00000137145,DENND4C,Q5VZ89,S,1277,0.27516746419161
27645,ENSG00000081479,LRP2,P98164,S,4569,0.124282093078112
27648,ENSG00000204590,GNL1,P36915,S,55,0.316828168145111
27649,ENSG00000080200,CRYBG3,Q68DQ2,S,316,0.0474036884391184
27653,ENSG00000165215,CLDN3,O15551,T,212,0.334967235506271
27656,ENSG00000196535,MYO18A,Q92614,S,52,0.210327274816545
27658,ENSG00000214655,ZSWIM8,A7E2V4,S,1089,0.227253055125466
27659,ENSG00000087206,UIMC1,Q96RL1,S,200,0.110988907973937
27666,ENSG00000079819,EPB41L2,O43491,S,47,0.393138284487865
27668,ENSG00000166963,MAP1A,P78559,S,900,0.303442887537342
27669,ENSG00000180233,ZNRF2,Q8NHG8,Y,111,0.478488647578065
27670,ENSG00000100813,ACIN1,Q9UKV3,T,976,0.274694950319603
27671,ENSG00000036054,TBC1D23,Q9NUY8,S,300,0.239982100931691
27673,ENSG00000163535,SGO2,Q562F6,S,1085,0.271015407928047
27674,ENSG00000100354,TNRC6B,Q9UPQ9,T,1213,0.223406852845022
27675,ENSG00000156599,ZDHHC5,Q9C0B5,S,425,0.351317652024324
27678,ENSG00000133619,KRBA1,A5PL33,S,182,0.402798325033107
27679,ENSG00000163006,CCDC138,Q96M89,S,149,0.334035129923729
27680,ENSG00000173889,PHC3,Q8NDX5,T,614,0.217386445077559
27681,ENSG00000213719,CLIC1,O00299,S,146,0.371968079134042
27682,ENSG00000068615,REEP1,Q9H902,S,114,0.188625439012781
27684,ENSG00000156284,CLDN8,P56748,S,215,0.269514440839
27685,ENSG00000166963,MAP1A,P78559,S,996,0.345404488709904
27686,ENSG00000080845,DLGAP4,Q9Y2H0,S,378,0.179793418369561
27688,ENSG00000170037,CNTROB,Q8N137,S,128,0.138772146239004
27689,ENSG00000162607,USP1,O94782,S,398,0.227692377270414
27690,ENSG00000121892,PDS5A,Q29RF7,S,1186,0.31535624619745
27692,ENSG00000169764,UGP2,Q16851,Y,298,0.451561598844601
27694,ENSG00000169679,BUB1,O43683,S,459,0.484349756017224
27695,ENSG00000106346,USP42,Q9H9J4,S,759,0.18449175218289
27697,ENSG00000169855,ROBO1,Q9Y6N7,S,1608,0.151448325909174
27698,ENSG00000070778,PTPN21,Q16825,S,820,0.21972370431341
27702,ENSG00000148337,CIZ1,Q9ULV3,T,225,0.170448477152135
27703,ENSG00000108344,PSMD3,O43242,S,418,0.475904870406897
27706,ENSG00000158869,FCER1G,P30273,S,61,0.201204947735653
27707,ENSG00000135905,DOCK10,Q96BY6,S,151,0.0761163606548019
27708,ENSG00000122218,COPA,P53621,T,591,0.399898349585377
27709,ENSG00000092531,SNAP23,O00161,S,34,0.609743977971532
27711,ENSG00000072134,EPN2,O95208,S,473,0.0940341460194053
27713,ENSG00000167178,ISLR2,Q6UXK2,S,654,0.16924816600044
27715,ENSG00000165238,WNK2,Q9Y3S1,S,1889,0.352351045930023
27716,ENSG00000116991,SIPA1L2,Q9P2F8,S,160,0.314684395110916
27718,ENSG00000067141,NEO1,Q92859,S,1214,0.388609351158654
27719,ENSG00000048828,FAM120A,Q9NZB2,S,1067,0.182392176371925
27722,ENSG00000196465,MYL6B,P14649,S,16,0.101198839793567
27723,ENSG00000100968,NFATC4,Q14934,S,264,0.611105837502241
27724,ENSG00000118922,KLF12,Q9Y4X4,S,238,0.219028333821768
27725,ENSG00000092978,GPATCH2,Q9NW75,T,362,0.36113106651193
27727,ENSG00000104881,PPP1R13L,Q8WUF5,S,357,0.245948204167148
27729,ENSG00000143093,STRIP1,Q5VSL9,S,339,0.31650464386345
27732,ENSG00000111860,CEP85L,Q5SZL2,S,15,0.218179721157458
27734,ENSG00000136141,LRCH1,Q9Y2L9,S,365,0.282777287460646
27735,ENSG00000257923,CUX1,P39880,S,1237,0.396114245870928
27736,ENSG00000109787,KLF3,P57682,S,99,0.417272539794247
27737,ENSG00000067533,RRP15,Q9Y3B9,S,266,0.40481545026525
27739,ENSG00000063244,U2AF2,P26368,S,2,0.650553754771559
27741,ENSG00000114631,PODXL2,Q9NZ53,S,596,0.277626802024913
27744,ENSG00000170955,CAVIN3,Q969G5,S,166,0.619959186139904
27747,ENSG00000116455,WDR77,Q9BQA1,S,339,0.134921733969093
27751,ENSG00000197283,SYNGAP1,Q96PV0,S,374,0.070219099552856
27754,ENSG00000008282,SYPL1,Q16563,S,20,0.199137611605889
27755,ENSG00000105700,KXD1,Q9BQD3,T,168,0.453325668840826
27757,ENSG00000137824,RMDN3,Q96TC7,S,212,0.495156463014356
27758,ENSG00000132613,MTSS1L,Q765P7,S,263,0.36134759592491
27762,ENSG00000147526,TACC1,O75410,S,248,0.276364964979881
27763,ENSG00000168297,PXK,Q7Z7A4,S,448,0.562701675543177
27765,ENSG00000171316,CHD7,Q9P2D1,S,633,0.194217349581578
27767,ENSG00000140332,TLE3,Q04726,S,311,0.427459925531072
27768,ENSG00000131016,AKAP12,Q02952,S,544,0.204785096706744
27772,ENSG00000054267,ARID4B,Q4LE39,T,1026,0.405613034615707
27776,ENSG00000004897,CDC27,P30260,S,364,0.482860277764507
27777,ENSG00000008735,MAPK8IP2,Q13387,S,272,0.272916242903366
27778,ENSG00000123352,SPATS2,Q86XZ4,S,538,0.353291150840421
27780,ENSG00000152583,SPARCL1,Q14515,T,60,0.127694430888532
27781,ENSG00000143373,ZNF687,Q8N1G0,S,129,0.283059037963811
27782,ENSG00000172939,OXSR1,O95747,T,310,0.38005243244939
27784,ENSG00000178882,RFLNA,Q6ZTI6,S,33,0.242849451199141
27785,ENSG00000152939,MARVELD2,Q8N4S9,S,140,0.338675319957363
27787,ENSG00000103994,ZNF106,Q9H2Y7,S,595,0.176450744146788
27788,ENSG00000051620,HEBP2,Q9Y5Z4,S,141,0.295410880006322
27789,ENSG00000198915,RASGEF1A,Q8N9B8,T,157,0.155922436568678
27790,ENSG00000102144,PGK1,P00558,S,175,0.338355966845255
27792,ENSG00000103528,SYT17,Q9BSW7,T,83,0.280914356499475
27793,ENSG00000136021,SCYL2,Q6P3W7,S,660,0.103968478122207
27796,ENSG00000132549,VPS13B,Q7Z7G8,S,1019,0.297896330701714
27801,ENSG00000005007,UPF1,Q92900,S,1127,0.509067152807712
27802,ENSG00000136754,ABI1,Q8IZP0,T,507,0.40134028864224
27806,ENSG00000169057,MECP2,P51608,T,400,0.116688848387179
27807,ENSG00000138434,SSFA2,P28290,S,1045,0.152963003350205
27808,ENSG00000144635,DYNC1LI1,Q9Y6G9,S,412,0.396471008232416
27810,ENSG00000066279,ASPM,Q8IZT6,S,14,0.226008638126395
27811,ENSG00000148429,USP6NL,Q92738,S,784,0.50457293650844
27814,ENSG00000100393,EP300,Q09472,S,2328,0.389204653108601
27816,ENSG00000131725,WDR44,Q5JSH3,S,470,0.321888092657537
27817,ENSG00000163013,FBXO41,Q8TF61,S,478,0.389912982095311
27818,ENSG00000198901,PRC1,O43663,S,554,0.320721793206492
27819,ENSG00000163798,SLC4A1AP,Q9BWU0,Y,464,0.47803286821485
27825,ENSG00000054611,TBC1D22A,Q8WUA7,S,132,0.342480397700269
27830,ENSG00000154305,MIA3,Q5JRA6,S,1725,0.294368494424394
27831,ENSG00000215182,MUC5AC,P98088,S,2239,0.140510222408393
27832,ENSG00000144036,EXOC6B,Q9Y2D4,S,269,0.113386040025462
27833,ENSG00000165868,HSPA12A,O43301,S,23,0.507779846311849
27834,ENSG00000140988,RPS2,P15880,T,252,0.513243325586209
27835,ENSG00000173267,SNCG,O76070,T,44,0.205122791605674
27837,ENSG00000105699,LSR,Q86X29,Y,372,0.703002853880073
27838,ENSG00000066557,LRRC40,Q9H9A6,S,71,0.127808463980241
27839,ENSG00000170677,SOCS6,O14544,S,165,0.232980682537078
27841,ENSG00000103064,SLC7A6,Q92536,S,22,0.435148266696558
27843,ENSG00000131016,AKAP12,Q02952,S,792,0.202420356887387
27845,ENSG00000166974,MAPRE2,Q15555,S,209,0.333700771541131
27846,ENSG00000116698,SMG7,Q92540,S,520,0.343451858822399
27847,ENSG00000143294,PRCC,Q92733,S,97,0.243124493793715
27849,ENSG00000187790,FANCM,Q8IYD8,S,661,0.131156597005975
27850,ENSG00000168140,VASN,Q6EMK4,S,665,0.225173116106904
27852,ENSG00000071051,NCK2,O43639,S,90,0.663170909847841
27854,ENSG00000153064,BANK1,Q8NDB2,S,175,0.128498496966811
27855,ENSG00000104885,DOT1L,Q8TEK3,S,1349,0.26872655917247
27857,ENSG00000166925,TSC22D4,Q9Y3Q8,T,57,0.510226407520459
27858,ENSG00000170537,TMC7,Q7Z402,S,86,0.106436883830248
27863,ENSG00000114541,FRMD4B,Q9Y2L6,S,915,0.184705282223991
27864,ENSG00000141570,CBX8,Q9HC52,S,352,0.42254027903685
27865,ENSG00000160360,GPSM1,Q86YR5,S,545,0.519057829879555
27866,ENSG00000105339,DENND3,A2RUS2,S,472,0.301011648563948
27867,ENSG00000159140,SON,P18583,S,1670,0.146736824559209
27869,ENSG00000078177,N4BP2,Q86UW6,S,607,0.178339961031427
27870,ENSG00000122547,EEPD1,Q7L9B9,S,106,0.312556469592303
27872,ENSG00000171877,FRMD5,Q7Z6J6,T,466,0.19017949571459
27873,ENSG00000081277,PKP1,Q13835,S,232,0.186844375838413
27878,ENSG00000163527,STT3B,Q8TCJ2,S,21,0.258727298602041
27880,ENSG00000110987,BCL7A,Q4VC05,S,111,0.107326704377031
27883,ENSG00000182253,SYNM,O15061,T,1070,0.151082591278553
27885,ENSG00000064999,ANKS1A,Q92625,S,589,0.178159701700244
27887,ENSG00000168758,SEMA4C,Q9C0C4,S,760,0.347925733417954
27890,ENSG00000107651,SEC23IP,Q9Y6Y8,S,728,0.0968602313034605
27892,ENSG00000143499,SMYD2,Q9NRG4,S,283,0.325107062296397
27895,ENSG00000135525,MAP7,Q14244,S,293,0.289246746347532
27897,ENSG00000007047,MARK4,Q96L34,S,45,0.409385014922601
27899,ENSG00000101191,DIDO1,Q9BTC0,S,809,0.323102951202831
27900,ENSG00000198910,L1CAM,P32004,T,1247,0.193747285970408
27902,ENSG00000164916,FOXK1,P85037,S,239,0.7080765893053
27903,ENSG00000171161,ZNF672,Q499Z4,S,189,0.408091289653575
27904,ENSG00000074855,ANO8,Q9HCE9,S,641,0.373079714469968
27905,ENSG00000108349,CASC3,O15234,S,381,0.293118087000852
27908,ENSG00000071967,CYBRD1,Q53TN4,T,241,0.199081499012369
27909,ENSG00000113594,LIFR,P42702,S,1044,0.54776656407469
27910,ENSG00000139637,C12orf10,Q9HB07,S,120,0.426980246686812
27915,ENSG00000173801,JUP,P14923,S,99,0.117370699751397
27916,ENSG00000163874,ZC3H12A,Q5D1E8,S,344,0.361875779550814
27919,ENSG00000099904,ZDHHC8,Q9ULC8,S,286,0.169842636596178
27921,ENSG00000133030,MPRIP,Q6WCQ1,S,662,0.201184498018874
27923,ENSG00000138771,SHROOM3,Q8TF72,S,970,0.304149359899154
27924,ENSG00000101605,MYOM1,P52179,T,257,0.131593553808792
27926,ENSG00000197256,KANK2,Q63ZY3,T,143,0.0987694458757319
27928,ENSG00000078674,PCM1,Q15154,T,530,0.217912479410402
27930,ENSG00000180376,CCDC66,A2RUB6,S,794,0.317319573271768
27931,ENSG00000146648,EGFR,P00533,S,995,0.472305188464811
27932,ENSG00000173473,SMARCC1,Q92922,T,368,0.363729757206695
27934,ENSG00000164548,TRA2A,Q13595,S,215,0.29848655366887
27935,ENSG00000064042,LIMCH1,Q9UPQ0,S,190,0.358445990101271
27936,ENSG00000132481,TRIM47,Q96LD4,S,461,0.332617565727452
27939,ENSG00000182742,HOXB4,P17483,S,90,0.226591296187707
27940,ENSG00000006744,ELAC2,Q9BQ52,S,217,0.239940997163172
27942,ENSG00000123636,BAZ2B,Q9UIF8,S,1465,0.174149520572249
27943,ENSG00000144791,LIMD1,Q9UGP4,S,211,0.46755774901226
27945,ENSG00000197822,OCLN,Q16625,T,305,0.454412083489436
27948,ENSG00000075292,ZNF638,Q14966,S,508,0.365575825544832
27951,ENSG00000148498,PARD3,Q8TEW0,S,715,0.659737501617547
27952,ENSG00000008323,PLEKHG6,Q3KR16,S,537,0.179059409403902
27955,ENSG00000137824,RMDN3,Q96TC7,S,57,0.0950106058063238
27958,ENSG00000198646,NCOA6,Q14686,T,1878,0.244914424915811
27960,ENSG00000165891,E2F7,Q96AV8,S,840,0.506435831178544
27961,ENSG00000072832,CRMP1,Q14194,S,542,0.162039936674456
27964,ENSG00000035928,RFC1,P35251,S,360,0.487991787124112
27965,ENSG00000141376,BCAS3,Q9H6U6,S,706,0.369618349392998
27966,ENSG00000171100,MTM1,Q13496,S,591,0.623248369223212
27968,ENSG00000012048,BRCA1,P38398,S,1009,0.279135333221893
27970,ENSG00000242247,ARFGAP3,Q9NP61,S,331,0.505089809689395
27971,ENSG00000196132,MYT1,Q01538,S,333,0.249731437835142
27975,ENSG00000120341,SEC16B,Q96JE7,S,235,0.0827729266211255
27979,ENSG00000146147,MLIP,Q5VWP3,T,299,0.259427207152414
27981,ENSG00000102858,MGRN1,O60291,S,492,0.409644941109035
27988,ENSG00000196455,PIK3R4,Q99570,S,895,0.0820414107991824
27989,ENSG00000132356,PRKAA1,Q13131,T,488,0.510342744992842
27990,ENSG00000151067,CACNA1C,Q13936,S,815,0.125904682662545
27991,ENSG00000148773,MKI67,P46013,S,2299,0.290079057888825
27992,ENSG00000126878,AIF1L,Q9BQI0,S,134,0.470579513142528
27993,ENSG00000081087,OSTM1,Q86WC4,S,322,0.582471519167754
27995,ENSG00000115109,EPB41L5,Q9HCM4,S,39,0.234240658489307
27996,ENSG00000173473,SMARCC1,Q92922,S,573,0.330276526261657
27999,ENSG00000143376,SNX27,Q96L92,S,26,0.157347378697886
28000,ENSG00000185219,ZNF445,P59923,S,665,0.143819005506171
28001,ENSG00000130479,MAP1S,Q66K74,S,582,0.344483786425381
28003,ENSG00000103024,NME3,Q13232,S,142,0.248957128035248
28005,ENSG00000213654,GPSM3,Q9Y4H4,S,56,0.513963591608363
28007,ENSG00000253304,TMEM200B,Q69YZ2,S,260,0.540300943501619
28008,ENSG00000141295,SCRN2,Q96FV2,T,52,0.472186963065871
28009,ENSG00000133121,STARD13,Q9Y3M8,T,547,0.174209374350866
28010,ENSG00000104518,GSDMD,P57764,S,181,0.43603387939062
28011,ENSG00000197321,SVIL,O95425,S,1225,0.277545473892314
28012,ENSG00000055163,CYFIP2,Q96F07,S,607,0.135294323839194
28014,ENSG00000070814,TCOF1,Q13428,S,107,0.266494089702518
28015,ENSG00000132275,RRP8,O43159,S,124,0.300954181172253
28017,ENSG00000112851,ERBIN,Q96RT1,S,844,0.1803482941935
28019,ENSG00000084112,SSH1,Q8WYL5,S,909,0.102317678740891
28020,ENSG00000159733,ZFYVE28,Q9HCC9,S,378,0.176967216987976
28022,ENSG00000168497,CAVIN2,O95810,S,32,0.165977078305066
28024,ENSG00000104067,TJP1,Q07157,S,1366,0.359316423023836
28025,ENSG00000131016,AKAP12,Q02952,S,1251,0.203231358769158
28026,ENSG00000149100,EIF3M,Q7L2H7,S,372,0.445787393277309
28027,ENSG00000133392,MYH11,P35749,S,883,0.136660847290028
28031,ENSG00000123352,SPATS2,Q86XZ4,S,394,0.486379188701829
28032,ENSG00000007384,RHBDF1,Q96CC6,S,61,0.392781728131753
28033,ENSG00000034510,TMSB10,P63313,S,41,0.659061817334134
28035,ENSG00000135100,HNF1A,P20823,S,93,0.237450659306357
28036,ENSG00000107404,DVL1,O14640,S,604,0.276131216120385
28037,ENSG00000067369,TP53BP1,Q12888,T,543,0.316673185229216
28041,ENSG00000163166,IWS1,Q96ST2,S,211,0.316723110085596
28043,ENSG00000072864,NDE1,Q9NXR1,S,307,0.394562600886826
28044,ENSG00000116062,MSH6,P52701,S,935,0.218654735368559
28051,ENSG00000102119,EMD,P50402,S,54,0.570843497162675
28053,ENSG00000148498,PARD3,Q8TEW0,T,947,0.198398810316345
28055,ENSG00000148468,FAM171A1,Q5VUB5,T,452,0.125759023699699
28059,ENSG00000283071,LBHD2,A0A0U1RRK4,S,41,0.173752316446565
28060,ENSG00000047648,ARHGAP6,O43182,T,821,0.147851401245467
28062,ENSG00000131374,TBC1D5,Q92609,S,584,0.390998784290213
28066,ENSG00000198467,TPM2,P07951,S,271,0.11207858790979
28069,ENSG00000176783,RUFY1,Q96T51,S,78,0.258913920596604
28071,ENSG00000172366,MCRIP2,Q9BUT9,T,86,0.445723408209451
28072,ENSG00000182606,TRAK1,Q9UPV9,S,919,0.492843748250711
28079,ENSG00000127481,UBR4,Q5T4S7,S,365,0.230332721291633
28080,ENSG00000071894,CPSF1,Q10570,S,737,0.260372493834
28082,ENSG00000173230,GOLGB1,Q14789,S,528,0.253280247579418
28083,ENSG00000177303,CASKIN2,Q8WXE0,T,929,0.253189808159865
28087,ENSG00000005102,MEOX1,P50221,S,236,0.339488860089975
28089,ENSG00000164916,FOXK1,P85037,T,422,0.429024945762173
28090,ENSG00000118689,FOXO3,O43524,S,299,0.443485538034776
28092,ENSG00000174586,ZNF497,Q6ZNH5,S,98,0.241146898574397
28094,ENSG00000118363,SPCS2,Q15005,T,28,0.100359061588106
28096,ENSG00000132613,MTSS1L,Q765P7,S,264,0.626224151465167
28097,ENSG00000187079,TEAD1,P28347,S,20,0.436578099369414
28098,ENSG00000117155,SSX2IP,Q9Y2D8,S,540,0.463461206679916
28100,ENSG00000130723,PRRC2B,Q5JSZ5,S,558,0.142328521443303
28101,ENSG00000136478,TEX2,Q8IWB9,S,736,0.390353631933805
28102,ENSG00000137171,KLC4,Q9NSK0,S,611,0.434631385166042
28108,ENSG00000147144,CCDC120,Q96HB5,T,306,0.661937076609152
28110,ENSG00000164944,VIRMA,Q69YN4,S,1651,0.30580815228441
28111,ENSG00000175931,UBE2O,Q9C0C9,S,381,0.0941563211937144
28114,ENSG00000151715,TMEM45B,Q96B21,S,272,0.489717713018188
28115,ENSG00000111731,C2CD5,Q86YS7,S,304,0.347722530361367
28116,ENSG00000020577,SAMD4A,Q9UPU9,S,665,0.479344532914778
28117,ENSG00000121966,CXCR4,P61073,S,347,0.376971564539225
28118,ENSG00000065243,PKN2,Q16513,S,362,0.219529375707974
28119,ENSG00000185567,AHNAK2,Q8IVF2,S,4966,0.295398081018384
28121,ENSG00000099260,PALMD,Q9NP74,S,520,0.437509847520555
28125,ENSG00000165916,PSMC3,P17980,S,37,0.203519222783831
28126,ENSG00000100056,ESS2,Q96DF8,T,333,0.475927645554658
28128,ENSG00000039560,RAI14,Q9P0K7,S,289,0.257733543439069
28130,ENSG00000116786,PLEKHM2,Q8IWE5,S,261,0.116749343101335
28132,ENSG00000160789,LMNA,P02545,S,398,0.366314817534601
28133,ENSG00000162402,USP24,Q9UPU5,S,84,0.0486742324663857
28134,ENSG00000139641,ESYT1,Q9BSJ8,S,1067,0.298721981970153
28136,ENSG00000078687,TNRC6C,Q9HCJ0,S,1358,0.273203672909369
28139,ENSG00000114354,TFG,Q92734,T,372,0.463457522374373
28140,ENSG00000083896,YTHDC1,Q96MU7,S,287,0.154462068655018
28142,ENSG00000075884,ARHGAP15,Q53QZ3,S,211,0.45701493380954
28143,ENSG00000148426,PROSER2,Q86WR7,T,167,0.458106902700593
28147,ENSG00000076826,CAMSAP3,Q9P1Y5,S,544,0.0856844501173035
28150,ENSG00000169093,ASMTL,O95671,S,421,0.218264572681391
28151,ENSG00000052126,PLEKHA5,Q9HAU0,S,140,0.415859624902732
28154,ENSG00000110723,EXPH5,Q8NEV8,S,948,0.197241595623703
28155,ENSG00000177425,PAWR,Q96IZ0,S,9,0.222555057089132
28156,ENSG00000144589,STK11IP,Q8N1F8,S,470,0.118970112086205
28157,ENSG00000197930,ERO1A,Q96HE7,S,145,0.343821075645118
28160,ENSG00000103657,HERC1,Q15751,T,2701,0.392895198200043
28162,ENSG00000127481,UBR4,Q5T4S7,S,2885,0.509555952249958
28163,ENSG00000005884,ITGA3,P26006,Y,1051,0.558090647937986
28164,ENSG00000128016,ZFP36,P26651,T,92,0.383455221590016
28165,ENSG00000178537,SLC25A20,O43772,S,143,0.106594055863278
28166,ENSG00000169398,PTK2,Q05397,S,702,0.225517410499819
28167,ENSG00000047849,MAP4,P27816,T,28,0.114862232106616
28168,ENSG00000198853,RUSC2,Q8N2Y8,S,342,0.0763276259110941
28171,ENSG00000101096,NFATC2,Q13469,S,755,0.261607028885959
28176,ENSG00000133961,NUMB,P49757,S,241,0.460101003300871
28178,ENSG00000147654,EBAG9,O00559,S,62,0.192005369952128
28179,ENSG00000133069,TMCC2,O75069,S,470,0.259447247992925
28181,ENSG00000125821,DTD1,Q8TEA8,S,194,0.398018345815173
28182,ENSG00000163565,IFI16,Q16666,T,540,0.471968507572096
28184,ENSG00000168631,DPCR1,Q3MIW9,S,77,0.113701301538422
28187,ENSG00000165959,CLMN,Q96JQ2,S,402,0.167899748245966
28188,ENSG00000168781,PPIP5K1,Q6PFW1,S,1152,0.422680586884052
28190,ENSG00000129514,FOXA1,P55317,S,448,0.325317241502069
28191,ENSG00000115020,PIKFYVE,Q9Y2I7,T,477,0.179732114482586
28192,ENSG00000138629,UBL7,Q96S82,T,248,0.262696099608928
28193,ENSG00000125166,GOT2,P00505,S,360,0.276650349819435
28195,ENSG00000107262,BAG1,Q99933,S,83,0.297308605364787
28196,ENSG00000197256,KANK2,Q63ZY3,T,84,0.320361090201131
28198,ENSG00000014641,MDH1,P40925,T,190,0.419748086260198
28199,ENSG00000118520,ARG1,P05089,S,62,0.357534291234584
28202,ENSG00000156675,RAB11FIP1,Q6WKZ4,S,342,0.212205221575742
28203,ENSG00000132604,TERF2,Q15554,S,422,0.458290450534628
28204,ENSG00000165240,ATP7A,Q04656,T,150,0.0869772236241176
28205,ENSG00000183742,MACC1,Q6ZN28,S,112,0.367664476940552
28206,ENSG00000122591,FAM126A,Q9BYI3,T,306,0.519339499082579
28209,ENSG00000275342,PRAG1,Q86YV5,S,231,0.146899854424163
28210,ENSG00000183741,CBX6,O95503,S,303,0.268305993322837
28212,ENSG00000138386,NAB1,Q13506,S,407,0.476366391206385
28214,ENSG00000103994,ZNF106,Q9H2Y7,S,590,0.241299004741443
28218,ENSG00000089094,KDM2B,Q8NHM5,T,447,0.192402834644714
28219,ENSG00000204304,PBX2,P40425,S,151,0.566056977771872
28220,ENSG00000050820,BCAR1,P56945,Y,249,0.801954823968381
28224,ENSG00000050405,LIMA1,Q9UHB6,T,487,0.408777075886576
28225,ENSG00000134265,NAPG,Q99747,S,308,0.277854087344693
28228,ENSG00000026025,VIM,P08670,T,458,0.503177667198118
28232,ENSG00000120647,CCDC77,Q9BR77,S,44,0.536269977860594
28233,ENSG00000135046,ANXA1,P04083,S,45,0.239750732580175
28234,ENSG00000104626,ERI1,Q8IV48,S,59,0.334247725732366
28236,ENSG00000136111,TBC1D4,O60343,S,370,0.375720552923841
28237,ENSG00000172301,COPRS,Q9NQ92,S,31,0.443942334293247
28240,ENSG00000120549,KIAA1217,Q5T5P2,S,313,0.335718234606732
28244,ENSG00000178764,ZHX2,Q9Y6X8,T,439,0.434154321184267
28245,ENSG00000110048,OSBP,P22059,T,332,0.380858704537564
28246,ENSG00000083642,PDS5B,Q9NTI5,S,1319,0.127497454776611
28247,ENSG00000142864,SERBP1,Q8NC51,S,328,0.461726280764742
28248,ENSG00000075391,RASAL2,Q9UJF2,T,839,0.192582183392452
28249,ENSG00000178209,PLEC,Q15149,S,4385,0.374219738922462
28250,ENSG00000164930,FZD6,O60353,S,656,0.130131783936337
28251,ENSG00000108176,DNAJC12,Q9UKB3,S,160,0.315531057508209
28253,ENSG00000083642,PDS5B,Q9NTI5,S,1140,0.249721761003982
28256,ENSG00000171877,FRMD5,Q7Z6J6,S,375,0.144607861948638
28259,ENSG00000167258,CDK12,Q9NYV4,S,238,0.208504205762323
28261,ENSG00000112234,FBXL4,Q9UKA2,S,268,0.1203472388474
28263,ENSG00000173327,MAP3K11,Q16584,S,748,0.344880815224638
28264,ENSG00000134758,RNF138,Q8WVD3,S,127,0.295732588147967
28265,ENSG00000182621,PLCB1,Q9NQ66,S,308,0.174286953708882
28266,ENSG00000167986,DDB1,Q16531,S,645,0.399776785545284
28267,ENSG00000126777,KTN1,Q86UP2,S,110,0.147680361065626
28268,ENSG00000197555,SIPA1L1,O43166,S,1554,0.232694730502896
28269,ENSG00000089169,RPH3A,Q9Y2J0,S,272,0.193619010328015
28271,ENSG00000101199,ARFGAP1,Q8N6T3,S,174,0.298648272277765
28272,ENSG00000090020,SLC9A1,P19634,T,603,0.319366293517182
28275,ENSG00000074800,ENO1,P06733,S,157,0.140253385148165
28276,ENSG00000099901,RANBP1,P43487,T,13,0.412426297392707
28278,ENSG00000099341,PSMD8,P48556,S,106,0.390315881951722
28281,ENSG00000111716,LDHB,P07195,S,303,0.2852927642518
28285,ENSG00000141499,WRAP53,Q9BUR4,S,30,0.391065598757988
28286,ENSG00000180357,ZNF609,O15014,S,560,0.490364911352071
28287,ENSG00000115896,PLCL1,Q15111,S,76,0.133283487020718
28289,ENSG00000145241,CENPC,Q03188,S,613,0.302341249817588
28292,ENSG00000148925,BTBD10,Q9BSF8,S,111,0.2691971241697
28294,ENSG00000178209,PLEC,Q15149,S,2361,0.263350314739516
28295,ENSG00000233608,TWIST2,Q8WVJ9,S,55,0.418313097618507
28297,ENSG00000168137,SETD5,Q9C0A6,S,1246,0.147181647144834
28298,ENSG00000163697,APBB2,Q92870,S,341,0.589984030045524
28300,ENSG00000118200,CAMSAP2,Q08AD1,S,439,0.203510512206821
28301,ENSG00000124831,LRRFIP1,Q32MZ4,S,66,0.333522204372694
28307,ENSG00000099331,MYO9B,Q13459,S,1323,0.308442361271541
28308,ENSG00000163399,ATP1A1,P05023,Y,542,0.573514328995563
28309,ENSG00000137076,TLN1,Q9Y490,S,1055,0.07480673310129
28312,ENSG00000065361,ERBB3,P21860,S,1315,0.24289281268218
28313,ENSG00000152700,SAR1B,Q9Y6B6,S,162,0.128647455433514
28318,ENSG00000092978,GPATCH2,Q9NW75,T,50,0.408646239795954
28319,ENSG00000104728,ARHGEF10,O15013,T,98,0.0700504023092701
28322,ENSG00000180096,SEPT1,Q8WYJ6,T,317,0.256775805357275
28324,ENSG00000099940,SNAP29,O95721,S,114,0.389068478279329
28325,ENSG00000176463,SLCO3A1,Q9UIG8,S,671,0.331148367631803
28328,ENSG00000081923,ATP8B1,O43520,S,1223,0.155368658564261
28329,ENSG00000178773,CPNE7,Q9UBL6,T,632,0.427507134233488
28330,ENSG00000101040,ZMYND8,Q9ULU4,S,499,0.145895383265802
28331,ENSG00000088247,KHSRP,Q92945,S,129,0.261119079227734
28333,ENSG00000064651,SLC12A2,P55011,T,230,0.339057724257893
28335,ENSG00000180530,NRIP1,P48552,S,564,0.281582375681114
28336,ENSG00000137460,FHDC1,Q9C0D6,S,525,0.246927331925874
28337,ENSG00000145016,RUBCN,Q92622,S,416,0.200020536316743
28340,ENSG00000204619,PPP1R11,O60927,T,102,0.436532630497338
28342,ENSG00000175467,SART1,O43290,S,591,0.271283475975064
28343,ENSG00000116903,EXOC8,Q8IYI6,S,32,0.407233464986757
28344,ENSG00000112290,WASF1,Q92558,S,310,0.453935352633652
28345,ENSG00000064787,BCAS1,O75363,S,381,0.149352243464435
28348,ENSG00000130176,CNN1,P51911,S,15,0.132788068253273
28349,ENSG00000149564,ESAM,Q96AP7,S,336,0.147432279523519
28350,ENSG00000152767,FARP1,Q9Y4F1,S,12,0.192010544546401
28351,ENSG00000162522,KIAA1522,Q9P206,S,404,0.413763250377438
28352,ENSG00000105738,SIPA1L3,O60292,S,1617,0.117195879859975
28353,ENSG00000198189,HSD17B11,Q8NBQ5,S,33,0.242175663641083
28354,ENSG00000127947,PTPN12,Q05209,S,708,0.33237964331662
28356,ENSG00000133619,KRBA1,A5PL33,S,432,0.143844961709102
28357,ENSG00000183160,TMEM119,Q4V9L6,S,185,0.278411131576279
28358,ENSG00000196453,ZNF777,Q9ULD5,T,145,0.118770540070999
28359,ENSG00000184307,ZDHHC23,Q8IYP9,S,252,0.243665795382802
28366,ENSG00000105669,COPE,O14579,S,13,0.318416302978123
28367,ENSG00000110713,NUP98,P52948,T,660,0.0539653405569461
28368,ENSG00000131711,MAP1B,P46821,S,1818,0.403855141953183
28369,ENSG00000176182,MYPOP,Q86VE0,S,202,0.272472308730069
28370,ENSG00000114354,TFG,Q92734,S,50,0.286911353319688
28371,ENSG00000135829,DHX9,Q08211,T,98,0.179569898337942
28373,ENSG00000073111,MCM2,P49736,T,59,0.352523678192547
28374,ENSG00000105559,PLEKHA4,Q9H4M7,S,723,0.267278034130768
28375,ENSG00000117713,ARID1A,O14497,T,1888,0.235577298373498
28376,ENSG00000197323,TRIM33,Q9UPN9,T,1102,0.375939190028717
28377,ENSG00000132694,ARHGEF11,O15085,T,585,0.12606806594666
28378,ENSG00000067113,PLPP1,O14494,S,264,0.311931312250999
28380,ENSG00000198492,YTHDF2,Q9Y5A9,S,238,0.424974171180557
28381,ENSG00000167548,KMT2D,O14686,S,4624,0.16798253019466
28384,ENSG00000107201,DDX58,O95786,S,8,0.244617343534969
28388,ENSG00000148158,SNX30,Q5VWJ9,S,73,0.191341210192227
28389,ENSG00000119906,SLF2,Q8IX21,S,578,0.226393989749545
28390,ENSG00000036448,MYOM2,P54296,S,1461,0.0844495919393155
28391,ENSG00000166025,AMOTL1,Q8IY63,S,785,0.0931950027214741
28392,ENSG00000182580,EPHB3,P54753,S,795,0.540153796668404
28395,ENSG00000173218,VANGL1,Q8TAA9,S,45,0.338322166729277
28396,ENSG00000115306,SPTBN1,Q01082,S,2115,0.244778217740959
28397,ENSG00000139436,GIT2,Q14161,S,8,0.317533178022847
28398,ENSG00000087589,CASS4,Q9NQ75,S,390,0.340677363125782
28399,ENSG00000183580,FBXL7,Q9UJT9,T,30,0.345115093913652
28400,ENSG00000196411,EPHB4,P54760,S,777,0.402608425173796
28401,ENSG00000133026,MYH10,P35580,S,929,0.124145250817378
28405,ENSG00000173064,HECTD4,Q9Y4D8,S,1493,0.116358656562098
28407,ENSG00000142694,EVA1B,Q9NVM1,T,148,0.181059044249869
28409,ENSG00000134769,DTNA,Q9Y4J8,S,645,0.143398245239071
28410,ENSG00000113448,PDE4D,Q08499,S,761,0.174318477934708
28411,ENSG00000143776,CDC42BPA,Q5VT25,S,1635,0.185548500796011
28414,ENSG00000067369,TP53BP1,Q12888,S,892,0.301440885933579
28415,ENSG00000115539,PDCL3,Q9H2J4,S,43,0.317275775672228
28416,ENSG00000051523,CYBA,P13498,S,168,0.337153693524233
28417,ENSG00000103496,STX4,Q12846,S,14,0.530750467073812
28419,ENSG00000170921,TANC2,Q9HCD6,T,434,0.459771316603902
28420,ENSG00000124789,NUP153,P49790,T,520,0.154609067365741
28421,ENSG00000205302,SNX2,O60749,S,97,0.536680334289585
28422,ENSG00000133961,NUMB,P49757,T,561,0.209591274195374
28423,ENSG00000118007,STAG1,Q8WVM7,S,1138,0.158700032775967
28424,ENSG00000178605,GTPBP6,O43824,S,43,0.390591973987817
28425,ENSG00000120438,TCP1,P17987,S,491,0.285912534062213
28430,ENSG00000196535,MYO18A,Q92614,T,228,0.265073264222329
28431,ENSG00000204209,DAXX,Q9UER7,S,405,0.234580963431478
28434,ENSG00000139174,PRICKLE1,Q96MT3,S,597,0.162461315279808
28435,ENSG00000116871,MAP7D1,Q3KQU3,S,469,0.490864580591885
28436,ENSG00000137145,DENND4C,Q5VZ89,S,1115,0.0495046947277173
28439,ENSG00000127528,KLF2,Q9Y5W3,T,244,0.714038728526382
28442,ENSG00000064607,SUGP2,Q8IX01,T,1045,0.253691521262728
28443,ENSG00000150593,PDCD4,Q53EL6,S,49,0.149450500210226
28444,ENSG00000151474,FRMD4A,Q9P2Q2,S,709,0.144795140692369
28446,ENSG00000115020,PIKFYVE,Q9Y2I7,S,329,0.336665156101287
28448,ENSG00000125633,CCDC93,Q567U6,S,273,0.187510629087144
28449,ENSG00000154783,FGD5,Q6ZNL6,S,740,0.170549554172043
28450,ENSG00000184368,MAP7D2,Q96T17,S,188,0.281042983262637
28451,ENSG00000070882,OSBPL3,Q9H4L5,S,173,0.0896053464744867
28453,ENSG00000144028,SNRNP200,O75643,S,17,0.197770189374613
28454,ENSG00000141639,MAPK4,P31152,S,186,0.637303989029336
28455,ENSG00000138375,SMARCAL1,Q9NZC9,S,198,0.18434807568562
28458,ENSG00000166974,MAPRE2,Q15555,S,222,0.567736969224165
28459,ENSG00000163995,ABLIM2,Q6H8Q1,S,282,0.394584263658294
28460,ENSG00000001629,ANKIB1,Q9P2G1,S,891,0.325753545559527
28462,ENSG00000172020,GAP43,P17677,T,148,0.330855934450447
28466,ENSG00000113580,NR3C1,P04150,S,508,0.209223650132101
28467,ENSG00000155816,FMN2,Q9NZ56,S,396,0.23139673039711
28468,ENSG00000058272,PPP1R12A,O14974,T,305,0.118012908707537
28469,ENSG00000132938,MTUS2,Q5JR59,S,1360,0.341057449717451
28476,ENSG00000006453,BAIAP2L1,Q9UHR4,T,118,0.316817551508558
28478,ENSG00000148773,MKI67,P46013,S,1136,0.14967594816015
28479,ENSG00000023287,RB1CC1,Q8TDY2,S,222,0.526011698796379
28480,ENSG00000110367,DDX6,P26196,S,462,0.317683273462228
28481,ENSG00000124831,LRRFIP1,Q32MZ4,S,120,0.566277034952321
28484,ENSG00000225968,ELFN1,P0C7U0,S,735,0.253091496511733
28485,ENSG00000104320,NBN,O60934,S,615,0.476339010236393
28486,ENSG00000115310,RTN4,Q9NQC3,S,738,0.0887409878135026
28488,ENSG00000127947,PTPN12,Q05209,S,369,0.38022850809111
28489,ENSG00000132780,NASP,P49321,S,662,0.297325283992121
28490,ENSG00000144283,PKP4,Q99569,S,1190,0.195577409417572
28491,ENSG00000214706,IFRD2,Q12894,S,96,0.518821107904562
28492,ENSG00000123572,NRK,Q7Z2Y5,S,1034,0.173134143382283
28494,ENSG00000159216,RUNX1,Q01196,S,433,0.343955025346309
28496,ENSG00000105245,NUMBL,Q9Y6R0,T,265,0.365046784224175
28497,ENSG00000175707,KDF1,Q8NAX2,S,153,0.149791677073186
28499,ENSG00000182718,ANXA2,A6NMY6,S,12,0.366262173449348
28502,ENSG00000158636,EMSY,Q7Z589,T,1073,0.257626998204015
28503,ENSG00000178718,RPP25,Q9BUL9,S,182,0.322092121381742
28504,ENSG00000183853,KIRREL1,Q96J84,S,642,0.500857688552065
28506,ENSG00000185811,IKZF1,Q13422,S,389,0.510715615444182
28507,ENSG00000196935,SRGAP1,Q7Z6B7,S,819,0.276927016237946
28508,ENSG00000167548,KMT2D,O14686,S,4883,0.109303824718847
28509,ENSG00000171475,WIPF2,Q8TF74,S,175,0.392874818395695
28510,ENSG00000105289,TJP3,O95049,S,864,0.192179242579458
28511,ENSG00000120549,KIAA1217,Q5T5P2,S,479,0.13594194950618
28512,ENSG00000136754,ABI1,Q8IZP0,T,324,0.345077605570153
28513,ENSG00000011426,ANLN,Q9NQW6,S,99,0.394043252363047
28516,ENSG00000158856,DMTN,Q08495,S,18,0.306605490663784
28517,ENSG00000178053,MLF1,P58340,S,32,0.569683717452726
28523,ENSG00000121864,ZNF639,Q9UID6,S,19,0.42118568474041
28524,ENSG00000169258,GPRIN1,Q7Z2K8,S,104,0.326744430970228
28526,ENSG00000160360,GPSM1,Q86YR5,S,413,0.612684003545222
28531,ENSG00000198844,ARHGEF15,O94989,S,41,0.0906912459907888
28532,ENSG00000153823,PID1,Q7Z2X4,S,234,0.392357991059447
28533,ENSG00000152684,PELO,Q9BRX2,S,374,0.540875266674388
28536,ENSG00000197860,SGTB,Q96EQ0,S,297,0.767347481469169
28537,ENSG00000079313,REXO1,Q8N1G1,S,289,0.266608409932731
28539,ENSG00000126705,AHDC1,Q5TGY3,S,850,0.117356912595849
28541,ENSG00000022567,SLC45A4,Q5BKX6,T,483,0.222249515106538
28542,ENSG00000116871,MAP7D1,Q3KQU3,S,366,0.631163146314025
28547,ENSG00000081913,PHLPP1,O60346,S,321,0.172550461947513
28548,ENSG00000124429,POF1B,Q8WVV4,S,539,0.107568297388376
28549,ENSG00000151552,QDPR,P09417,S,223,0.194979401213259
28553,ENSG00000115207,GTF3C2,Q8WUA4,S,892,0.249842608581333
28555,ENSG00000119280,C1orf198,Q9H425,S,281,0.22130385572686
28557,ENSG00000136205,TNS3,Q68CZ2,S,337,0.202548097833094
28559,ENSG00000153815,CMIP,Q8IY22,S,660,0.102236439923995
28561,ENSG00000165494,PCF11,O94913,T,1491,0.466771067418088
28564,ENSG00000085511,MAP3K4,Q9Y6R4,S,66,0.220895238817772
28565,ENSG00000122566,HNRNPA2B1,P22626,S,199,0.186902867611609
28566,ENSG00000123104,ITPR2,Q14571,S,1855,0.285561546007127
28567,ENSG00000159348,CYB5R1,Q9UHQ9,S,150,0.190480372697081
28569,ENSG00000136717,BIN1,O00499,S,276,0.119229284974998
28571,ENSG00000048162,NOP16,Q9Y3C1,S,16,0.406990867284538
28574,ENSG00000196235,SUPT5H,O00267,T,828,0.469657011577333
28576,ENSG00000164867,NOS3,P29474,T,1175,0.325919281145576
28577,ENSG00000105699,LSR,Q86X29,S,365,0.454291338651238
28580,ENSG00000104067,TJP1,Q07157,S,320,0.222916552624281
28581,ENSG00000100239,PPP6R2,O75170,S,427,0.18269154255961
28583,ENSG00000151491,EPS8,Q12929,T,699,0.263353578944916
28584,ENSG00000132688,NES,P48681,S,455,0.082367349379612
28587,ENSG00000110841,PPFIBP1,Q86W92,T,1005,0.265682168203507
28588,ENSG00000133961,NUMB,P49757,T,363,0.108243061810036
28590,ENSG00000076984,MAP2K7,O14733,S,403,0.578625834856561
28591,ENSG00000135315,CEP162,Q5TB80,S,520,0.428671642464111
28593,ENSG00000189241,TSPYL1,Q9H0U9,S,142,0.217046784572194
28595,ENSG00000005007,UPF1,Q92900,S,1110,0.36826086501868
28596,ENSG00000204138,PHACTR4,Q8IZ21,S,514,0.375647171987741
28601,ENSG00000175084,DES,P17661,S,42,0.202564816275465
28603,ENSG00000141441,GAREM1,Q9H706,S,382,0.119219923599806
28604,ENSG00000140682,TGFB1I1,O43294,T,152,0.225589718691355
28605,ENSG00000143442,POGZ,Q7Z3K3,S,1367,0.284767752434628
28606,ENSG00000136872,ALDOB,P05062,S,272,0.408058811165734
28607,ENSG00000107186,MPDZ,O75970,S,1595,0.263234939206288
28609,ENSG00000124120,TTPAL,Q9BTX7,T,10,0.327958909555554
28612,ENSG00000122545,SEPT7,Q16181,Y,30,0.432576320436019
28615,ENSG00000135541,AHI1,Q8N157,S,331,0.160972429361477
28616,ENSG00000077380,DYNC1I2,Q13409,S,97,0.34420598792485
28619,ENSG00000100968,NFATC4,Q14934,T,276,0.266152236090811
28621,ENSG00000165699,TSC1,Q92574,S,1041,0.105159737425109
28622,ENSG00000156030,ELMSAN1,Q6PJG2,T,893,0.254036507176319
28624,ENSG00000139263,LRIG3,Q6UXM1,S,1079,0.283163861855608
28628,ENSG00000129245,FXR2,P51116,T,411,0.373111154889273
28629,ENSG00000204120,GIGYF2,Q6Y7W6,S,1284,0.121970004619463
28630,ENSG00000039523,RIPOR1,Q6ZS17,S,401,0.248611508797729
28631,ENSG00000149136,SSRP1,Q08945,T,170,0.186222295845678
28632,ENSG00000136478,TEX2,Q8IWB9,S,458,0.186503342804343
28633,ENSG00000139613,SMARCC2,Q8TAQ2,S,555,0.299870005619444
28634,ENSG00000149532,CPSF7,Q8N684,S,205,0.296141714696036
28636,ENSG00000029363,BCLAF1,Q9NYF8,S,320,0.314874436420079
28637,ENSG00000198909,MAP3K3,Q99759,S,168,0.330755136495272
28639,ENSG00000275066,SYNRG,Q9UMZ2,S,809,0.240249698558364
28640,ENSG00000123143,PKN1,Q16512,S,537,0.447131442618808
28641,ENSG00000100241,SBF1,O95248,S,1749,0.252460237501116
28642,ENSG00000108262,GIT1,Q9Y2X7,T,568,0.363663441261285
28643,ENSG00000131584,ACAP3,Q96P50,S,383,0.430822584971065
28645,ENSG00000184661,CDCA2,Q69YH5,S,934,0.154609380563114
28650,ENSG00000088247,KHSRP,Q92945,S,54,0.11410918194875
28651,ENSG00000180998,GPR137C,Q8N3F9,S,357,0.285710323427296
28653,ENSG00000185950,IRS2,Q9Y4H2,S,592,0.205620549658202
28655,ENSG00000075702,WDR62,O43379,S,1348,0.378705091951825
28656,ENSG00000127616,SMARCA4,P51532,T,298,0.15789262944453
28658,ENSG00000110237,ARHGEF17,Q96PE2,S,861,0.0629947677221245
28661,ENSG00000091656,ZFHX4,Q86UP3,S,508,0.281125046593207
28662,ENSG00000153317,ASAP1,Q9ULH1,S,493,0.319061064792094
28663,ENSG00000171115,GIMAP8,Q8ND71,S,299,0.184520860690703
28664,ENSG00000083720,OXCT1,P55809,S,509,0.224225964642813
28665,ENSG00000183527,PSMG1,O95456,S,180,0.292915749333849
28666,ENSG00000108846,ABCC3,O15438,S,884,0.210703415237939
28667,ENSG00000136937,NCBP1,Q09161,T,27,0.298041673727472
28668,ENSG00000004766,VPS50,Q96JG6,S,561,0.412771252270669
28671,ENSG00000154639,CXADR,P78310,S,306,0.610127306352702
28672,ENSG00000164694,FNDC1,Q4ZHG4,T,541,0.0920286130135965
28673,ENSG00000163795,ZNF513,Q8N8E2,S,96,0.231505075136313
28674,ENSG00000062598,ELMO2,Q96JJ3,Y,48,0.506280404735363
28679,ENSG00000122741,DCAF10,Q5QP82,S,349,0.447637334784715
28681,ENSG00000004534,RBM6,P78332,S,360,0.379803954101734
28682,ENSG00000132535,DLG4,P78352,S,415,0.121386984816469
28684,ENSG00000272391,POM121C,A8CG34,S,323,0.228985325276148
28686,ENSG00000142655,PEX14,O75381,S,232,0.604768304415828
28692,ENSG00000130726,TRIM28,Q13263,S,9,0.190115548575688
28693,ENSG00000076944,STXBP2,Q15833,T,216,0.403737574562989
28694,ENSG00000165185,KIAA1958,Q8N8K9,S,92,0.125503528254836
28695,ENSG00000099812,MISP,Q8IVT2,T,433,0.434927336877425
28698,ENSG00000125844,RRBP1,Q9P2E9,S,37,0.176943856120279
28699,ENSG00000145912,NHP2,Q9NX24,S,19,0.135983747218828
28700,ENSG00000115935,WIPF1,O43516,T,398,0.468112862410646
28702,ENSG00000103335,PIEZO1,Q92508,T,1854,0.163115411150917
28703,ENSG00000132824,SERINC3,Q13530,S,371,0.147404810571491
28704,ENSG00000111596,CNOT2,Q9NZN8,T,246,0.399594296432332
28705,ENSG00000075240,GRAMD4,Q6IC98,S,24,0.576485429571465
28707,ENSG00000162944,RFTN2,Q52LD8,S,430,0.546234007062355
28709,ENSG00000129158,SERGEF,Q9UGK8,S,427,0.378076611186018
28710,ENSG00000093000,NUP50,Q9UKX7,S,223,0.316938564248366
28711,ENSG00000185963,BICD2,Q8TD16,S,190,0.274368127988398
28713,ENSG00000167548,KMT2D,O14686,T,380,0.220200539569629
28714,ENSG00000109089,CDR2L,Q86X02,S,180,0.345289657235202
28716,ENSG00000067057,PFKP,Q01813,S,783,0.207601308787842
28720,ENSG00000108021,FAM208B,Q5VWN6,T,683,0.0654167756297577
28721,ENSG00000122122,SASH3,O75995,S,113,0.482019895535614
28722,ENSG00000188549,CCDC9B,Q6ZUT6,S,411,0.221662602043459
28728,ENSG00000075711,DLG1,Q12959,S,571,0.32352606438147
28729,ENSG00000198910,L1CAM,P32004,S,1244,0.250142709312442
28731,ENSG00000260220,CCDC187,A0A096LP49,S,777,0.173555100771263
28732,ENSG00000130038,CRACR2A,Q9BSW2,S,35,0.149608079038521
28733,ENSG00000121104,FAM117A,Q9C073,S,317,0.395246226323793
28734,ENSG00000100902,PSMA6,P60900,T,173,0.128673568693381
28738,ENSG00000180182,MED14,O60244,S,1112,0.50040333351786
28740,ENSG00000169762,TAPT1,Q6NXT6,S,549,0.355568821081084
28744,ENSG00000115648,MLPH,Q9BV36,S,484,0.433158594207339
28745,ENSG00000164104,HMGB2,P26583,S,35,0.376856408639589
28747,ENSG00000048707,VPS13D,Q5THJ4,S,926,0.086408823106477
28748,ENSG00000198198,SZT2,Q5T011,S,1642,0.357518814309555
28750,ENSG00000169047,IRS1,P35568,S,1222,0.299434090604406
28751,ENSG00000115806,GORASP2,Q9H8Y8,S,409,0.281722523083218
28752,ENSG00000118197,DDX59,Q5T1V6,S,64,0.225418218166837
28754,ENSG00000119392,GLE1,Q53GS7,S,99,0.450794828808435
28755,ENSG00000186470,BTN3A2,P78410,S,286,0.390334582409082
28756,ENSG00000132613,MTSS1L,Q765P7,S,441,0.370776385149838
28760,ENSG00000070814,TCOF1,Q13428,S,120,0.0876182578769681
28761,ENSG00000008294,SPAG9,O60271,T,365,0.491655218366675
28762,ENSG00000164985,PSIP1,O75475,S,105,0.40544164669556
28763,ENSG00000204160,ZDHHC18,Q9NUE0,S,366,0.249425362172426
28765,ENSG00000065526,SPEN,Q96T58,S,1255,0.16383826655834
28767,ENSG00000010017,RANBP9,Q96S59,S,487,0.438444106149321
28768,ENSG00000090905,TNRC6A,Q8NDV7,S,1212,0.195579820466553
28769,ENSG00000204128,C2orf72,A6NCS6,T,286,0.202565757517878
28770,ENSG00000138398,PPIG,Q13427,S,677,0.260545711278801
28771,ENSG00000100897,DCAF11,Q8TEB1,S,6,0.463158779501883
28775,ENSG00000136811,ODF2,Q5BJF6,S,115,0.267957569522609
28777,ENSG00000105699,LSR,Q86X29,S,385,0.112926266262371
28780,ENSG00000160299,PCNT,O95613,S,2177,0.155253635886239
28781,ENSG00000175073,VCPIP1,Q96JH7,S,1064,0.080496992495159
28785,ENSG00000072415,MPP5,Q8N3R9,Y,243,0.809149227827984
28788,ENSG00000122786,CALD1,Q05682,S,691,0.113121204828676
28790,ENSG00000105939,ZC3HAV1,Q7Z2W4,S,494,0.219968785699841
28791,ENSG00000116095,PLEKHA3,Q9HB20,S,236,0.598547678612584
28792,ENSG00000108947,EFNB3,Q15768,S,274,0.390241869167833
28795,ENSG00000198873,GRK5,P34947,S,572,0.110793063502754
28796,ENSG00000067369,TP53BP1,Q12888,T,855,0.330292410199668
28799,ENSG00000116191,RALGPS2,Q86X27,T,326,0.606532971456258
28801,ENSG00000145901,TNIP1,Q15025,S,435,0.512824700743541
28803,ENSG00000077235,GTF3C1,Q12789,S,751,0.334510631725155
28804,ENSG00000084733,RAB10,P61026,T,174,0.568757672938326
28806,ENSG00000198265,HELZ,P42694,S,1177,0.370601450376862
28808,ENSG00000180357,ZNF609,O15014,T,819,0.248794031326751
28809,ENSG00000091073,DTX2,Q86UW9,S,360,0.45945179596674
28812,ENSG00000149115,TNKS1BP1,Q9C0C2,S,287,0.30079124284006
28813,ENSG00000174373,RALGAPA1,Q6GYQ0,S,503,0.204264987221958
28816,ENSG00000155066,PROM2,Q8N271,T,816,0.323634294518041
28818,ENSG00000130957,FBP2,O00757,Y,216,0.486202911026716
28820,ENSG00000103657,HERC1,Q15751,S,133,0.151377541120481
28821,ENSG00000087077,TRIP6,Q15654,T,27,0.444720522424846
28822,ENSG00000120913,PDLIM2,Q96JY6,S,213,0.31081853827728
28825,ENSG00000174106,LEMD3,Q9Y2U8,S,352,0.336979703078643
28826,ENSG00000130701,RBBP8NL,Q8NC74,S,474,0.380284638761353
28827,ENSG00000138385,SSB,P05455,S,350,0.14417947552453
28828,ENSG00000197043,ANXA6,P08133,T,110,0.142999769453011
28829,ENSG00000134086,VHL,P40337,S,68,0.290226939106466
28831,ENSG00000136205,TNS3,Q68CZ2,S,943,0.208361691005688
28832,ENSG00000251322,SHANK3,Q9BYB0,S,366,0.321220360931918
28836,ENSG00000112659,CUL9,Q8IWT3,T,938,0.0830690697845522
28838,ENSG00000125637,PSD4,Q8NDX1,S,1022,0.337149489388609
28840,ENSG00000163110,PDLIM5,Q96HC4,S,217,0.459842552778049
28841,ENSG00000101577,LPIN2,Q92539,S,151,0.108405962018308
28842,ENSG00000134001,EIF2S1,P05198,S,165,0.115902815033477
28843,ENSG00000196411,EPHB4,P54760,S,769,0.455550742452629
28846,ENSG00000116675,DNAJC6,O75061,S,11,0.148125552452935
28848,ENSG00000077235,GTF3C1,Q12789,S,501,0.199083737489071
28849,ENSG00000121749,TBC1D15,Q8TC07,T,689,0.40856929969018
28851,ENSG00000176994,SMCR8,Q8TEV9,S,513,0.306680788189958
28852,ENSG00000122966,CIT,O14578,S,2026,0.165411152155632
28854,ENSG00000050405,LIMA1,Q9UHB6,T,600,0.250412670165153
28857,ENSG00000008735,MAPK8IP2,Q13387,S,251,0.200172514199413
28858,ENSG00000181143,MUC16,Q8WXI7,S,14499,0.199720944006785
28859,ENSG00000215045,GRID2IP,A4D2P6,S,264,0.21847272786172
28863,ENSG00000124942,AHNAK,Q09666,S,41,0.241061757681646
28865,ENSG00000125944,HNRNPR,O43390,S,228,0.274342661046972
28866,ENSG00000156599,ZDHHC5,Q9C0B5,S,299,0.556693092113565
28867,ENSG00000166963,MAP1A,P78559,S,891,0.198176296724166
28870,ENSG00000071564,TCF3,P15923,S,509,0.300533598254286
28871,ENSG00000143079,CTTNBP2NL,Q9P2B4,S,477,0.0939805772389781
28872,ENSG00000185950,IRS2,Q9Y4H2,T,1151,0.313011875040101
28874,ENSG00000184524,CEND1,Q8N111,S,108,0.168644279043361
28876,ENSG00000173517,PEAK1,Q9H792,S,1374,0.331394150410873
28877,ENSG00000115207,GTF3C2,Q8WUA4,S,136,0.205295112442448
28880,ENSG00000124151,NCOA3,Q9Y6Q9,S,636,0.175628390279437
28881,ENSG00000264522,OTUD7B,Q6GQQ9,T,451,0.293518652030051
28886,ENSG00000076108,BAZ2A,Q9UIF9,S,1542,0.102974126474386
28887,ENSG00000136643,RPS6KC1,Q96S38,S,449,0.28865502968376
28893,ENSG00000115306,SPTBN1,Q01082,T,2317,0.344197190848354
28894,ENSG00000168014,C2CD3,Q4AC94,T,727,0.0813278675436681
28897,ENSG00000161011,SQSTM1,Q13501,S,287,0.365997381755174
28899,ENSG00000160789,LMNA,P02545,T,534,0.256209069552503
28901,ENSG00000138709,LARP1B,Q659C4,S,60,0.288001227902672
28904,ENSG00000156599,ZDHHC5,Q9C0B5,S,448,0.10755726657987
28905,ENSG00000163435,ELF3,P78545,S,254,0.348049082704926
28908,ENSG00000130726,TRIM28,Q13263,T,620,0.239575470614809
28910,ENSG00000065989,PDE4A,P27815,S,279,0.258253534837718
28914,ENSG00000167978,SRRM2,Q9UQ35,S,1831,0.154836077881226
28915,ENSG00000163328,GPR155,Q7Z3F1,S,741,0.169714030929785
28916,ENSG00000197961,ZNF121,P58317,S,91,0.43603029970273
28917,ENSG00000160294,MCM3AP,O60318,S,529,0.162448008696478
28919,ENSG00000184708,EIF4ENIF1,Q9NRA8,S,687,0.159072302653262
28921,ENSG00000146950,SHROOM2,Q13796,S,231,0.164505499022785
28922,ENSG00000198331,HYLS1,Q96M11,S,297,0.459503008000316
28923,ENSG00000108262,GIT1,Q9Y2X7,T,601,0.455943701158958
28924,ENSG00000050405,LIMA1,Q9UHB6,S,619,0.283378283396509
28928,ENSG00000198911,SREBF2,Q12772,S,117,0.333901224263939
28929,ENSG00000140992,PDPK1,O15530,S,64,0.138542464148597
28932,ENSG00000130733,YIPF2,Q9BWQ6,T,35,0.218893424269309
28933,ENSG00000183530,PRR14L,Q5THK1,S,945,0.110080881483844
28934,ENSG00000105879,CBLL1,Q75N03,S,201,0.536469841981464
28937,ENSG00000110713,NUP98,P52948,S,656,0.0942612881205191
28939,ENSG00000185088,RPS27L,Q71UM5,S,11,0.406167427728563
28940,ENSG00000067369,TP53BP1,Q12888,S,1481,0.281218856494656
28944,ENSG00000225830,ERCC6,Q03468,S,1345,0.197903223716767
28945,ENSG00000154370,TRIM11,Q96F44,S,85,0.381345879523772
28946,ENSG00000136122,BORA,Q6PGQ7,S,558,0.422000881975817
28947,ENSG00000053900,ANAPC4,Q9UJX5,S,488,0.218687199342089
28949,ENSG00000128591,FLNC,Q14315,S,2448,0.110242113745759
28950,ENSG00000197555,SIPA1L1,O43166,T,1438,0.16609225327881
28951,ENSG00000148468,FAM171A1,Q5VUB5,S,351,0.142162748200805
28952,ENSG00000078674,PCM1,Q15154,S,1318,0.206778491752293
28956,ENSG00000197694,SPTAN1,Q13813,S,572,0.109791568288517
28957,ENSG00000152104,PTPN14,Q15678,T,539,0.205100265679785
28958,ENSG00000157593,SLC35B2,Q8TB61,S,137,0.252502583938313
28959,ENSG00000165280,VCP,P55072,Y,805,0.653221446671653
28962,ENSG00000234224,TMEM229A,B2RXF0,S,4,0.174617383415974
28964,ENSG00000163155,LYSMD1,Q96S90,S,166,0.308219600157314
28965,ENSG00000187164,SHTN1,A0MZ66,S,15,0.294498672150688
28967,ENSG00000169764,UGP2,Q16851,S,45,0.122169450127792
28968,ENSG00000107560,RAB11FIP2,Q7L804,S,227,0.353312108842068
28969,ENSG00000137843,PAK6,Q9NQU5,S,207,0.207526083284115
28971,ENSG00000130723,PRRC2B,Q5JSZ5,S,1153,0.156854276302047
28973,ENSG00000130382,MLLT1,P55197,S,366,0.0800791154090138
28974,ENSG00000116675,DNAJC6,O75061,S,112,0.264190594331702
28976,ENSG00000116337,AMPD2,Q01433,S,208,0.244800478825624
28977,ENSG00000010818,HIVEP2,P31629,S,1937,0.224522490193986
28978,ENSG00000132793,LPIN3,Q9BQK8,S,162,0.344146217445533
28979,ENSG00000153207,AHCTF1,Q8WYP5,S,1908,0.183145144886288
28980,ENSG00000168143,FAM83B,Q5T0W9,T,867,0.270560729185599
28981,ENSG00000080854,IGSF9B,Q9UPX0,S,783,0.228892557910777
28982,ENSG00000131016,AKAP12,Q02952,S,1498,0.207272940556415
28983,ENSG00000054654,SYNE2,Q8WXH0,S,4122,0.0531180346253921
28985,ENSG00000147459,DOCK5,Q9H7D0,S,1347,0.203896874022287
28988,ENSG00000174799,CEP135,Q66GS9,T,1121,0.449605326942575
28989,ENSG00000089199,CHGB,P05060,Y,341,0.613945706527236
28993,ENSG00000185046,ANKS1B,Q7Z6G8,S,310,0.142101723457704
28995,ENSG00000099308,MAST3,O60307,S,135,0.286738238239532
28997,ENSG00000197077,KIAA1671,Q9BY89,S,458,0.209587784465164
28999,ENSG00000100802,C14orf93,Q9H972,S,428,0.30314694485069
29000,ENSG00000079308,TNS1,Q9HBL0,Y,1254,0.350143329938073
29003,ENSG00000147642,SYBU,Q9NX95,S,214,0.224750724240307
29004,ENSG00000136536,MARCH7,Q9H992,S,687,0.336395192304087
29005,ENSG00000175707,KDF1,Q8NAX2,S,186,0.158315918420563
29008,ENSG00000114346,ECT2,Q9H8V3,S,866,0.442782962747868
29009,ENSG00000197702,PARVA,Q9NVD7,S,62,0.341673986439264
29010,ENSG00000107731,UNC5B,Q8IZJ1,S,471,0.418926042168344
29011,ENSG00000144366,GULP1,Q9UBP9,S,211,0.355731313688937
29013,ENSG00000105699,LSR,Q86X29,Y,406,0.609584912843195
29014,ENSG00000112320,SOBP,A7XYQ1,S,313,0.286041990314582
29015,ENSG00000168807,SNTB2,Q13425,S,228,0.280326988068155
29023,ENSG00000165801,ARHGEF40,Q8TER5,S,931,0.165316886172423
29028,ENSG00000100888,CHD8,Q9HCK8,S,2211,0.263010320412612
29030,ENSG00000167037,SGSM1,Q2NKQ1,S,685,0.234002218521924
29033,ENSG00000122367,LDB3,O75112,S,267,0.343834024553228
29034,ENSG00000113319,RASGRF2,O14827,S,793,0.193784882744887
29037,ENSG00000090989,EXOC1,Q9NV70,S,473,0.480574540356817
29039,ENSG00000184708,EIF4ENIF1,Q9NRA8,S,679,0.140823758560753
29040,ENSG00000173744,AGFG1,P52594,S,293,0.350720757383597
29043,ENSG00000169508,GPR183,P32249,S,333,0.371082232999836
29045,ENSG00000152767,FARP1,Q9Y4F1,S,899,0.446340265309362
29046,ENSG00000136878,USP20,Q9Y2K6,S,263,0.33528641360096
29050,ENSG00000196531,NACA,E9PAV3,T,2022,0.350325695432203
29051,ENSG00000133216,EPHB2,P29323,Y,780,0.869630679325412
29053,ENSG00000100395,L3MBTL2,Q969R5,S,73,0.474456478214111
29054,ENSG00000144642,RBMS3,Q6XE24,S,39,0.428667192220634
29055,ENSG00000140319,SRP14,P37108,Y,27,0.552602149269989
29056,ENSG00000111605,CPSF6,Q16630,S,513,0.495112385364585
29058,ENSG00000087448,KLHL42,Q9P2K6,S,171,0.187093400422763
29059,ENSG00000117298,ECE1,P42892,S,36,0.365207385658447
29061,ENSG00000198771,RCSD1,Q6JBY9,T,124,0.443628520098941
29063,ENSG00000076826,CAMSAP3,Q9P1Y5,S,432,0.203918267695524
29066,ENSG00000147649,MTDH,Q86UE4,S,214,0.260547536039671
29068,ENSG00000166261,ZNF202,O95125,S,33,0.158587139263034
29070,ENSG00000067334,DNTTIP2,Q5QJE6,S,481,0.111177799884972
29075,ENSG00000112658,SRF,P11831,S,101,0.31883734121285
29076,ENSG00000134444,KIAA1468,Q9P260,S,186,0.334369256874148
29079,ENSG00000124256,ZBP1,Q9H171,S,27,0.242366752501672
29080,ENSG00000147804,SLC39A4,Q6P5W5,S,469,0.131086372864947
29084,ENSG00000167978,SRRM2,Q9UQ35,S,1144,0.148641801552994
29085,ENSG00000068078,FGFR3,P22607,S,445,0.44567593396398
29086,ENSG00000189306,RRP7A,Q9Y3A4,S,19,0.375361794957393
29087,ENSG00000160789,LMNA,P02545,T,590,0.322474068865091
29089,ENSG00000055208,TAB2,Q9NYJ8,S,582,0.481614530398098
29091,ENSG00000113645,WWC1,Q8IX03,S,876,0.217871661685619
29094,ENSG00000103657,HERC1,Q15751,S,1512,0.310139576777496
29095,ENSG00000173230,GOLGB1,Q14789,S,38,0.251239735995258
29096,ENSG00000165795,NDRG2,Q9UN36,S,353,0.385188679274373
29099,ENSG00000163565,IFI16,Q16666,S,418,0.134123611700402
29103,ENSG00000107862,GBF1,Q92538,S,1311,0.211237488434956
29104,ENSG00000214530,STARD10,Q9Y365,S,289,0.244575002821858
29106,ENSG00000140153,WDR20,Q8TBZ3,S,441,0.259949918439904
29108,ENSG00000176842,IRX5,P78411,S,377,0.497849446377717
29109,ENSG00000157483,MYO1E,Q12965,T,1003,0.189822290163179
29112,ENSG00000122484,RPAP2,Q8IXW5,S,429,0.288435518481237
29115,ENSG00000173039,RELA,Q04206,S,203,0.234809217826982
29116,ENSG00000204256,BRD2,P25440,S,611,0.264627518626328
29121,ENSG00000171517,LPAR3,Q9UBY5,S,227,0.177204054784203
29123,ENSG00000106665,CLIP2,Q9UDT6,S,38,0.187355129910585
29124,ENSG00000101577,LPIN2,Q92539,S,187,0.398139297759235
29126,ENSG00000075711,DLG1,Q12959,S,138,0.143498404393542
29128,ENSG00000109111,SUPT6H,Q7KZ85,S,267,0.35278453899885
29129,ENSG00000070882,OSBPL3,Q9H4L5,S,186,0.31555645433278
29131,ENSG00000127663,KDM4B,O94953,S,633,0.45243909288809
29134,ENSG00000160949,TONSL,Q96HA7,S,905,0.426805948163618
29135,ENSG00000139132,FGD4,Q96M96,S,186,0.200755433929419
29137,ENSG00000108439,PNPO,Q9NVS9,S,164,0.443162749300011
29138,ENSG00000114942,EEF1B2,P24534,S,90,0.368310612202251
29140,ENSG00000150753,CCT5,P48643,S,270,0.421766232885367
29141,ENSG00000175224,ATG13,O75143,S,356,0.29335844410409
29142,ENSG00000253719,ATXN7L3B,Q96GX2,S,92,0.329445399953274
29143,ENSG00000197969,VPS13A,Q96RL7,S,1416,0.221258013863425
29144,ENSG00000121671,CRY2,Q49AN0,S,558,0.248716206655597
29145,ENSG00000064787,BCAS1,O75363,S,323,0.152018803972723
29146,ENSG00000166963,MAP1A,P78559,S,2188,0.183424957613406
29147,ENSG00000130477,UNC13A,Q9UPW8,S,256,0.104855622690701
29148,ENSG00000078674,PCM1,Q15154,S,909,0.096968775030557
29149,ENSG00000138443,ABI2,Q9NYB9,S,242,0.664828540370682
29150,ENSG00000101191,DIDO1,Q9BTC0,S,1617,0.17888845746822
29151,ENSG00000160685,ZBTB7B,O15156,S,480,0.451806694932827
29152,ENSG00000113742,CPEB4,Q17RY0,S,332,0.838385146330392
29153,ENSG00000261150,EPPK1,P58107,S,2428,0.162332231878021
29155,ENSG00000120253,NUP43,Q8NFH3,S,317,0.188982498012647
29157,ENSG00000133858,ZFC3H1,O60293,S,500,0.122200026974558
29159,ENSG00000204392,LSM2,Q9Y333,S,65,0.556679962685802
29161,ENSG00000142864,SERBP1,Q8NC51,T,232,0.47203678264265
29163,ENSG00000105523,FAM83E,Q2M2I3,S,324,0.508642644077593
29166,ENSG00000184363,PKP3,Q9Y446,S,92,0.304345990280122
29167,ENSG00000117713,ARID1A,O14497,S,1944,0.327486394214078
29168,ENSG00000116691,MIIP,Q5JXC2,S,303,0.581619655618678
29170,ENSG00000083635,NUFIP1,Q9UHK0,S,340,0.439284427742266
29171,ENSG00000134369,NAV1,Q8NEY1,S,1260,0.169584310199494
29175,ENSG00000179889,PDXDC1,Q6P996,S,724,0.382606524130309
29176,ENSG00000164327,RICTOR,Q6R327,T,1103,0.29725080190539
29177,ENSG00000125414,MYH2,Q9UKX2,S,1071,0.114110688044431
29182,ENSG00000066084,DIP2B,Q9P265,T,140,0.3976087312624
29183,ENSG00000133226,SRRM1,Q8IYB3,S,10,0.512713862458463
29184,ENSG00000143702,CEP170,Q5SW79,S,1239,0.384971179911812
29185,ENSG00000169946,ZFPM2,Q8WW38,S,400,0.19379848808473
29187,ENSG00000115109,EPB41L5,Q9HCM4,S,420,0.3075464945349
29188,ENSG00000196408,NOXO1,Q8NFA2,S,336,0.193622429936694
29189,ENSG00000145362,ANK2,Q01484,S,2454,0.0638170650685162
29191,ENSG00000095637,SORBS1,Q9BX66,T,237,0.303090715030323
29194,ENSG00000167978,SRRM2,Q9UQ35,S,1384,0.223007566715013
29195,ENSG00000172869,DMXL1,Q9Y485,S,421,0.0495939459681293
29197,ENSG00000166164,BRD7,Q9NPI1,S,265,0.290471874824686
29198,ENSG00000113407,TARS,P26639,T,450,0.144388352944208
29199,ENSG00000120802,TMPO,P42166,S,158,0.362044652834243
29200,ENSG00000163249,CCNYL1,Q8N7R7,Y,120,0.381462054756482
29202,ENSG00000115904,SOS1,Q07889,S,1210,0.412258812795517
29203,ENSG00000131374,TBC1D5,Q92609,S,558,0.360500953399423
29208,ENSG00000072195,SPEG,Q15772,S,2949,0.145436980096155
29209,ENSG00000147394,ZNF185,O15231,S,540,0.218206432349694
29211,ENSG00000204304,PBX2,P40425,Y,394,0.327673676700266
29212,ENSG00000100330,MTMR3,Q13615,S,633,0.750495346928072
29214,ENSG00000119669,IRF2BPL,Q9H1B7,S,622,0.342597692760577
29215,ENSG00000185219,ZNF445,P59923,S,171,0.239021155723315
29217,ENSG00000186193,SAPCD2,Q86UD0,T,219,0.659608095933194
29223,ENSG00000136478,TEX2,Q8IWB9,S,270,0.501421967449993
29225,ENSG00000132688,NES,P48681,S,459,0.157014882327365
29228,ENSG00000196557,CACNA1H,O95180,S,53,0.134416622520599
29230,ENSG00000130528,HRC,P23327,S,170,0.285258950992595
29231,ENSG00000008323,PLEKHG6,Q3KR16,S,543,0.457181122449447
29232,ENSG00000130294,KIF1A,Q12756,S,419,0.202459626964718
29233,ENSG00000147443,DOK2,O60496,S,282,0.519643927794965
29234,ENSG00000128713,HOXD11,P31277,S,223,0.422531499389697
29236,ENSG00000130726,TRIM28,Q13263,S,512,0.149686918866147
29238,ENSG00000036448,MYOM2,P54296,S,462,0.0805861036761793
29239,ENSG00000066405,CLDN18,P56856,T,229,0.275704087132915
29240,ENSG00000189180,ZNF33A,Q06730,S,267,0.350458333427604
29242,ENSG00000132694,ARHGEF11,O15085,S,16,0.171738246411028
29245,ENSG00000102858,MGRN1,O60291,S,106,0.245741428849801
29246,ENSG00000144908,ALDH1L1,O75891,S,629,0.205229982879417
29248,ENSG00000103194,USP10,Q14694,S,718,0.7495732323553
29249,ENSG00000154380,ENAH,Q8N8S7,T,502,0.483867199693087
29251,ENSG00000076924,XAB2,Q9HCS7,S,803,0.150266085241911
29252,ENSG00000011523,CEP68,Q76N32,S,237,0.0897974959878872
29253,ENSG00000168264,IRF2BP2,Q7Z5L9,S,492,0.13469304399548
29256,ENSG00000153207,AHCTF1,Q8WYP5,S,1153,0.171277443456446
29257,ENSG00000116539,ASH1L,Q9NR48,S,1953,0.108475529285456
29258,ENSG00000165030,NFIL3,Q16649,S,461,0.376666132776986
29259,ENSG00000167100,SAMD14,Q8IZD0,S,108,0.249726874347294
29260,ENSG00000127804,METTL16,Q86W50,S,329,0.562702877809372
29265,ENSG00000130669,PAK4,O96013,S,99,0.532769539113134
29266,ENSG00000168522,FNTA,P49354,S,49,0.168425005833482
29270,ENSG00000113648,H2AFY,O75367,T,175,0.564803522702437
29271,ENSG00000163629,PTPN13,Q12923,T,1464,0.301353005214088
29272,ENSG00000151445,VIPAS39,Q9H9C1,S,108,0.385203886914483
29273,ENSG00000183963,SMTN,P53814,S,251,0.322678489787572
29274,ENSG00000198947,DMD,P11532,S,3617,0.284945178379237
29276,ENSG00000099260,PALMD,Q9NP74,S,135,0.308070169450129
29277,ENSG00000000419,DPM1,O60762,S,21,0.479171121875456
29278,ENSG00000102921,N4BP1,O75113,S,562,0.317362572549787
29280,ENSG00000112297,CRYBG1,Q9Y4K1,S,764,0.184011818149587
29281,ENSG00000173621,LRFN4,Q6PJG9,S,585,0.532816740138345
29282,ENSG00000163527,STT3B,Q8TCJ2,S,18,0.400079506430561
29283,ENSG00000189159,JPT1,Q9UK76,S,91,0.303302017760449
29284,ENSG00000167173,C15orf39,Q6ZRI6,S,108,0.12676797493854
29286,ENSG00000022355,GABRA1,P14867,T,376,0.184381413255674
29287,ENSG00000180357,ZNF609,O15014,S,605,0.202734190932386
29290,ENSG00000215845,TSTD1,Q8NFU3,S,94,0.117270154914135
29293,ENSG00000110400,NECTIN1,Q15223,S,503,0.202960260227635
29295,ENSG00000132938,MTUS2,Q5JR59,S,1340,0.485483325043153
29300,ENSG00000174177,CTU2,Q2VPK5,S,435,0.398311617228495
29301,ENSG00000167674,HDGFL2,Q7Z4V5,T,607,0.0904335363448992
29302,ENSG00000103550,KNOP1,Q1ED39,S,387,0.414561125779665
29303,ENSG00000055609,KMT2C,Q8NEZ4,S,1893,0.14096484827839
29307,ENSG00000124198,ARFGEF2,Q9Y6D5,S,214,0.192053026686628
29311,ENSG00000111077,TNS2,Q63HR2,S,1247,0.148415145301361
29312,ENSG00000051341,POLQ,O75417,S,1587,0.124660936397218
29313,ENSG00000137845,ADAM10,O14672,S,740,0.39646023234334
29314,ENSG00000159200,RCAN1,P53805,S,218,0.514441777422998
29317,ENSG00000163877,SNIP1,Q8TAD8,S,200,0.251503274639547
29318,ENSG00000162402,USP24,Q9UPU5,S,88,0.185654618753346
29322,ENSG00000090686,USP48,Q86UV5,T,890,0.130343424614506
29323,ENSG00000140990,NDUFB10,O96000,Y,56,0.34101512151578
29325,ENSG00000066739,ATG2B,Q96BY7,T,1587,0.361764283151957
29326,ENSG00000021762,OSBPL5,Q9H0X9,S,312,0.230715653628397
29328,ENSG00000132470,ITGB4,P16144,S,1747,0.0897865311713588
29329,ENSG00000169926,KLF13,Q9Y2Y9,S,287,0.480521775234489
29331,ENSG00000174106,LEMD3,Q9Y2U8,T,883,0.437026125231328
29333,ENSG00000182095,TNRC18,O15417,S,1878,0.145088177817687
29334,ENSG00000158545,ZC3H18,Q86VM9,S,24,0.302438545781499
29336,ENSG00000100938,GMPR2,Q9P2T1,T,187,0.187339742546209
29338,ENSG00000124198,ARFGEF2,Q9Y6D5,T,628,0.0497450999257002
29339,ENSG00000119396,RAB14,P61106,S,204,0.330099742452401
29341,ENSG00000123200,ZC3H13,Q5T200,S,316,0.284217238912303
29342,ENSG00000130734,ATG4D,Q86TL0,S,467,0.283463327131924
29343,ENSG00000152518,ZFP36L2,P47974,S,448,0.584622285755351
29344,ENSG00000116903,EXOC8,Q8IYI6,S,147,0.271481386486792
29347,ENSG00000090776,EFNB1,P98172,S,281,0.491740088124112
29353,ENSG00000178209,PLEC,Q15149,S,2749,0.0711918994973359
29354,ENSG00000123297,TSFM,P43897,S,270,0.14331986828368
29355,ENSG00000166963,MAP1A,P78559,S,990,0.0401422679302943
29356,ENSG00000006607,FARP2,O94887,S,476,0.378365090449991
29357,ENSG00000072195,SPEG,Q15772,S,2941,0.130011046071381
29360,ENSG00000152661,GJA1,P17302,S,365,0.91556780044919
29362,ENSG00000179348,GATA2,P23769,S,220,0.319887460610919
29364,ENSG00000134072,CAMK1,Q14012,S,324,0.469815540902188
29365,ENSG00000177685,CRACR2B,Q8N4Y2,S,307,0.178702460840586
29366,ENSG00000167461,RAB8A,P61006,T,164,0.22685265241966
29371,ENSG00000164548,TRA2A,Q13595,Y,208,0.456620813120798
29378,ENSG00000154380,ENAH,Q8N8S7,S,544,0.140212784298452
29380,ENSG00000184675,AMER1,Q5JTC6,S,868,0.167427846787552
29382,ENSG00000137504,CREBZF,Q9NS37,S,20,0.327037485522061
29384,ENSG00000099814,CEP170B,Q9Y4F5,S,721,0.25023224219395
29385,ENSG00000173548,SNX33,Q8WV41,S,77,0.492846491649597
29388,ENSG00000154305,MIA3,Q5JRA6,S,1670,0.331236312583508
29389,ENSG00000145362,ANK2,Q01484,S,904,0.0723715520109646
29391,ENSG00000147140,NONO,Q15233,T,428,0.578666079020981
29392,ENSG00000162959,MEMO1,Q9Y316,Y,210,0.426058952768225
29395,ENSG00000141448,GATA6,Q92908,S,531,0.210100365663347
29396,ENSG00000139842,CUL4A,Q13619,S,40,0.319198986180414
29398,ENSG00000080845,DLGAP4,Q9Y2H0,S,973,0.755516100584822
29399,ENSG00000085224,ATRX,P46100,S,675,0.269704719011036
29401,ENSG00000165757,JCAD,Q9P266,S,719,0.352173367737934
29402,ENSG00000144909,OSBPL11,Q9BXB4,S,48,0.139930267894728
29403,ENSG00000071894,CPSF1,Q10570,S,765,0.111035064525649
29404,ENSG00000128731,HERC2,O95714,S,1948,0.257386293103563
29405,ENSG00000204580,DDR1,Q08345,Y,796,0.920401086067072
29412,ENSG00000089094,KDM2B,Q8NHM5,S,848,0.119299353729022
29414,ENSG00000133812,SBF2,Q86WG5,S,1087,0.241890756384794
29417,ENSG00000124942,AHNAK,Q09666,S,4803,0.192083610983805
29418,ENSG00000134516,DOCK2,Q92608,S,1705,0.24268918150461
29419,ENSG00000072518,MARK2,Q7KZI7,S,619,0.682589222783403
29421,ENSG00000188554,NBR1,Q14596,S,116,0.229830254142952
29423,ENSG00000159753,CARMIL2,Q6F5E8,T,1412,0.0661088315599689
29424,ENSG00000134369,NAV1,Q8NEY1,T,1006,0.267024461493838
29425,ENSG00000196405,EVL,Q9UI08,T,343,0.621302570603873
29428,ENSG00000126062,TMEM115,Q12893,T,269,0.140885724283063
29431,ENSG00000047056,WDR37,Q9Y2I8,S,30,0.679350049102509
29432,ENSG00000183783,KCTD8,Q6ZWB6,S,78,0.234846572306774
29434,ENSG00000122733,PHF24,Q9UPV7,S,241,0.240856445915183
29436,ENSG00000166140,ZFYVE19,Q96K21,T,345,0.198626702457541
29438,ENSG00000105699,LSR,Q86X29,S,579,0.332282068674814
29440,ENSG00000154556,SORBS2,O94875,S,1017,0.259299164130421
29443,ENSG00000144824,PHLDB2,Q86SQ0,S,489,0.45754853798197
29444,ENSG00000139218,SCAF11,Q99590,S,613,0.25344244934686
29446,ENSG00000140836,ZFHX3,Q15911,S,2804,0.142642871757427
29450,ENSG00000028203,VEZT,Q9HBM0,S,696,0.204218310317654
29451,ENSG00000139083,ETV6,P41212,S,323,0.427563293673526
29452,ENSG00000138688,KIAA1109,Q2LD37,S,2754,0.0613330953049074
29453,ENSG00000127152,BCL11B,Q9C0K0,S,493,0.306210634193667
29457,ENSG00000004897,CDC27,P30260,T,356,0.175845166473773
29459,ENSG00000179526,SHARPIN,Q9H0F6,S,312,0.410048247988465
29461,ENSG00000033800,PIAS1,O75925,S,634,0.157431070662491
29463,ENSG00000142661,MYOM3,Q5VTT5,S,240,0.0692689458398719
29471,ENSG00000144283,PKP4,Q99569,T,412,0.427420093885457
29473,ENSG00000129245,FXR2,P51116,S,506,0.163987300770621
29476,ENSG00000168067,MAP4K2,Q12851,S,385,0.217196079766267
29477,ENSG00000144711,IQSEC1,Q6DN90,S,364,0.131721870259167
29478,ENSG00000155755,TMEM237,Q96Q45,S,103,0.352201118100325
29480,ENSG00000135525,MAP7,Q14244,S,165,0.31365353034839
29483,ENSG00000131711,MAP1B,P46821,T,1680,0.0431706930808352
29484,ENSG00000127527,EPS15L1,Q9UBC2,S,372,0.273211762991805
29486,ENSG00000067369,TP53BP1,Q12888,S,830,0.301338895442513
29487,ENSG00000078674,PCM1,Q15154,S,808,0.0808526692969364
29488,ENSG00000059122,FLYWCH1,Q4VC44,T,694,0.0986442065894333
29489,ENSG00000124782,RREB1,Q92766,S,180,0.224468258861244
29491,ENSG00000134709,HOOK1,Q9UJC3,T,699,0.28078471844174
29493,ENSG00000146842,TMEM209,Q96SK2,S,131,0.319242055381495
29494,ENSG00000126456,IRF3,Q14653,S,173,0.536620530839832
29495,ENSG00000173276,ZBTB21,Q9ULJ3,S,343,0.434082578006128
29496,ENSG00000143702,CEP170,Q5SW79,S,1167,0.325275347379606
29497,ENSG00000130669,PAK4,O96013,S,142,0.249085657979742
29499,ENSG00000150593,PDCD4,Q53EL6,S,94,0.751362132228384
29502,ENSG00000121289,CEP89,Q96ST8,S,75,0.203464806830602
29505,ENSG00000140948,ZCCHC14,Q8WYQ9,S,210,0.182015639089645
29506,ENSG00000187690,CXorf67,Q86X51,S,387,0.251096554765872
29507,ENSG00000157827,FMNL2,Q96PY5,S,179,0.293210430352874
29510,ENSG00000116191,RALGPS2,Q86X27,S,26,0.254268343674563
29512,ENSG00000102858,MGRN1,O60291,S,337,0.278236449690553
29515,ENSG00000178950,GAK,O14976,T,794,0.200790023357196
29517,ENSG00000031823,RANBP3,Q9H6Z4,S,333,0.570561773491168
29521,ENSG00000161682,FAM171A2,A8MVW0,S,781,0.169396351530096
29523,ENSG00000100888,CHD8,Q9HCK8,S,2223,0.192544394121933
29525,ENSG00000105939,ZC3HAV1,Q7Z2W4,S,361,0.240364393573795
29526,ENSG00000107679,PLEKHA1,Q9HB21,S,332,0.494868873410571
29527,ENSG00000169641,LUZP1,Q86V48,S,384,0.215051665705481
29530,ENSG00000110514,MADD,Q8WXG6,S,1241,0.328059184386794
29532,ENSG00000103126,AXIN1,O15169,S,77,0.757378700735314
29533,ENSG00000105245,NUMBL,Q9Y6R0,T,409,0.421331954995241
29536,ENSG00000181827,RFX7,Q2KHR2,S,358,0.375584833097708
29538,ENSG00000124782,RREB1,Q92766,S,111,0.0921084368183214
29539,ENSG00000185666,SYN3,O14994,S,455,0.408430873981533
29540,ENSG00000082269,FAM135A,Q9P2D6,S,707,0.0983300409644453
29544,ENSG00000171467,ZNF318,Q5VUA4,S,1907,0.139753875362923
29546,ENSG00000029363,BCLAF1,Q9NYF8,S,525,0.246014664658955
29547,ENSG00000177685,CRACR2B,Q8N4Y2,S,174,0.12864383609634
29548,ENSG00000185033,SEMA4B,Q9NPR2,S,813,0.479905050230131
29549,ENSG00000050405,LIMA1,Q9UHB6,S,692,0.259695415565304
29551,ENSG00000136155,SCEL,O95171,S,232,0.216276236747159
29552,ENSG00000170873,MTSS1,O43312,S,647,0.2218977010043
29555,ENSG00000124789,NUP153,P49790,S,219,0.409292677826403
29556,ENSG00000067798,NAV3,Q8IVL0,S,1536,0.1204982712766
29559,ENSG00000179627,ZBTB42,B2RXF5,S,328,0.34027921553057
29560,ENSG00000163697,APBB2,Q92870,S,330,0.419994722320295
29561,ENSG00000148158,SNX30,Q5VWJ9,S,71,0.123051546042916
29563,ENSG00000066739,ATG2B,Q96BY7,S,1582,0.292357491607299
29566,ENSG00000187164,SHTN1,A0MZ66,S,619,0.277749677923173
29567,ENSG00000070814,TCOF1,Q13428,T,108,0.17868861435833
29569,ENSG00000187778,MCRS1,Q96EZ8,T,18,0.140132423701945
29570,ENSG00000138709,LARP1B,Q659C4,S,900,0.394141060003003
29572,ENSG00000168958,MFF,Q9GZY8,S,263,0.30383118617685
29573,ENSG00000184708,EIF4ENIF1,Q9NRA8,S,120,0.473684366449004
29574,ENSG00000124788,ATXN1,P0C7T5,S,366,0.270757192537713
29578,ENSG00000105053,VRK3,Q8IV63,S,55,0.377940663480161
29579,ENSG00000160789,LMNA,P02545,S,573,0.158404948106507
29580,ENSG00000166974,MAPRE2,Q15555,S,216,0.404617850990313
29584,ENSG00000100154,TTC28,Q96AY4,S,2267,0.0540576768841796
29585,ENSG00000139436,GIT2,Q14161,S,668,0.318644732355597
29588,ENSG00000197343,ZNF655,Q8N720,S,254,0.27180344533112
29594,ENSG00000128016,ZFP36,P26651,S,88,0.593693874194829
29596,ENSG00000138434,SSFA2,P28290,T,867,0.21891814959781
29597,ENSG00000105939,ZC3HAV1,Q7Z2W4,S,501,0.100793582387185
29598,ENSG00000134444,KIAA1468,Q9P260,S,170,0.259640326580108
29602,ENSG00000142611,PRDM16,Q9HAZ2,S,66,0.155177364670896
29603,ENSG00000013810,TACC3,Q9Y6A5,S,25,0.371790364363922
29606,ENSG00000146094,DOK3,Q7L591,S,389,0.410528711661788
29608,ENSG00000088833,NSFL1C,Q9UNZ2,S,189,0.308375816758405
29613,ENSG00000099889,ARVCF,O00192,T,284,0.256827892519338
29615,ENSG00000152767,FARP1,Q9Y4F1,T,898,0.338664719388367
29616,ENSG00000157168,NRG1,Q02297,S,383,0.26033483445421
29617,ENSG00000076826,CAMSAP3,Q9P1Y5,S,585,0.165321126540022
29618,ENSG00000139116,KIF21A,Q7Z4S6,S,1231,0.0852938985987367
29620,ENSG00000019144,PHLDB1,Q86UU1,S,334,0.347711383479379
29621,ENSG00000163482,STK36,Q9NRP7,S,1293,0.230028051728182
29623,ENSG00000162738,VANGL2,Q9ULK5,S,58,0.178308962410507
29626,ENSG00000035403,VCL,P18206,T,719,0.218775013262448
29628,ENSG00000176974,SHMT1,P34896,Y,34,0.532022593120241
29630,ENSG00000031823,RANBP3,Q9H6Z4,S,358,0.370058932088887
29632,ENSG00000159069,FBXW5,Q969U6,T,274,0.0979410144859808
29633,ENSG00000243156,MICAL3,Q7RTP6,S,1450,0.0500916793436421
29634,ENSG00000170579,DLGAP1,O14490,S,362,0.310468023154245
29638,ENSG00000172534,HCFC1,P51610,S,669,0.22415176801442
29640,ENSG00000006607,FARP2,O94887,T,455,0.193925569839307
29643,ENSG00000136643,RPS6KC1,Q96S38,S,560,0.232561279905562
29644,ENSG00000163874,ZC3H12A,Q5D1E8,S,99,0.303258889139737
29645,ENSG00000083635,NUFIP1,Q9UHK0,S,338,0.585036504953641
29647,ENSG00000151304,SRFBP1,Q8NEF9,S,215,0.303593243725009
29649,ENSG00000181827,RFX7,Q2KHR2,S,565,0.361494297649267
29650,ENSG00000132773,TOE1,Q96GM8,S,358,0.276250748574143
29651,ENSG00000198853,RUSC2,Q8N2Y8,S,236,0.134076694999847
29652,ENSG00000023734,STRAP,Q9Y3F4,S,335,0.336025825149876
29653,ENSG00000081177,EXD2,Q9NVH0,S,352,0.389182297168478
29654,ENSG00000126016,AMOT,Q4VCS5,T,717,0.19881322722651
29655,ENSG00000122386,ZNF205,O95201,S,292,0.201226536282587
29656,ENSG00000066279,ASPM,Q8IZT6,S,190,0.321231191886589
29659,ENSG00000161996,WDR90,Q96KV7,S,241,0.092231958427424
29667,ENSG00000102699,PARP4,Q9UKK3,S,1521,0.0843418634962623
29670,ENSG00000186222,BLOC1S4,Q9NUP1,T,165,0.151486685407026
29673,ENSG00000162302,RPS6KA4,O75676,S,365,0.333824564851953
29675,ENSG00000140525,FANCI,Q9NVI1,S,1121,0.339520150551983
29679,ENSG00000178568,ERBB4,Q15303,S,1051,0.146139713194715
29680,ENSG00000118193,KIF14,Q15058,S,346,0.0633621495994983
29683,ENSG00000169967,MAP3K2,Q5TCX8,S,514,0.413721939178323
29684,ENSG00000272886,DCP1A,Q9NPI6,T,531,0.447092275717961
29685,ENSG00000227057,WDR46,O15213,S,41,0.452421006314435
29686,ENSG00000066248,NGEF,Q8N5V2,S,16,0.36846040823521
29688,ENSG00000165240,ATP7A,Q04656,S,359,0.23881301716121
29689,ENSG00000173621,LRFN4,Q6PJG9,S,626,0.204567805928969
29692,ENSG00000143653,SCCPDH,Q8NBX0,S,208,0.319516081926301
29694,ENSG00000116604,MEF2D,Q14814,S,472,0.710207225218107
29695,ENSG00000183530,PRR14L,Q5THK1,S,1391,0.114022831559475
29699,ENSG00000168404,MLKL,Q8NB16,S,125,0.470352509709316
29704,ENSG00000047230,CTPS2,Q9NRF8,S,564,0.315592226707621
29709,ENSG00000126777,KTN1,Q86UP2,S,1185,0.099619670686384
29711,ENSG00000116117,PARD3B,Q8TEW8,S,635,0.145131460470851
29712,ENSG00000104765,BNIP3L,O60238,S,64,0.37450499798434
29714,ENSG00000145506,NKD2,Q969F2,S,299,0.278784232685321
29715,ENSG00000163840,DTX3L,Q8TDB6,S,551,0.160140119744869
29716,ENSG00000253276,CCDC71L,Q8N9Z2,T,185,0.194166462520597
29720,ENSG00000167676,PLIN4,Q96Q06,S,238,0.198916196901583
29722,ENSG00000144791,LIMD1,Q9UGP4,S,421,0.506235398774451
29723,ENSG00000146112,PPP1R18,Q6NYC8,T,493,0.293740240710679
29724,ENSG00000056277,ZNF280C,Q8ND82,S,115,0.387783767778397
29727,ENSG00000091542,ALKBH5,Q6P6C2,Y,71,0.401405340326866
29728,ENSG00000172869,DMXL1,Q9Y485,S,425,0.144631094862426
29729,ENSG00000138639,ARHGAP24,Q8N264,S,625,0.208351400592564
29730,ENSG00000065978,YBX1,P67809,S,313,0.377587168473437
29731,ENSG00000171135,JAGN1,Q8N5M9,S,15,0.170505583026144
29734,ENSG00000115760,BIRC6,Q9NR09,S,2953,0.108815887260863
29735,ENSG00000067167,TRAM1,Q15629,S,360,0.119489361567594
29736,ENSG00000142102,PGGHG,Q32M88,S,698,0.105453817152575
29738,ENSG00000165138,ANKS6,Q68DC2,T,736,0.252758253579641
29739,ENSG00000131771,PPP1R1B,Q9UD71,S,42,0.188374417566387
29740,ENSG00000161217,PCYT1A,P49585,T,342,0.354885955202849
29741,ENSG00000038219,BOD1L1,Q8NFC6,S,902,0.123328934110687
29743,ENSG00000115825,PRKD3,O94806,S,539,0.0807317238829186
29745,ENSG00000197183,NOL4L,Q96MY1,T,380,0.27570790435449
29746,ENSG00000198815,FOXJ3,Q9UPW0,S,606,0.23132031379353
29747,ENSG00000116539,ASH1L,Q9NR48,S,1677,0.117889760463081
29748,ENSG00000072274,TFRC,P02786,S,10,0.38272775649766
29751,ENSG00000100354,TNRC6B,Q9UPQ9,T,1444,0.0407052283879385
29752,ENSG00000183323,CCDC125,Q86Z20,S,504,0.369882245666261
29753,ENSG00000165757,JCAD,Q9P266,S,1117,0.055484309352899
29754,ENSG00000156697,UTP14A,Q9BVJ6,S,52,0.323261779982219
29755,ENSG00000197106,SLC6A17,Q9H1V8,S,665,0.220576768526211
29756,ENSG00000198160,MIER1,Q8N108,S,483,0.681345523622884
29758,ENSG00000168758,SEMA4C,Q9C0C4,S,742,0.346211494788877
29759,ENSG00000178078,STAP2,Q9UGK3,Y,250,0.615073532889904
29762,ENSG00000116062,MSH6,P52701,S,328,0.0621743214964759
29763,ENSG00000173889,PHC3,Q8NDX5,S,229,0.374832275283198
29764,ENSG00000058866,DGKG,P49619,S,782,0.166001208742079
29767,ENSG00000137575,SDCBP,O00560,S,88,0.144883844723783
29769,ENSG00000145734,BDP1,A6H8Y1,S,1781,0.10567988444483
29771,ENSG00000162373,BEND5,Q7L4P6,S,361,0.347513239208201
29772,ENSG00000136878,USP20,Q9Y2K6,S,112,0.361091521056607
29776,ENSG00000151332,MBIP,Q9NS73,S,91,0.452537449616729
29778,ENSG00000178568,ERBB4,Q15303,S,1246,0.159392911282564
29779,ENSG00000119242,CCDC92,Q53HC0,S,183,0.475672109180817
29782,ENSG00000081087,OSTM1,Q86WC4,S,333,0.372796879461388
29786,ENSG00000143569,UBAP2L,Q14157,S,477,0.496952666538434
29789,ENSG00000148429,USP6NL,Q92738,S,680,0.572152300319966
29792,ENSG00000166833,NAV2,Q8IVL1,S,1889,0.105735640023944
29793,ENSG00000099812,MISP,Q8IVT2,S,400,0.424251045556977
29794,ENSG00000153015,CWC27,Q6UX04,S,299,0.324480141965766
29796,ENSG00000129245,FXR2,P51116,S,620,0.487928114870582
29799,ENSG00000198682,PAPSS2,O95340,S,92,0.371852295632345
29800,ENSG00000084733,RAB10,P61026,T,5,0.291697620894696
29803,ENSG00000157216,SSBP3,Q9BWW4,S,381,0.571520061776042
29804,ENSG00000110987,BCL7A,Q4VC05,S,154,0.491244877999825
29805,ENSG00000090924,PLEKHG2,Q9H7P9,S,469,0.310250066970451
29806,ENSG00000104915,STX10,O60499,S,132,0.464436642761082
29808,ENSG00000197256,KANK2,Q63ZY3,S,425,0.10650146938762
29813,ENSG00000141699,RETREG3,Q86VR2,T,440,0.598851522840978
29815,ENSG00000161714,PLCD3,Q8N3E9,T,37,0.385839672470308
29818,ENSG00000163788,SNRK,Q9NRH2,S,390,0.437953640529227
29819,ENSG00000185905,C16orf54,Q6UWD8,T,116,0.307694415279831
29820,ENSG00000182606,TRAK1,Q9UPV9,S,535,0.131697883395616
29822,ENSG00000138688,KIAA1109,Q2LD37,S,1436,0.200917876499432
29823,ENSG00000065526,SPEN,Q96T58,T,3467,0.261835036597058
29826,ENSG00000122194,PLG,P00747,T,742,0.122801603004376
29829,ENSG00000109458,GAB1,Q13480,S,244,0.416741165697444
29834,ENSG00000139218,SCAF11,Q99590,S,475,0.0890923923102895
29837,ENSG00000118200,CAMSAP2,Q08AD1,S,1339,0.147919365135612
29838,ENSG00000109920,FNBP4,Q8N3X1,S,492,0.0971034549598531
29840,ENSG00000198589,LRBA,P50851,S,1767,0.406674629249852
29845,ENSG00000050820,BCAR1,P56945,S,139,0.402037629088516
29850,ENSG00000071051,NCK2,O43639,S,176,0.202381857421111
29853,ENSG00000183576,SETD3,Q86TU7,S,38,0.222866633625836
29856,ENSG00000135426,TESPA1,A2RU30,S,478,0.215665513345275
29857,ENSG00000101096,NFATC2,Q13469,S,73,0.232408925882573
29858,ENSG00000143842,SOX13,Q9UN79,S,324,0.367187887007855
29862,ENSG00000175104,TRAF6,Q9Y4K3,S,188,0.297455637578477
29867,ENSG00000005156,LIG3,P49916,S,853,0.226935064546736
29868,ENSG00000114770,ABCC5,O15440,S,19,0.219717725142216
29870,ENSG00000172661,WASHC2C,Q9Y4E1,S,571,0.10772137103241
29871,ENSG00000133454,MYO18B,Q8IUG5,S,2350,0.0955683730506683
29872,ENSG00000197111,PCBP2,Q15366,S,271,0.377284530886824
29874,ENSG00000053918,KCNQ1,P51787,S,484,0.165937606871343
29876,ENSG00000168792,ABHD15,Q6UXT9,S,453,0.125671742034765
29880,ENSG00000127527,EPS15L1,Q9UBC2,T,113,0.463435948679765
29881,ENSG00000175879,HOXD8,P13378,S,181,0.185963284644661
29882,ENSG00000067177,PHKA1,P46020,S,729,0.28432483881631
29884,ENSG00000170579,DLGAP1,O14490,S,503,0.297583906479014
29885,ENSG00000077063,CTTNBP2,Q8WZ74,S,280,0.0922388183233473
29887,ENSG00000064932,SBNO2,Q9Y2G9,S,1356,0.197700138972804
29889,ENSG00000196961,AP2A1,O95782,T,650,0.0720567654070868
29891,ENSG00000161904,LEMD2,Q8NC56,S,175,0.307878564764738
29893,ENSG00000077522,ACTN2,P35609,S,594,0.359412154979014
29898,ENSG00000135365,PHF21A,Q96BD5,S,478,0.271658119006605
29899,ENSG00000100523,DDHD1,Q8NEL9,S,11,0.360181365708691
29900,ENSG00000178035,IMPDH2,P12268,S,505,0.379606856527917
29902,ENSG00000114541,FRMD4B,Q9Y2L6,S,922,0.12356217262287
29908,ENSG00000173327,MAP3K11,Q16584,S,394,0.163291348453226
29909,ENSG00000170871,KIAA0232,Q92628,S,1080,0.31374542518035
29911,ENSG00000007384,RHBDF1,Q96CC6,S,240,0.222089370888555
29912,ENSG00000164440,TXLNB,Q8N3L3,T,40,0.170471038620862
29914,ENSG00000182473,EXOC7,Q9UPT5,S,241,0.118340873941162
29915,ENSG00000124198,ARFGEF2,Q9Y6D5,S,1511,0.434849621581209
29918,ENSG00000113758,DBN1,Q16643,S,312,0.401225674199139
29920,ENSG00000154783,FGD5,Q6ZNL6,S,594,0.120186086952148
29925,ENSG00000151718,WWC2,Q6AWC2,S,883,0.120877709570308
29928,ENSG00000151929,BAG3,O95817,S,389,0.274008557495521
29931,ENSG00000197136,PCNX3,Q9H6A9,S,1025,0.212256128873132
29935,ENSG00000116141,MARK1,Q9P0L2,S,46,0.345468479081936
29938,ENSG00000013573,DDX11,A8MPP1,Y,202,0.369514710282109
29939,ENSG00000119707,RBM25,P49756,S,226,0.423380849479815
29940,ENSG00000145362,ANK2,Q01484,T,2239,0.181771365987112
29941,ENSG00000198780,FAM169A,Q9Y6X4,S,379,0.359216105419375
29942,ENSG00000149357,LAMTOR1,Q6IAA8,S,42,0.379107449232008
29944,ENSG00000062650,WAPL,Q7Z5K2,S,549,0.424582618034973
29946,ENSG00000185432,METTL7A,Q9H8H3,S,69,0.130978761931992
29948,ENSG00000141027,NCOR1,O75376,S,990,0.282900458670348
29949,ENSG00000100345,MYH9,P35579,S,751,0.216828476922434
29951,ENSG00000110713,NUP98,P52948,S,681,0.235310301398772
29952,ENSG00000107021,TBC1D13,Q9NVG8,S,135,0.267325065110655
29953,ENSG00000138459,SLC35A5,Q9BS91,S,402,0.215319830021785
29959,ENSG00000158805,ZNF276,Q8N554,S,160,0.357341323250138
29960,ENSG00000170448,NFXL1,Q6ZNB6,S,109,0.250411721644319
29967,ENSG00000124789,NUP153,P49790,S,333,0.337407240535345
29968,ENSG00000110321,EIF4G2,P78344,T,506,0.296966971735272
29969,ENSG00000158874,APOA2,P02652,S,68,0.640739782730794
29970,ENSG00000089775,ZBTB25,P24278,S,220,0.187789457217346
29971,ENSG00000272886,DCP1A,Q9NPI6,S,226,0.161059040617326
29972,ENSG00000253729,PRKDC,P78527,S,1203,0.143762581792207
29975,ENSG00000113282,CLINT1,Q14677,Y,293,0.418926730766111
29976,ENSG00000176953,NFATC2IP,Q8NCF5,S,369,0.613174845370605
29977,ENSG00000100330,MTMR3,Q13615,S,1006,0.240945921527501
29978,ENSG00000044115,CTNNA1,P35221,S,898,0.172529998332884
29980,ENSG00000115935,WIPF1,O43516,S,203,0.413597707465366
29981,ENSG00000008952,SEC62,Q99442,T,332,0.294574577572357
29984,ENSG00000116641,DOCK7,Q96N67,S,1430,0.294952916084496
29985,ENSG00000266964,FXYD1,O00168,T,79,0.569941568137423
29986,ENSG00000137841,PLCB2,Q00722,S,964,0.193302140053124
29987,ENSG00000132793,LPIN3,Q9BQK8,T,159,0.249602982784547
29989,ENSG00000132688,NES,P48681,S,1585,0.167678726526942
29990,ENSG00000141905,NFIC,P08651,S,473,0.592563246942414
29991,ENSG00000067704,IARS2,Q9NSE4,S,668,0.401000644636541
29993,ENSG00000164904,ALDH7A1,P49419,S,84,0.50737945306832
29994,ENSG00000063244,U2AF2,P26368,T,124,0.286161294687722
29996,ENSG00000163795,ZNF513,Q8N8E2,S,515,0.243025197878481
29999,ENSG00000139613,SMARCC2,Q8TAQ2,S,841,0.192895732059264
30003,ENSG00000144283,PKP4,Q99569,S,438,0.348675571735431
30004,ENSG00000015171,ZMYND11,Q15326,S,446,0.28478956568773
30006,ENSG00000171490,RSL1D1,O76021,S,325,0.27580205519618
30009,ENSG00000154240,CEP112,Q8N8E3,S,115,0.147828100877459
30011,ENSG00000184363,PKP3,Q9Y446,S,291,0.15406218912048
30014,ENSG00000167716,WDR81,Q562E7,S,686,0.167473641944195
30015,ENSG00000116675,DNAJC6,O75061,S,709,0.603831523205934
30019,ENSG00000086015,MAST2,Q6P0Q8,S,1541,0.0960191160902767
30020,ENSG00000124507,PACSIN1,Q9BY11,S,361,0.240302057267381
30021,ENSG00000186469,GNG2,P59768,T,52,0.45719043793896
30024,ENSG00000083642,PDS5B,Q9NTI5,S,1177,0.309455470617778
30028,ENSG00000108256,NUFIP2,Q7Z417,S,637,0.300883038049901
30035,ENSG00000163510,CWC22,Q9HCG8,S,862,0.231140126025239
30037,ENSG00000123200,ZC3H13,Q5T200,S,1409,0.238046914658727
30040,ENSG00000159423,ALDH4A1,P30038,S,44,0.445184874650349
30041,ENSG00000123144,TRIR,Q9BQ61,S,111,0.284321672941277
30043,ENSG00000100612,DHRS7,Q9Y394,S,329,0.120941527155061
30044,ENSG00000176994,SMCR8,Q8TEV9,S,638,0.107241127587975
30045,ENSG00000164902,PHAX,Q9H814,S,356,0.344445117815101
30047,ENSG00000092964,DPYSL2,Q16555,S,540,0.515130339256732
30048,ENSG00000149970,CNKSR2,Q8WXI2,S,505,0.144446326417926
30049,ENSG00000119321,FKBP15,Q5T1M5,S,1018,0.165935041287653
30051,ENSG00000160058,BSDC1,Q9NW68,S,372,0.469466070288347
30055,ENSG00000128641,MYO1B,O43795,S,60,0.201586957274507
30056,ENSG00000138411,HECW2,Q9P2P5,S,390,0.200299879218266
30057,ENSG00000183019,MCEMP1,Q8IX19,Y,38,0.750445038597746
30059,ENSG00000140332,TLE3,Q04726,S,205,0.270525876529501
30060,ENSG00000153015,CWC27,Q6UX04,S,266,0.159807108881964
30061,ENSG00000065526,SPEN,Q96T58,S,1983,0.267077326363005
30064,ENSG00000162896,PIGR,P01833,T,707,0.16543087090332
30065,ENSG00000205356,TECPR1,Q7Z6L1,S,412,0.140471970519099
30066,ENSG00000118137,APOA1,P02647,S,55,0.535724732627822
30067,ENSG00000169905,TOR1AIP2,Q8NFQ8,S,135,0.134891046978569
30070,ENSG00000167674,HDGFL2,Q7Z4V5,S,144,0.336536464546215
30071,ENSG00000185905,C16orf54,Q6UWD8,S,92,0.170701304522512
30072,ENSG00000123240,OPTN,Q96CV9,S,526,0.520579261192597
30073,ENSG00000036257,CUL3,Q13618,S,585,0.149880717045887
30074,ENSG00000167657,DAPK3,O43293,S,312,0.470366813656129
30075,ENSG00000101940,WDR13,Q9H1Z4,Y,117,0.381422669644774
30079,ENSG00000204138,PHACTR4,Q8IZ21,S,451,0.30490002920533
30081,ENSG00000174485,DENND4A,Q7Z401,S,728,0.294403267521556
30084,ENSG00000132694,ARHGEF11,O15085,S,651,0.281277756816171
30085,ENSG00000144645,OSBPL10,Q9BXB5,S,56,0.351290924241452
30086,ENSG00000165280,VCP,P55072,S,282,0.415780606827747
30087,ENSG00000144867,SRPRB,Q9Y5M8,S,218,0.396396268710817
30088,ENSG00000177469,CAVIN1,Q6NZI2,Y,156,0.462457498352204
30089,ENSG00000135597,REPS1,Q96D71,T,481,0.426201539662233
30091,ENSG00000114904,NEK4,P51957,S,340,0.398998199287305
30092,ENSG00000129195,PIMREG,Q9BSJ6,S,199,0.353700332364507
30093,ENSG00000167196,FBXO22,Q8NEZ5,S,128,0.188691004445475
30095,ENSG00000170471,RALGAPB,Q86X10,S,647,0.0868133389227126
30096,ENSG00000112208,BAG2,O95816,S,31,0.136577580917052
30097,ENSG00000147234,FRMPD3,Q5JV73,S,1429,0.148996283704133
30100,ENSG00000149115,TNKS1BP1,Q9C0C2,S,984,0.295051986411239
30101,ENSG00000111647,UHRF1BP1L,A0JNW5,S,1007,0.0557859749188544
30102,ENSG00000119042,SATB2,Q9UPW6,S,594,0.491636580427031
30105,ENSG00000114904,NEK4,P51957,S,641,0.0848319782017732
30107,ENSG00000130939,UBE4B,O95155,S,79,0.249606842669438
30109,ENSG00000112787,FBRSL1,Q9HCM7,S,33,0.203174420922478
30112,ENSG00000157483,MYO1E,Q12965,S,1002,0.321734328568876
30113,ENSG00000134644,PUM1,Q14671,T,112,0.322911003964824
30115,ENSG00000113916,BCL6,P41182,S,466,0.259566536812844
30118,ENSG00000187690,CXorf67,Q86X51,S,259,0.241501336348722
30120,ENSG00000275066,SYNRG,Q9UMZ2,S,909,0.264127709489376
30121,ENSG00000074755,ZZEF1,O43149,S,1520,0.235152572654627
30124,ENSG00000036448,MYOM2,P54296,T,901,0.0789822817264116
30128,ENSG00000131374,TBC1D5,Q92609,T,42,0.362603548416168
30130,ENSG00000118058,KMT2A,Q03164,S,161,0.407717632928218
30131,ENSG00000180900,SCRIB,Q14160,S,1223,0.299707784079122
30132,ENSG00000044115,CTNNA1,P35221,T,654,0.482408853416107
30133,ENSG00000153827,TRIP12,Q14669,S,1376,0.519672220475841
30134,ENSG00000163956,LRPAP1,P30533,S,310,0.190853705582596
30135,ENSG00000070778,PTPN21,Q16825,S,710,0.214303860959029
30137,ENSG00000204569,PPP1R10,Q96QC0,S,471,0.252748579906496
30138,ENSG00000019505,SYT13,Q7L8C5,S,58,0.134305663780227
30139,ENSG00000197579,TOPORS,Q9NS56,S,734,0.314322970707157
30141,ENSG00000105939,ZC3HAV1,Q7Z2W4,S,390,0.276894093011393
30142,ENSG00000171720,HDAC3,O15379,S,74,0.630794084708545
30147,ENSG00000272031,ANKRD34A,Q69YU3,S,392,0.310627205742356
30148,ENSG00000107957,SH3PXD2A,Q5TCZ1,S,797,0.255626832088488
30151,ENSG00000113583,C5orf15,Q8NC54,S,165,0.137343699732468
30153,ENSG00000163462,TRIM46,Q7Z4K8,S,79,0.376151026788491
30156,ENSG00000161647,MPP3,Q13368,S,307,0.25963427699897
30160,ENSG00000178209,PLEC,Q15149,S,3975,0.20777078336054
30163,ENSG00000166233,ARIH1,Q9Y4X5,S,517,0.468386473085328
30165,ENSG00000112701,SENP6,Q9GZR1,S,335,0.270658615752008
30167,ENSG00000109819,PPARGC1A,Q9UBK2,S,273,0.355676522006926
30168,ENSG00000051009,FAM160A2,Q8N612,S,482,0.24255714397206
30170,ENSG00000065618,COL17A1,Q9UMD9,S,114,0.259816422663457
30171,ENSG00000126016,AMOT,Q4VCS5,S,718,0.314676670796338
30174,ENSG00000172071,EIF2AK3,Q9NZJ5,S,715,0.522231964299866
30175,ENSG00000124831,LRRFIP1,Q32MZ4,T,114,0.405305380458736
30176,ENSG00000166716,ZNF592,Q92610,S,573,0.375209214003167
30177,ENSG00000138092,CENPO,Q9BU64,S,35,0.596585358907862
30178,ENSG00000164403,SHROOM1,Q2M3G4,T,52,0.0778199416563606
30182,ENSG00000139641,ESYT1,Q9BSJ8,S,1104,0.181910691998094
30184,ENSG00000174748,RPL15,P61313,S,100,0.329077389408987
30188,ENSG00000160410,SHKBP1,Q8TBC3,T,682,0.577120656476297
30190,ENSG00000183092,BEGAIN,Q9BUH8,S,246,0.440210485963131
30191,ENSG00000084234,APLP2,Q06481,T,754,0.512595234565357
30195,ENSG00000022277,RTF2,Q9BY42,S,268,0.381363706411874
30196,ENSG00000187772,LIN28B,Q6ZN17,T,202,0.136524286778041
30198,ENSG00000164649,CDCA7L,Q96GN5,S,21,0.275381837805686
30199,ENSG00000166833,NAV2,Q8IVL1,T,1519,0.195861646120724
30200,ENSG00000119927,GPAM,Q9HCL2,S,688,0.458116060694311
30201,ENSG00000135960,EDAR,Q9UNE0,S,234,0.191584673360096
30203,ENSG00000153132,CLGN,O14967,S,573,0.144911858597704
30204,ENSG00000152422,XRCC4,Q13426,S,304,0.356844003936657
30205,ENSG00000166925,TSC22D4,Q9Y3Q8,T,139,0.276442574201053
30207,ENSG00000181830,SLC35C1,Q96A29,S,353,0.208978179863286
30210,ENSG00000112561,TFEB,P19484,S,122,0.545659997047003
30215,ENSG00000163939,PBRM1,Q86U86,S,14,0.265463228749966
30216,ENSG00000159556,ISL2,Q96A47,S,154,0.581231764728726
30220,ENSG00000074054,CLASP1,Q7Z460,S,688,0.491074041545815
30224,ENSG00000164830,OXR1,Q8N573,S,363,0.10994228610652
30226,ENSG00000078674,PCM1,Q15154,T,1938,0.125628622538276
30228,ENSG00000114127,XRN1,Q8IZH2,S,1645,0.251678929582179
30229,ENSG00000033327,GAB2,Q9UQC2,S,445,0.298775722751698
30231,ENSG00000043591,ADRB1,P08588,S,274,0.436514357542813
30233,ENSG00000143971,ETAA1,Q9NY74,S,464,0.217607345465401
30234,ENSG00000108515,ENO3,P13929,T,229,0.13408026064963
30235,ENSG00000183963,SMTN,P53814,T,525,0.205535215189211
30237,ENSG00000116903,EXOC8,Q8IYI6,S,35,0.16386475097234
30240,ENSG00000163704,PRRT3,Q5FWE3,S,774,0.114863418563172
30243,ENSG00000167447,SMG8,Q8ND04,S,742,0.387483054030989
30245,ENSG00000091039,OSBPL8,Q9BZF1,S,93,0.312837841767679
30247,ENSG00000154640,BTG3,Q14201,S,148,0.233240918235046
30251,ENSG00000100393,EP300,Q09472,S,90,0.133329267772524
30252,ENSG00000179403,VWA1,Q6PCB0,S,93,0.139002491081412
30256,ENSG00000130939,UBE4B,O95155,S,311,0.174245426611627
30258,ENSG00000157107,FCHO2,Q0JRZ9,S,380,0.234685489355374
30261,ENSG00000147642,SYBU,Q9NX95,S,555,0.323411315970612
30262,ENSG00000075539,FRYL,O94915,S,2340,0.0867028688459728
30263,ENSG00000005194,CIAPIN1,Q6FI81,S,177,0.496940098549986
30266,ENSG00000130479,MAP1S,Q66K74,S,651,0.0951554142532969
30270,ENSG00000143815,LBR,Q14739,S,69,0.304835637232319
30271,ENSG00000122482,ZNF644,Q9H582,S,394,0.170152177958514
30272,ENSG00000123636,BAZ2B,Q9UIF8,T,544,0.118216291402391
30274,ENSG00000196535,MYO18A,Q92614,S,1070,0.263626341109976
30277,ENSG00000111647,UHRF1BP1L,A0JNW5,S,884,0.131628560004126
30278,ENSG00000196782,MAML3,Q96JK9,S,170,0.292410728256562
30280,ENSG00000143776,CDC42BPA,Q5VT25,S,1719,0.240754270176373
30281,ENSG00000150995,ITPR1,Q14643,S,1767,0.187925887498153
30282,ENSG00000179588,ZFPM1,Q8IX07,S,935,0.268441577129671
30283,ENSG00000140262,TCF12,Q99081,S,142,0.588492568827138
30287,ENSG00000123595,RAB9A,P51151,S,179,0.370079775211497
30288,ENSG00000184588,PDE4B,Q07343,S,661,0.389435592109547
30289,ENSG00000029363,BCLAF1,Q9NYF8,S,274,0.282125605801221
30290,ENSG00000006453,BAIAP2L1,Q9UHR4,S,395,0.571076924930882
30292,ENSG00000077454,LRCH4,O75427,S,589,0.526722468752618
30293,ENSG00000089916,GPATCH2L,Q9NWQ4,S,88,0.519771005715197
30295,ENSG00000126787,DLGAP5,Q15398,S,830,0.323778990231079
30297,ENSG00000033327,GAB2,Q9UQC2,S,405,0.628057366989462
30298,ENSG00000138448,ITGAV,P06756,S,1046,0.279097809223538
30299,ENSG00000152291,TGOLN2,O43493,S,221,0.287822584272043
30300,ENSG00000008952,SEC62,Q99442,S,353,0.529380081845409
30316,ENSG00000105355,PLIN3,O60664,S,179,0.258154132230924
30320,ENSG00000166165,CKB,P12277,S,6,0.320315009530809
30322,ENSG00000119321,FKBP15,Q5T1M5,S,1065,0.240395078693377
30323,ENSG00000072364,AFF4,Q9UHB7,S,553,0.166898958459156
30325,ENSG00000131711,MAP1B,P46821,S,1960,0.146324177358872
30329,ENSG00000161203,AP2M1,Q96CW1,S,234,0.158459335892362
30337,ENSG00000164754,RAD21,O60216,S,198,0.102968412266145
30338,ENSG00000166949,SMAD3,P84022,S,416,0.631736952958982
30340,ENSG00000107719,PALD1,Q9ULE6,S,483,0.181076283293652
30341,ENSG00000154415,PPP1R3A,Q16821,S,46,0.620318657888057
30342,ENSG00000141198,TOM1L1,O75674,S,321,0.508318559487067
30343,ENSG00000121060,TRIM25,Q14258,T,434,0.270973578630718
30344,ENSG00000129595,EPB41L4A,Q9HCS5,S,614,0.123769323978169
30346,ENSG00000107864,CPEB3,Q8NE35,S,192,0.430284547116261
30347,ENSG00000110723,EXPH5,Q8NEV8,T,465,0.0863894343887716
30348,ENSG00000128567,PODXL,O00592,T,497,0.241333586013107
30349,ENSG00000113580,NR3C1,P04150,S,164,0.108808630552765
30351,ENSG00000186871,ERCC6L,Q2NKX8,S,1098,0.417922598175232
30352,ENSG00000163939,PBRM1,Q86U86,S,13,0.304299018980484
30353,ENSG00000143106,PSMA5,P28066,S,180,0.129393309777152
30354,ENSG00000117713,ARID1A,O14497,T,286,0.237114337202124
30356,ENSG00000272333,KMT2B,Q9UMN6,S,510,0.231303037007722
30357,ENSG00000155066,PROM2,Q8N271,S,815,0.602156846045165
30358,ENSG00000079308,TNS1,Q9HBL0,S,708,0.240670768036408
30359,ENSG00000139174,PRICKLE1,Q96MT3,S,353,0.190955478780105
30360,ENSG00000114942,EEF1B2,P24534,S,174,0.293092904600058
30364,ENSG00000187244,BCAM,P50895,S,600,0.365257242429458
30368,ENSG00000121289,CEP89,Q96ST8,S,113,0.324746270543521
30369,ENSG00000134001,EIF2S1,P05198,S,158,0.411953917645354
30370,ENSG00000075711,DLG1,Q12959,S,619,0.232985951208625
30371,ENSG00000047849,MAP4,P27816,S,822,0.225522613838566
30372,ENSG00000166889,PATL1,Q86TB9,S,120,0.153785231036289
30374,ENSG00000128591,FLNC,Q14315,T,1283,0.0841425802520705
30375,ENSG00000132688,NES,P48681,S,1307,0.0972978346181323
30377,ENSG00000168385,SEPT2,Q15019,Y,211,0.394658390154309
30384,ENSG00000122870,BICC1,Q9H694,S,612,0.25859387048958
30385,ENSG00000277363,SRCIN1,Q9C0H9,S,875,0.442004833800021
30388,ENSG00000198561,CTNND1,O60716,S,168,0.187338586216846
30389,ENSG00000118058,KMT2A,Q03164,S,2866,0.263087637192197
30391,ENSG00000177200,CHD9,Q3L8U1,S,2303,0.165542325810568
30392,ENSG00000160213,CSTB,P04080,S,72,0.208162567410245
30393,ENSG00000039560,RAI14,Q9P0K7,S,317,0.297319464958923
30394,ENSG00000033327,GAB2,Q9UQC2,S,208,0.234667419257166
30395,ENSG00000153721,CNKSR3,Q6P9H4,S,479,0.387160493260368
30396,ENSG00000106078,COBL,O75128,S,755,0.104609772867513
30397,ENSG00000164715,LMTK2,Q8IWU2,S,1307,0.181229333880399
30400,ENSG00000055609,KMT2C,Q8NEZ4,T,3977,0.354505561613572
30402,ENSG00000072134,EPN2,O95208,S,486,0.464669578384488
30403,ENSG00000049769,PPP1R3F,Q6ZSY5,S,521,0.208377805051447
30404,ENSG00000133275,CSNK1G2,P78368,T,367,0.325872297271345
30407,ENSG00000007545,CRAMP1,Q96RY5,S,1268,0.264024610602395
30409,ENSG00000070778,PTPN21,Q16825,T,578,0.420076562058282
30410,ENSG00000037474,NSUN2,Q08J23,S,475,0.239871168045179
30415,ENSG00000173898,SPTBN2,O15020,S,2171,0.176234080672955
30416,ENSG00000085872,CHERP,Q8IWX8,S,186,0.353414951522701
30417,ENSG00000188522,FAM83G,A6ND36,S,688,0.0930257437201689
30418,ENSG00000180263,FGD6,Q6ZV73,S,1210,0.258647291938165
30419,ENSG00000168078,PBK,O76021,S,19,0.107124098257692
30420,ENSG00000155066,PROM2,Q8N271,S,818,0.341378004297518
30423,ENSG00000052126,PLEKHA5,Q9HAU0,Y,553,0.330927861747506
30425,ENSG00000039523,RIPOR1,Q6ZS17,S,346,0.350512494686156
30427,ENSG00000124181,PLCG1,P19174,Y,977,0.415715036696651
30428,ENSG00000275832,ARHGAP23,Q9P227,S,1306,0.301343703459373
30429,ENSG00000185278,ZBTB37,Q5TC79,S,188,0.473786274097098
30430,ENSG00000121060,TRIM25,Q14258,S,433,0.331380921427885
30431,ENSG00000186871,ERCC6L,Q2NKX8,S,946,0.146462061363622
30432,ENSG00000173575,CHD2,O14647,S,1728,0.325683936820589
30442,ENSG00000105401,CDC37,Q16543,S,140,0.409412468485118
30444,ENSG00000178826,TMEM139,Q8IV31,S,155,0.623716234496124
30448,ENSG00000203485,INF2,Q27J81,S,1183,0.238131461485979
30449,ENSG00000142197,DOPEY2,Q9Y3R5,S,556,0.157277000760889
30450,ENSG00000118200,CAMSAP2,Q08AD1,S,1029,0.224607932639201
30453,ENSG00000120278,PLEKHG1,Q9ULL1,S,1061,0.152511206171504
30455,ENSG00000164684,ZNF704,Q6ZNC4,S,346,0.312454669541031
30458,ENSG00000218891,ZNF579,Q8NAF0,S,483,0.310187403943351
30461,ENSG00000168488,ATXN2L,Q8WWM7,T,44,0.094454842165
30463,ENSG00000169564,PCBP1,Q15365,S,190,0.717680134097042
30464,ENSG00000166503,HDGFL3,Q9Y3E1,S,122,0.452406523937992
30465,ENSG00000112379,ARFGEF3,Q5TH69,S,1676,0.139334389648371
30466,ENSG00000124831,LRRFIP1,Q32MZ4,T,676,0.123115283187597
30469,ENSG00000091073,DTX2,Q86UW9,S,217,0.233771649683635
30470,ENSG00000168303,MPLKIP,Q8TAP9,S,93,0.504853985953461
30471,ENSG00000261371,PECAM1,P16284,S,653,0.287783210194569
30475,ENSG00000089639,GMIP,Q9P107,T,439,0.213062533365589
30476,ENSG00000163214,DHX57,Q6P158,S,475,0.247866818119167
30478,ENSG00000170456,DENND5B,Q6ZUT9,S,476,0.128830429986708
30479,ENSG00000188112,C6orf132,Q5T0Z8,S,260,0.228469253240695
30480,ENSG00000107186,MPDZ,O75970,S,1584,0.126502798976735
30483,ENSG00000113742,CPEB4,Q17RY0,S,255,0.634878205742358
30486,ENSG00000189127,ANKRD34B,A5PLL1,S,432,0.426576704770031
30487,ENSG00000148773,MKI67,P46013,Y,351,0.299513879596232
30489,ENSG00000177600,RPLP2,P05387,S,74,0.258323859397867
30490,ENSG00000111725,PRKAB1,Q9Y478,S,101,0.420474388849837
30494,ENSG00000111596,CNOT2,Q9NZN8,S,274,0.115229096053409
30497,ENSG00000104529,EEF1D,P29692,S,37,0.288196788501999
30498,ENSG00000076382,SPAG5,Q96R06,S,401,0.321369295614611
30499,ENSG00000196405,EVL,Q9UI08,S,318,0.110642888614841
30503,ENSG00000061273,HDAC7,Q8WUI4,S,595,0.398232233232422
30504,ENSG00000130653,PNPLA7,Q6ZV29,S,1288,0.147645213191708
30505,ENSG00000146648,EGFR,P00533,S,1096,0.171944139322848
30507,ENSG00000160803,UBQLN4,Q9NRR5,S,114,0.27901029874726
30508,ENSG00000133026,MYH10,P35580,T,1960,0.319159565882949
30509,ENSG00000144460,NYAP2,Q9P242,S,206,0.394419915103657
30514,ENSG00000112297,CRYBG1,Q9Y4K1,S,16,0.297926682571089
30517,ENSG00000070047,PHRF1,Q9P1Y6,T,1126,0.155721037948145
30518,ENSG00000140950,TLDC1,Q6P9B6,S,446,0.763366592949161
30519,ENSG00000178209,PLEC,Q15149,S,4634,0.34259818147545
30520,ENSG00000179364,PACS2,Q86VP3,T,708,0.269245896756706
30521,ENSG00000092445,TYRO3,Q06418,S,818,0.250438075688399
30522,ENSG00000155858,LSM11,P83369,S,280,0.606012809395261
30523,ENSG00000169594,BNC1,Q01954,S,338,0.239159360761673
30525,ENSG00000182670,TTC3,P53804,S,378,0.338426495572486
30527,ENSG00000104983,CCDC61,Q9Y6R9,S,469,0.26996181823043
30530,ENSG00000088930,XRN2,Q9H0D6,S,482,0.0937426896283203
30531,ENSG00000133740,E2F5,Q15329,T,261,0.533646625623126
30532,ENSG00000116754,SRSF11,Q05519,S,414,0.363985326935567
30534,ENSG00000137343,ATAT1,Q5SQI0,S,346,0.16786709454018
30536,ENSG00000126247,CAPNS1,P04632,S,67,0.13275572007684
30537,ENSG00000130595,TNNT3,P45378,S,160,0.17423613061396
30539,ENSG00000120899,PTK2B,Q14289,Y,580,0.831865530463143
30540,ENSG00000198589,LRBA,P50851,T,14,0.125868055209106
30542,ENSG00000171863,RPS7,P62081,T,123,0.749095869815979
30543,ENSG00000131711,MAP1B,P46821,S,1690,0.163928288897632
30545,ENSG00000010818,HIVEP2,P31629,S,2300,0.18360968494564
30548,ENSG00000159840,ZYX,Q15942,S,481,0.0901354322850388
30549,ENSG00000203485,INF2,Q27J81,T,1199,0.2799021853562
30551,ENSG00000188549,CCDC9B,Q6ZUT6,S,407,0.12054591844288
30555,ENSG00000111432,FZD10,Q9ULW2,S,577,0.17777123480057
30558,ENSG00000101199,ARFGAP1,Q8N6T3,T,135,0.744368757099158
30559,ENSG00000019144,PHLDB1,Q86UU1,S,665,0.217960565620977
30561,ENSG00000180488,MIGA1,Q8NAN2,S,140,0.125764532183766
30566,ENSG00000239306,RBM14,Q96PK6,T,572,0.502961013128531
30569,ENSG00000237441,RGL2,O15211,T,752,0.422118207346059
30570,ENSG00000196700,ZNF512B,Q96KM6,T,685,0.302069769362513
30571,ENSG00000173517,PEAK1,Q9H792,S,214,0.206739682733483
30573,ENSG00000136732,GYPC,P04921,S,104,0.251538547174357
30574,ENSG00000038382,TRIO,O75962,S,1633,0.178330211260945
30575,ENSG00000114859,CLCN2,P51788,S,731,0.419363299291487
30576,ENSG00000196924,FLNA,P21333,S,481,0.102492016820569
30580,ENSG00000060709,RIMBP2,O15034,S,832,0.224349647877674
30582,ENSG00000052126,PLEKHA5,Q9HAU0,S,1092,0.170687037969258
30586,ENSG00000133812,SBF2,Q86WG5,T,1125,0.108215937948291
30587,ENSG00000111077,TNS2,Q63HR2,S,811,0.31121173846925
30590,ENSG00000198286,CARD11,Q9BXL7,S,644,0.281801666767103
30591,ENSG00000002919,SNX11,Q9Y5W9,S,217,0.125089926393928
30593,ENSG00000164615,CAMLG,P49069,S,55,0.273103135070057
30594,ENSG00000067369,TP53BP1,Q12888,S,523,0.311848538502285
30599,ENSG00000138777,PPA2,Q9H2U2,S,313,0.325913574346269
30600,ENSG00000138434,SSFA2,P28290,S,798,0.251604528555033
30602,ENSG00000086758,HUWE1,Q7Z6Z7,S,1999,0.226118325010262
30605,ENSG00000115687,PASK,Q96RG2,S,843,0.172358335695571
30606,ENSG00000085719,CPNE3,O75131,S,197,0.263666138325131
30607,ENSG00000106244,PDAP1,Q13442,S,19,0.500318874789705
30608,ENSG00000128564,VGF,O15240,S,95,0.229687860305144
30609,ENSG00000147459,DOCK5,Q9H7D0,S,1789,0.507064171112794
30610,ENSG00000089902,RCOR1,Q9UKL0,S,464,0.143603699138466
30611,ENSG00000105176,URI1,O94763,S,372,0.670811299957652
30612,ENSG00000172046,USP19,O94966,S,474,0.448847662023808
30617,ENSG00000198231,DDX42,Q86XP3,S,109,0.481710714373162
30619,ENSG00000136205,TNS3,Q68CZ2,S,959,0.0669415320087255
30623,ENSG00000083838,ZNF446,Q9NWS9,S,146,0.436521767767378
30626,ENSG00000214530,STARD10,Q9Y365,S,253,0.280462230557464
30628,ENSG00000130723,PRRC2B,Q5JSZ5,S,1231,0.29230148426252
30629,ENSG00000163939,PBRM1,Q86U86,S,355,0.261075347580624
30630,ENSG00000141376,BCAS3,Q9H6U6,S,503,0.188498946821576
30632,ENSG00000120549,KIAA1217,Q5T5P2,S,1554,0.0768842967106637
30634,ENSG00000174373,RALGAPA1,Q6GYQ0,S,773,0.386072416871412
30636,ENSG00000198920,KIAA0753,Q2KHM9,S,93,0.390961742869869
30637,ENSG00000173276,ZBTB21,Q9ULJ3,S,434,0.294395762583154
30639,ENSG00000035928,RFC1,P35251,S,73,0.262616403156257
30640,ENSG00000029363,BCLAF1,Q9NYF8,T,355,0.31287021343686
30646,ENSG00000136478,TEX2,Q8IWB9,S,204,0.36084597456978
30647,ENSG00000136114,THSD1,Q9NS62,S,463,0.200551705498105
30649,ENSG00000156711,MAPK13,O15264,Y,182,0.969624291484402
30651,ENSG00000115306,SPTBN1,Q01082,S,2138,0.502965050853945
30652,ENSG00000073584,SMARCE1,Q969G3,S,353,0.40235104221766
30653,ENSG00000132017,DCAF15,Q66K64,S,359,0.336902303771705
30656,ENSG00000102934,PLLP,Q9Y342,S,14,0.51312792778732
30658,ENSG00000111961,SASH1,O94885,T,1030,0.127357408156272
30659,ENSG00000131381,RBSN,Q9H1K0,S,239,0.199856773381499
30661,ENSG00000168497,CAVIN2,O95810,S,35,0.546297462373699
30662,ENSG00000151849,CENPJ,Q9HC77,S,727,0.065634854723778
30663,ENSG00000152291,TGOLN2,O43493,T,76,0.346820106240169
30664,ENSG00000148498,PARD3,Q8TEW0,S,695,0.466789274588022
30666,ENSG00000103657,HERC1,Q15751,S,1521,0.385265366204715
30667,ENSG00000159082,SYNJ1,O43426,S,1178,0.11405570807156
30668,ENSG00000185477,GPRIN3,Q6ZVF9,S,526,0.242075521683838
30669,ENSG00000180530,NRIP1,P48552,S,356,0.228888417901946
30675,ENSG00000110514,MADD,Q8WXG6,S,156,0.349947143748828
30676,ENSG00000164056,SPRY1,O43609,S,50,0.417646568874382
30678,ENSG00000096717,SIRT1,Q96EB6,S,173,0.300970763544604
30680,ENSG00000174106,LEMD3,Q9Y2U8,S,402,0.332912473302297
30681,ENSG00000127947,PTPN12,Q05209,T,693,0.439428225169569
30683,ENSG00000164327,RICTOR,Q6R327,S,265,0.291142207159983
30684,ENSG00000090924,PLEKHG2,Q9H7P9,S,49,0.133939152351374
30686,ENSG00000197976,AKAP17A,Q02040,S,499,0.212554739702621
30690,ENSG00000171435,KSR2,Q6VAB6,T,497,0.282798353796185
30692,ENSG00000165119,HNRNPK,P61978,S,89,0.309817756645442
30693,ENSG00000125821,DTD1,Q8TEA8,S,204,0.447031205876135
30694,ENSG00000040633,PHF23,Q9BUL5,S,74,0.423627243048158
30696,ENSG00000163110,PDLIM5,Q96HC4,T,208,0.368551388272639
30698,ENSG00000198286,CARD11,Q9BXL7,S,466,0.30824766367711
30699,ENSG00000173889,PHC3,Q8NDX5,S,678,0.154864031073286
30700,ENSG00000170075,GPR37L1,O60883,S,461,0.121828622681885
30701,ENSG00000134369,NAV1,Q8NEY1,S,311,0.281023265255324
30702,ENSG00000132613,MTSS1L,Q765P7,Y,655,0.336373796542578
30704,ENSG00000079308,TNS1,Q9HBL0,S,1349,0.167510636220128
30705,ENSG00000054118,THRAP3,Q9Y2W1,T,397,0.223900092293904
30708,ENSG00000115993,TRAK2,O60296,T,776,0.567975858624092
30715,ENSG00000175643,RMI2,Q96E14,S,20,0.609882978547704
30717,ENSG00000151150,ANK3,Q12955,S,2445,0.0471570332466426
30719,ENSG00000163961,RNF168,Q8IYW5,S,470,0.616980685222571
30722,ENSG00000163362,INAVA,Q3KP66,S,107,0.406453283811038
30723,ENSG00000077279,DCX,O43602,S,28,0.45528845159427
30724,ENSG00000126934,MAP2K2,P36507,S,30,0.267027837919628
30726,ENSG00000041982,TNC,P24821,S,616,0.0850532235469794
30729,ENSG00000065518,NDUFB4,O95168,S,26,0.354433528098602
30731,ENSG00000137872,SEMA6D,Q8NFY4,S,957,0.0807088643803757
30732,ENSG00000182095,TNRC18,O15417,S,1863,0.119315221338965
30733,ENSG00000102780,DGKH,Q86XP1,S,691,0.16107848436288
30735,ENSG00000180353,HCLS1,P14317,S,112,0.512917567200648
30737,ENSG00000108821,COL1A1,P02452,S,522,0.273468949075531
30738,ENSG00000143363,PRUNE1,Q86TP1,S,414,0.447651114308862
30739,ENSG00000170471,RALGAPB,Q86X10,S,421,0.386051196848497
30741,ENSG00000159592,GPBP1L1,Q9HC44,S,50,0.525094238818363
30744,ENSG00000122566,HNRNPA2B1,P22626,Y,247,0.458457639469413
30746,ENSG00000128564,VGF,O15240,S,420,0.46079476963868
30747,ENSG00000174437,ATP2A2,P16615,S,504,0.229729741515356
30748,ENSG00000116871,MAP7D1,Q3KQU3,S,125,0.446590964587841
30749,ENSG00000127311,HELB,Q8NG08,S,1021,0.326739785191404
30757,ENSG00000111961,SASH1,O94885,S,731,0.123143281697789
30758,ENSG00000117859,OSBPL9,Q96SU4,S,329,0.376109971985801
30759,ENSG00000142731,PLK4,O00444,S,665,0.477280242622319
30763,ENSG00000120318,ARAP3,Q8WWN8,S,1380,0.217856825992918
30764,ENSG00000149218,ENDOD1,O94919,S,301,0.121643352372987
30770,ENSG00000003756,RBM5,P52756,S,621,0.541101559932751
30772,ENSG00000004534,RBM6,P78332,S,44,0.278499182284072
30773,ENSG00000058262,SEC61A1,P61619,S,408,0.501156168496044
30774,ENSG00000060237,WNK1,Q9H4A3,S,1299,0.0876794467876529
30775,ENSG00000170293,CMTM8,Q8IZV2,S,18,0.340107447114047
30778,ENSG00000143337,TOR1AIP1,Q5JTV8,S,242,0.38571311154104
30779,ENSG00000134817,APLNR,P35414,S,345,0.226458091966849
30780,ENSG00000165914,TTC7B,Q86TV6,S,682,0.371235729509238
30781,ENSG00000143067,ZNF697,Q5TEC3,S,123,0.261981123129219
30782,ENSG00000132466,ANKRD17,O75179,S,2065,0.191101638047362
30783,ENSG00000267796,LIN37,Q96GY3,S,137,0.426362602974687
30784,ENSG00000086015,MAST2,Q6P0Q8,S,290,0.390165461179556
30785,ENSG00000130396,AFDN,P55196,T,995,0.226503640390194
30787,ENSG00000066468,FGFR2,P21802,T,454,0.374103890416996
30789,ENSG00000185950,IRS2,Q9Y4H2,S,643,0.12081818486004
30791,ENSG00000174373,RALGAPA1,Q6GYQ0,S,864,0.179167347521104
30792,ENSG00000146872,TLK2,Q86UE8,S,38,0.414766231309186
30793,ENSG00000008294,SPAG9,O60271,S,593,0.273254759435663
30795,ENSG00000119906,SLF2,Q8IX21,S,555,0.27813878088249
30796,ENSG00000008294,SPAG9,O60271,S,329,0.323717779728181
30797,ENSG00000152620,NADK2,Q4G0N4,S,367,0.506587596339215
30798,ENSG00000141179,PCTP,Q9UKL6,S,139,0.397732278644794
30799,ENSG00000156261,CCT8,P50990,S,269,0.40460771672375
30800,ENSG00000145911,N4BP3,O15049,S,130,0.217465656665987
30801,ENSG00000069248,NUP133,Q8WUM0,S,41,0.355475657108147
30805,ENSG00000141503,MINK1,Q8N4C8,S,782,0.367458596416816
30806,ENSG00000141441,GAREM1,Q9H706,S,546,0.304787691725072
30807,ENSG00000117751,PPP1R8,Q12972,S,249,0.135400521330265
30814,ENSG00000072832,CRMP1,Q14194,S,8,0.322071104343306
30815,ENSG00000176095,IP6K1,Q92551,S,146,0.591219225192901
30819,ENSG00000076826,CAMSAP3,Q9P1Y5,S,1096,0.157999452961656
30820,ENSG00000085224,ATRX,P46100,S,656,0.310669171464984
30821,ENSG00000078142,PIK3C3,Q8NEB9,S,455,0.497763205443459
30822,ENSG00000151208,DLG5,Q8TDM6,S,900,0.101105946312637
30823,ENSG00000169258,GPRIN1,Q7Z2K8,S,165,0.0800384370565012
30826,ENSG00000162402,USP24,Q9UPU5,S,63,0.234968194014872
30828,ENSG00000092439,TRPM7,Q96QT4,S,1477,0.359655723241996
30837,ENSG00000162636,FAM102B,Q5T8I3,S,321,0.475938300436983
30839,ENSG00000156504,FAM122B,Q7Z309,T,112,0.46231534771431
30844,ENSG00000105699,LSR,Q86X29,T,336,0.262959558679912
30845,ENSG00000077279,DCX,O43602,S,306,0.218441176487875
30850,ENSG00000135597,REPS1,Q96D71,S,166,0.532231463053582
30851,ENSG00000187772,LIN28B,Q6ZN17,S,105,0.417178513610893
30855,ENSG00000164877,MICALL2,Q8IY33,T,725,0.185119445912756
30857,ENSG00000166689,PLEKHA7,Q6IQ23,S,366,0.187584357260284
30861,ENSG00000038382,TRIO,O75962,S,2499,0.133713689640578
30862,ENSG00000124164,VAPB,O95292,S,159,0.536157791107829
30864,ENSG00000055332,EIF2AK2,P19525,S,33,0.198890110074593
30867,ENSG00000204305,AGER,Q15109,S,399,0.310688248131653
30868,ENSG00000253506,NACA2,Q9H009,T,157,0.221100149970147
30870,ENSG00000061676,NCKAP1,P55160,S,4,0.0807512439485383
30871,ENSG00000136379,ABHD17C,Q6PCB6,S,211,0.119789319960308
30872,ENSG00000124831,LRRFIP1,Q32MZ4,S,467,0.220483587757285
30873,ENSG00000146247,PHIP,Q8WWQ0,S,692,0.326297551360499
30876,ENSG00000144635,DYNC1LI1,Q9Y6G9,T,408,0.714238496467274
30879,ENSG00000140836,ZFHX3,Q15911,S,425,0.198691411345338
30882,ENSG00000168137,SETD5,Q9C0A6,S,193,0.0974981999577164
30884,ENSG00000253958,CLDN23,Q96B33,T,207,0.283824986153107
30887,ENSG00000181789,COPG1,Q9Y678,S,12,0.224806000291814
30888,ENSG00000145362,ANK2,Q01484,T,3776,0.0704865006637206
30892,ENSG00000129250,KIF1C,O43896,S,990,0.160914609006895
30893,ENSG00000075975,MKRN2,Q9H000,S,134,0.0991084621640158
30895,ENSG00000169213,RAB3B,P20337,S,190,0.368591130260893
30897,ENSG00000123200,ZC3H13,Q5T200,S,211,0.233129594237534
30901,ENSG00000164379,FOXQ1,Q9C009,S,248,0.302370464907399
30903,ENSG00000153822,KCNJ16,Q9NPI9,S,373,0.2508065289193
30905,ENSG00000185567,AHNAK2,Q8IVF2,S,375,0.0756544794114497
30907,ENSG00000012048,BRCA1,P38398,S,403,0.161705567602005
30908,ENSG00000225830,ERCC6,Q03468,S,438,0.0915091037239169
30909,ENSG00000143614,GATAD2B,Q8WXI9,T,120,0.461216492346113
30910,ENSG00000072135,PTPN18,Q99952,S,419,0.407229090567248
30911,ENSG00000198604,BAZ1A,Q9NRL2,S,1546,0.0823127796857054
30913,ENSG00000056586,RC3H2,Q9HBD1,S,803,0.394140228180322
30914,ENSG00000121858,TNFSF10,P50591,S,96,0.172655457444979
30915,ENSG00000125753,VASP,P50552,S,239,0.59782874277784
30918,ENSG00000160294,MCM3AP,O60318,T,423,0.0988377883449964
30919,ENSG00000137501,SYTL2,Q9HCH5,S,562,0.594609527852078
30920,ENSG00000141956,PRDM15,P57071,S,984,0.122076345769092
30921,ENSG00000112685,EXOC2,Q96KP1,S,426,0.297688838980579
30926,ENSG00000188643,S100A16,Q96FQ6,S,102,0.429687445854314
30927,ENSG00000166503,HDGFL3,Q9Y3E1,T,110,0.421117815816559
30929,ENSG00000111647,UHRF1BP1L,A0JNW5,S,752,0.169941948144284
30931,ENSG00000112276,BVES,Q8NE79,S,350,0.204238534545214
30932,ENSG00000171357,LURAP1,Q96LR2,S,118,0.25477778713675
30934,ENSG00000010017,RANBP9,Q96S59,S,483,0.50635745120578
30935,ENSG00000140262,TCF12,Q99081,S,558,0.396232159723921
30939,ENSG00000085511,MAP3K4,Q9Y6R4,S,84,0.375393220926093
30941,ENSG00000142694,EVA1B,Q9NVM1,S,152,0.38969887064403
30944,ENSG00000067369,TP53BP1,Q12888,S,1631,0.496661758987389
30945,ENSG00000170006,TMEM154,Q6P9G4,S,174,0.37793195177152
30948,ENSG00000067369,TP53BP1,Q12888,S,287,0.182205449912152
30949,ENSG00000074054,CLASP1,Q7Z460,S,823,0.243204624555138
30950,ENSG00000237330,RNF223,E7ERA6,S,20,0.198850000374846
30951,ENSG00000067225,PKM,P14618,Y,83,0.51223959322324
30953,ENSG00000100207,TCF20,Q9UGU0,S,1122,0.202525816194461
30955,ENSG00000168813,ZNF507,Q8TCN5,S,95,0.188716242518073
30956,ENSG00000130770,ATP5IF1,Q9UII2,S,63,0.559186203964027
30957,ENSG00000065618,COL17A1,Q9UMD9,S,117,0.25043777715045
30961,ENSG00000146232,NFKBIE,O00221,S,167,0.399426575796619
30962,ENSG00000111142,METAP2,P50579,S,60,0.299808843017556
30963,ENSG00000140577,CRTC3,Q6UUV7,S,135,0.167918978522736
30964,ENSG00000131626,PPFIA1,Q13136,S,1171,0.392744402734897
30965,ENSG00000167476,JSRP1,Q96MG2,S,320,0.156867571756653
30966,ENSG00000081923,ATP8B1,O43520,S,1226,0.174236915693671
30967,ENSG00000237651,C2orf74,A8MZ97,S,153,0.167033473212939
30969,ENSG00000163867,ZMYM6,O95789,S,730,0.178864640337612
30974,ENSG00000186638,KIF24,Q5T7B8,S,646,0.322437305603337
30976,ENSG00000145191,EIF2B5,Q13144,S,610,0.223301643945847
30978,ENSG00000109756,RAPGEF2,Q9Y4G8,S,935,0.356820599256185
30982,ENSG00000113739,STC2,O76061,S,251,0.117216930835758
30983,ENSG00000079387,SENP1,Q9P0U3,S,416,0.308970347550757
30984,ENSG00000006576,PHTF2,Q8N3S3,S,335,0.389501282364371
30986,ENSG00000165156,ZHX1,Q9UKY1,S,648,0.355930283603215
30988,ENSG00000164715,LMTK2,Q8IWU2,S,1111,0.270415824943864
30990,ENSG00000150347,ARID5B,Q14865,S,688,0.302600485016449
30991,ENSG00000183963,SMTN,P53814,S,502,0.0948918959995959
30992,ENSG00000168724,DNAJC21,Q5F1R6,S,436,0.273048554095541
30993,ENSG00000168959,GRM5,P41594,S,1041,0.109751548607106
31000,ENSG00000136933,RABEPK,Q7Z6M1,S,133,0.207781660320221
31001,ENSG00000123143,PKN1,Q16512,S,576,0.204851476968715
31002,ENSG00000168036,CTNNB1,P35222,Y,30,0.763172749170884
31005,ENSG00000151445,VIPAS39,Q9H9C1,S,124,0.362692890133837
31007,ENSG00000086061,DNAJA1,P31689,S,83,0.291535156780398
31008,ENSG00000116675,DNAJC6,O75061,S,662,0.128490110370666
31010,ENSG00000137145,DENND4C,Q5VZ89,T,1001,0.142703078092069
31011,ENSG00000089199,CHGB,P05060,S,144,0.147356298352627
31012,ENSG00000119321,FKBP15,Q5T1M5,S,326,0.292652122776407
31013,ENSG00000147100,SLC16A2,P36021,T,80,0.419515136645179
31014,ENSG00000119946,CNNM1,Q9NRU3,S,729,0.460623380032939
31015,ENSG00000141564,RPTOR,Q8N122,T,883,0.274719733772049
31017,ENSG00000166025,AMOTL1,Q8IY63,S,729,0.101016712327612
31019,ENSG00000136643,RPS6KC1,Q96S38,S,648,0.097930307139359
31020,ENSG00000137177,KIF13A,Q9H1H9,S,1384,0.553075622204299
31021,ENSG00000064607,SUGP2,Q8IX01,S,772,0.0830853368247848
31023,ENSG00000108947,EFNB3,Q15768,S,268,0.353876885370794
31027,ENSG00000144567,RETREG2,Q8NC44,S,281,0.632372654337272
31029,ENSG00000145362,ANK2,Q01484,S,3818,0.166573542787078
31031,ENSG00000077522,ACTN2,P35609,S,411,0.122897496400115
31032,ENSG00000143442,POGZ,Q7Z3K3,T,258,0.2700796259136
31033,ENSG00000167685,ZNF444,Q8N0Y2,S,232,0.512260028769192
31034,ENSG00000108821,COL1A1,P02452,S,171,0.0696736684552106
31035,ENSG00000086015,MAST2,Q6P0Q8,S,909,0.2270048207411
31038,ENSG00000074695,LMAN1,P49257,S,425,0.314523694893901
31040,ENSG00000165912,PACSIN3,Q9UKS6,S,344,0.439539727131774
31041,ENSG00000106682,EIF4H,Q15056,Y,86,0.374350947083471
31042,ENSG00000141499,WRAP53,Q9BUR4,S,103,0.307057408918189
31045,ENSG00000135597,REPS1,Q96D71,S,561,0.452042342196235
31047,ENSG00000175727,MLXIP,Q9HAP2,S,700,0.312062774915326
31048,ENSG00000135966,TGFBRAP1,Q8WUH2,S,855,0.446837797851782
31050,ENSG00000115295,CLIP4,Q8N3C7,T,582,0.128345911865802
31051,ENSG00000039523,RIPOR1,Q6ZS17,S,732,0.156343638958416
31052,ENSG00000020181,ADGRA2,Q96PE1,S,982,0.333958373818585
31053,ENSG00000164867,NOS3,P29474,S,615,0.187846088986064
31054,ENSG00000100852,ARHGAP5,Q13017,S,1115,0.316127982299619
31055,ENSG00000111816,FRK,P42685,S,40,0.453620820156313
31056,ENSG00000174485,DENND4A,Q7Z401,S,1282,0.223870620549643
31058,ENSG00000135100,HNF1A,P20823,S,313,0.199054535436401
31059,ENSG00000019144,PHLDB1,Q86UU1,S,564,0.199329204930422
31061,ENSG00000167522,ANKRD11,Q6UB99,S,1307,0.0548311030617038
31063,ENSG00000185189,NRBP2,Q9NSY0,S,22,0.418966084954662
31064,ENSG00000079739,PGM1,P36871,S,134,0.141916438308673
31065,ENSG00000149289,ZC3H12C,Q9C0D7,S,232,0.179909501831219
31067,ENSG00000135387,CAPRIN1,Q14444,S,115,0.32847914335955
31068,ENSG00000182158,CREB3L2,Q70SY1,S,72,0.337149808206495
31069,ENSG00000130779,CLIP1,P30622,S,160,0.242578757540786
31070,ENSG00000116754,SRSF11,Q05519,S,209,0.350233910103997
31071,ENSG00000137699,TRIM29,Q14134,S,13,0.433576738528526
31073,ENSG00000107882,SUFU,Q9UMX1,S,301,0.803080248963569
31079,ENSG00000108256,NUFIP2,Q7Z417,T,378,0.360741901197507
31081,ENSG00000138688,KIAA1109,Q2LD37,S,2931,0.18418370042144
31083,ENSG00000078070,MCCC1,Q96RQ3,S,719,0.202073909271404
31084,ENSG00000187164,SHTN1,A0MZ66,S,629,0.0960865302353865
31085,ENSG00000070778,PTPN21,Q16825,S,616,0.133204661311103
31086,ENSG00000187866,FAM122A,Q96E09,S,37,0.643984534224648
31088,ENSG00000136280,CCM2,Q9BSQ5,S,280,0.267785539135509
31089,ENSG00000132004,FBXW9,Q5XUX1,S,22,0.371563247039591
31090,ENSG00000174307,PHLDA3,Q9Y5J5,S,119,0.416132187776009
31091,ENSG00000151229,SLC2A13,Q96QE2,S,6,0.433937970203219
31093,ENSG00000101745,ANKRD12,Q6UB98,S,568,0.342454109008042
31094,ENSG00000002919,SNX11,Q9Y5W9,S,192,0.499165260740302
31095,ENSG00000167106,FAM102A,Q5T9C2,T,187,0.328948088336401
31096,ENSG00000161682,FAM171A2,A8MVW0,S,792,0.202499687806307
31098,ENSG00000163714,U2SURP,O15042,S,238,0.256305744764118
31099,ENSG00000125450,NUP85,Q9BW27,T,619,0.229603423209805
31100,ENSG00000116539,ASH1L,Q9NR48,S,1791,0.115672745241571
31101,ENSG00000164484,TMEM200A,Q86VY9,S,471,0.222916556433524
31102,ENSG00000178078,STAP2,Q9UGK3,S,293,0.227422938465672
31103,ENSG00000142694,EVA1B,Q9NVM1,S,71,0.401905834203377
31105,ENSG00000166166,TRMT61A,Q96FX7,S,46,0.334495521555289
31106,ENSG00000095139,ARCN1,P48444,S,253,0.302550892556717
31108,ENSG00000163171,CDC42EP3,Q9UKI2,T,90,0.309842855555785
31109,ENSG00000149357,LAMTOR1,Q6IAA8,Y,40,0.805037261912802
31117,ENSG00000168497,CAVIN2,O95810,T,33,0.451814212264394
31118,ENSG00000156471,PTDSS1,P48651,S,439,0.328133414962188
31119,ENSG00000146842,TMEM209,Q96SK2,S,269,0.487674589953261
31120,ENSG00000110514,MADD,Q8WXG6,S,692,0.295094441537549
31121,ENSG00000157881,PANK4,Q9NVE7,S,391,0.173084636879157
31124,ENSG00000198113,TOR4A,Q9NXH8,T,105,0.299785464415722
31125,ENSG00000143476,DTL,Q9NZJ0,S,557,0.520833129910488
31129,ENSG00000116675,DNAJC6,O75061,S,618,0.2285327176596
31130,ENSG00000095951,HIVEP1,P15822,S,670,0.329865691097033
31131,ENSG00000166426,CRABP1,P29762,S,13,0.252840589606888
31134,ENSG00000135119,RNFT2,Q96EX2,S,19,0.172963922709069
31135,ENSG00000196924,FLNA,P21333,S,1899,0.181920239623364
31138,ENSG00000111247,RAD51AP1,Q96B01,S,139,0.245203129432206
31139,ENSG00000198909,MAP3K3,Q99759,T,317,0.29337271072422
31142,ENSG00000067141,NEO1,Q92859,S,1401,0.267688899587331
31143,ENSG00000174944,P2RY14,Q15391,T,337,0.198786102589337
31146,ENSG00000198203,SULT1C2,O00338,S,252,0.184473498687036
31150,ENSG00000143569,UBAP2L,Q14157,S,410,0.196285615955721
31152,ENSG00000156675,RAB11FIP1,Q6WKZ4,S,967,0.16079735211503
31153,ENSG00000136478,TEX2,Q8IWB9,S,801,0.297206093913926
31154,ENSG00000167674,HDGFL2,Q7Z4V5,S,634,0.308923739485587
31155,ENSG00000131016,AKAP12,Q02952,S,644,0.403540077699366
31162,ENSG00000117155,SSX2IP,Q9Y2D8,S,29,0.225192137993342
31163,ENSG00000170180,GYPA,P02724,S,138,0.332686345017245
31167,ENSG00000121749,TBC1D15,Q8TC07,S,205,0.367990849528068
31169,ENSG00000184304,PRKD1,Q15139,S,218,0.209262542355377
31171,ENSG00000149273,RPS3,P23396,S,104,0.340924051247198
31172,ENSG00000134905,CARS2,Q9HA77,S,545,0.167537531101644
31173,ENSG00000141540,TTYH2,Q9BSA4,S,504,0.557002011603896
31174,ENSG00000078269,SYNJ2,O15056,S,1433,0.237642144530397
31175,ENSG00000143420,ENSA,O43768,S,108,0.619770400231098
31176,ENSG00000080503,SMARCA2,P51531,S,587,0.178135743113468
31177,ENSG00000154310,TNIK,Q9UKE5,S,764,0.422562373569351
31178,ENSG00000149262,INTS4,Q96HW7,S,600,0.196685835098024
31180,ENSG00000167522,ANKRD11,Q6UB99,S,609,0.241635540947749
31181,ENSG00000181163,NPM1,P06748,T,234,0.826508500273972
31182,ENSG00000131558,EXOC4,Q96A65,S,410,0.284050016246795
31183,ENSG00000071894,CPSF1,Q10570,T,739,0.229277266031508
31184,ENSG00000105939,ZC3HAV1,Q7Z2W4,S,257,0.574859280488604
31186,ENSG00000163513,TGFBR2,P37173,S,553,0.49071919718821
31189,ENSG00000058729,RIOK2,Q9BVS4,S,350,0.370235565615094
31190,ENSG00000091129,NRCAM,Q92823,S,1251,0.369502987862239
31192,ENSG00000131381,RBSN,Q9H1K0,S,235,0.153754918245222
31193,ENSG00000091436,MAP3K20,Q9NYL2,S,685,0.330163480849196
31194,ENSG00000170004,CHD3,Q12873,S,713,0.403714341436843
31196,ENSG00000099290,WASHC2A,Q641Q2,T,1092,0.21026528316885
31198,ENSG00000075391,RASAL2,Q9UJF2,S,891,0.311625108771435
31199,ENSG00000165819,METTL3,Q86U44,T,45,0.136746435880124
31200,ENSG00000132466,ANKRD17,O75179,S,1696,0.328878707688418
31202,ENSG00000144747,TMF1,P82094,S,925,0.22174757811798
31203,ENSG00000166734,CASC4,Q6P4E1,S,319,0.222126345951106
31204,ENSG00000181826,RELL1,Q8IUW5,S,249,0.111748161204018
31207,ENSG00000053254,FOXN3,O00409,S,85,0.534742173350242
31209,ENSG00000125414,MYH2,Q9UKX2,S,625,0.162916411126833
31210,ENSG00000178761,FAM219B,Q5XKK7,S,127,0.625949094188001
31212,ENSG00000151208,DLG5,Q8TDM6,S,864,0.047764209984776
31213,ENSG00000171467,ZNF318,Q5VUA4,S,207,0.377736939247557
31215,ENSG00000102572,STK24,Q9Y6E0,S,442,0.10677943666259
31216,ENSG00000170006,TMEM154,Q6P9G4,S,179,0.424691562381516
31222,ENSG00000151694,ADAM17,P78536,S,786,0.0991474573875362
31223,ENSG00000175745,NR2F1,P10589,T,51,0.581794824315668
31225,ENSG00000151474,FRMD4A,Q9P2Q2,T,641,0.216646881539956
31226,ENSG00000162522,KIAA1522,Q9P206,S,96,0.283651187489874
31229,ENSG00000131016,AKAP12,Q02952,S,780,0.294777615547022
31230,ENSG00000079134,THOC1,Q96FV9,T,4,0.433197777367501
31231,ENSG00000157107,FCHO2,Q0JRZ9,S,682,0.0760967663691587
31233,ENSG00000087510,TFAP2C,Q92754,S,434,0.486866576039028
31234,ENSG00000115325,DOK1,Q99704,S,313,0.301702249668806
31235,ENSG00000105397,TYK2,P29597,S,884,0.18781119705739
31238,ENSG00000175920,DOK7,Q18PE1,S,419,0.404824814738419
31241,ENSG00000197822,OCLN,Q16625,S,310,0.499593073713588
31242,ENSG00000108439,PNPO,Q9NVS9,S,165,0.381067763917685
31244,ENSG00000187840,EIF4EBP1,Q13541,T,37,0.64420144773782
31245,ENSG00000131016,AKAP12,Q02952,S,783,0.209149815845638
31248,ENSG00000213672,NCKIPSD,Q9NZQ3,S,150,0.0879853786957554
31249,ENSG00000136935,GOLGA1,Q92805,S,30,0.462307818359172
31250,ENSG00000111676,ATN1,P54259,S,896,0.460323402087046
31254,ENSG00000137815,RTF1,Q92541,T,55,0.353970388532072
31256,ENSG00000165195,PIGA,P37287,S,21,0.447720875610398
31257,ENSG00000095637,SORBS1,Q9BX66,S,228,0.109909177528072
31258,ENSG00000141503,MINK1,Q8N4C8,S,754,0.184802430602447
31260,ENSG00000162702,ZNF281,Q9Y2X9,S,255,0.413947075888242
31261,ENSG00000165655,ZNF503,Q96F45,S,285,0.203886780131324
31262,ENSG00000137880,GCHFR,P30047,Y,45,0.391857126132052
31263,ENSG00000170004,CHD3,Q12873,S,324,0.301862621811843
31266,ENSG00000254087,LYN,P07948,Y,508,0.925563788709708
31268,ENSG00000047849,MAP4,P27816,T,620,0.0967467431077211
31269,ENSG00000130254,SAFB2,Q14151,S,886,0.278331224806319
31270,ENSG00000139641,ESYT1,Q9BSJ8,S,820,0.482856241970066
31273,ENSG00000170473,PYM1,Q9BRP8,T,25,0.512402551964185
31274,ENSG00000106028,SSBP1,Q04837,Y,99,0.461946316329896
31276,ENSG00000187257,RSBN1L,Q6PCB5,S,103,0.141298575897138
31277,ENSG00000129173,E2F8,A0AVK6,S,416,0.336617061652999
31278,ENSG00000144369,FAM171B,Q6P995,T,585,0.153307538838161
31279,ENSG00000141252,VPS53,Q5VIR6,S,377,0.427350754522883
31280,ENSG00000133030,MPRIP,Q6WCQ1,S,360,0.274925335929565
31281,ENSG00000156030,ELMSAN1,Q6PJG2,S,709,0.234452219706906
31284,ENSG00000100418,DESI1,Q6ICB0,S,25,0.487624432113629
31285,ENSG00000152104,PTPN14,Q15678,S,614,0.174439708464448
31286,ENSG00000166317,SYNPO2L,Q9H987,S,945,0.168388953079769
31289,ENSG00000128731,HERC2,O95714,S,1601,0.185743972568799
31290,ENSG00000154864,PIEZO2,Q9H5I5,S,2054,0.141638919664126
31291,ENSG00000104946,TBC1D17,Q9HA65,T,620,0.444260200610183
31292,ENSG00000019144,PHLDB1,Q86UU1,S,693,0.229739741596029
31293,ENSG00000051825,MPHOSPH9,Q99550,S,994,0.38254298192245
31294,ENSG00000039560,RAI14,Q9P0K7,S,281,0.645923350237908
31295,ENSG00000008294,SPAG9,O60271,S,813,0.184306389127035
31298,ENSG00000057935,MTA3,Q9BTC8,S,422,0.315791715592563
31301,ENSG00000164684,ZNF704,Q6ZNC4,S,97,0.396114584950043
31304,ENSG00000244486,SCARF2,Q96GP6,S,710,0.269469125902264
31305,ENSG00000159753,CARMIL2,Q6F5E8,S,993,0.319033376515373
31307,ENSG00000115112,TFCP2L1,Q9NZI6,S,37,0.360733156686999
31309,ENSG00000099381,SETD1A,O15047,T,1088,0.123288380776976
31310,ENSG00000135540,NHSL1,Q5SYE7,S,662,0.160521410112278
31312,ENSG00000033327,GAB2,Q9UQC2,S,132,0.110248690980644
31313,ENSG00000136068,FLNB,O75369,S,1916,0.301479177132465
31316,ENSG00000170471,RALGAPB,Q86X10,S,415,0.119456839588782
31317,ENSG00000105486,LIG1,P18858,S,913,0.444099076372686
31319,ENSG00000095370,SH2D3C,Q8N5H7,S,22,0.278087040484753
31321,ENSG00000078114,NEBL,O76041,S,949,0.131948345287614
31324,ENSG00000185008,ROBO2,Q9HCK4,S,1140,0.157947600786391
31327,ENSG00000079819,EPB41L2,O43491,S,562,0.166321274406101
31328,ENSG00000164327,RICTOR,Q6R327,Y,1386,0.379849855367022
31330,ENSG00000186318,BACE1,P56817,S,498,0.607980999905198
31332,ENSG00000139718,SETD1B,Q9UPS6,T,1425,0.443110494077856
31334,ENSG00000132604,TERF2,Q15554,S,410,0.418239278926722
31335,ENSG00000179918,SEPHS2,Q99611,S,448,0.150205001673267
31339,ENSG00000176986,SEC24C,P53992,S,890,0.131276876981718
31341,ENSG00000067365,METTL22,Q9BUU2,S,40,0.150351829274537
31342,ENSG00000153827,TRIP12,Q14669,S,1078,0.193539845226891
31343,ENSG00000109819,PPARGC1A,Q9UBK2,S,266,0.492794187051036
31344,ENSG00000144824,PHLDB2,Q86SQ0,T,1110,0.18555970205221
31345,ENSG00000146112,PPP1R18,Q6NYC8,S,530,0.304462241191039
31348,ENSG00000142599,RERE,Q9P2R6,S,675,0.271503059868674
31350,ENSG00000140563,MCTP2,Q6DN12,T,739,0.143133257340467
31351,ENSG00000033327,GAB2,Q9UQC2,S,210,0.52312178443528
31352,ENSG00000135362,PRR5L,Q6MZQ0,S,29,0.446056338922657
31355,ENSG00000197892,KIF13B,Q9NQT8,S,661,0.233474925166448
31356,ENSG00000148498,PARD3,Q8TEW0,S,967,0.188804077027941
31357,ENSG00000100629,CEP128,Q6ZU80,S,86,0.137357907925614
31358,ENSG00000185950,IRS2,Q9Y4H2,S,985,0.148023162882791
31359,ENSG00000184640,SEPT9,Q9UHD8,T,255,0.366498959327729
31360,ENSG00000131746,TNS4,Q8IZW8,S,416,0.272466966818545
31362,ENSG00000163346,PBXIP1,Q96AQ6,S,550,0.10758488287289
31364,ENSG00000149527,PLCH2,O75038,S,1256,0.182602569201129
31365,ENSG00000103194,USP10,Q14694,S,218,0.223967296865794
31366,ENSG00000136492,BRIP1,Q9BX63,S,930,0.305446176422871
31372,ENSG00000101213,PTK6,Q13882,Y,342,0.595266462717517
31375,ENSG00000196935,SRGAP1,Q7Z6B7,S,829,0.0902343661447161
31378,ENSG00000099783,HNRNPM,P52272,S,86,0.503681061217396
31381,ENSG00000267796,LIN37,Q96GY3,T,167,0.435975574518954
31382,ENSG00000080298,RFX3,P48380,S,260,0.395969146306798
31383,ENSG00000165215,CLDN3,O15551,S,199,0.362033302861677
31385,ENSG00000125459,MSTO1,Q9BUK6,S,495,0.271696711681555
31388,ENSG00000120899,PTK2B,Q14289,S,746,0.234707784726747
31390,ENSG00000134278,SPIRE1,Q08AE8,S,523,0.38025702453131
31395,ENSG00000163697,APBB2,Q92870,S,412,0.399635246576148
31396,ENSG00000152104,PTPN14,Q15678,S,463,0.340090833369056
31397,ENSG00000151491,EPS8,Q12929,S,517,0.253925438065359
31398,ENSG00000198961,PJA2,O43164,S,282,0.18362901483842
31399,ENSG00000143702,CEP170,Q5SW79,S,312,0.199781266379702
31400,ENSG00000004660,CAMKK1,Q8N5S9,T,93,0.157525748403905
31401,ENSG00000111912,NCOA7,Q8NI08,S,609,0.0993986931929276
31402,ENSG00000135540,NHSL1,Q5SYE7,S,568,0.140471488019187
31405,ENSG00000196132,MYT1,Q01538,S,105,0.130031876713218
31406,ENSG00000139116,KIF21A,Q7Z4S6,S,1673,0.242651605834558
31407,ENSG00000170471,RALGAPB,Q86X10,S,726,0.307835092442499
31410,ENSG00000148426,PROSER2,Q86WR7,S,215,0.564521935346054
31412,ENSG00000173210,ABLIM3,O94929,S,493,0.523356906119398
31413,ENSG00000171992,SYNPO,Q8N3V7,S,882,0.200811886911082
31415,ENSG00000133030,MPRIP,Q6WCQ1,S,292,0.450646618866549
31417,ENSG00000137843,PAK6,Q9NQU5,S,246,0.460385484517749
31418,ENSG00000104497,SNX16,P57768,S,70,0.454885899945178
31419,ENSG00000102893,PHKB,Q93100,S,34,0.213056027055296
31420,ENSG00000197822,OCLN,Q16625,S,358,0.448771769795007
31422,ENSG00000031823,RANBP3,Q9H6Z4,S,35,0.126774713422142
31426,ENSG00000011426,ANLN,Q9NQW6,T,194,0.386795686254982
31427,ENSG00000173320,STOX2,Q9P2F5,S,172,0.199391923376112
31428,ENSG00000138347,MYPN,Q86TC9,S,644,0.315225655746883
31429,ENSG00000050405,LIMA1,Q9UHB6,S,604,0.466373387408734
31434,ENSG00000198160,MIER1,Q8N108,S,160,0.471836191305125
31435,ENSG00000154133,ROBO4,Q8WZ75,S,684,0.167577365197254
31439,ENSG00000124260,MAGEA10,P43363,S,116,0.383051940540853
31440,ENSG00000196935,SRGAP1,Q7Z6B7,S,820,0.264297092472996
31442,ENSG00000099625,CBARP,Q8N350,S,699,0.449866773738958
31443,ENSG00000103222,ABCC1,P33527,S,918,0.277166326226884
31444,ENSG00000106635,BCL7B,Q9BQE9,S,122,0.504642236864814
31447,ENSG00000172037,LAMB2,P55268,S,1548,0.0961112148373189
31450,ENSG00000168137,SETD5,Q9C0A6,T,1200,0.0730766084357856
31451,ENSG00000080845,DLGAP4,Q9Y2H0,S,405,0.142965729945768
31452,ENSG00000215251,FASTKD5,Q7L8L6,S,95,0.399177494336559
31455,ENSG00000197763,TXNRD3,Q86VQ6,S,8,0.214365277989643
31456,ENSG00000133195,SLC39A11,Q8N1S5,S,153,0.177177560407762
31458,ENSG00000155744,FAM126B,Q8IXS8,S,450,0.228367870163733
31460,ENSG00000107862,GBF1,Q92538,S,1298,0.588544856802311
31461,ENSG00000100650,SRSF5,Q13243,S,90,0.440173513708905
31462,ENSG00000178209,PLEC,Q15149,S,4672,0.253854966199492
31463,ENSG00000136536,MARCH7,Q9H992,S,389,0.310889908717892
31464,ENSG00000008277,ADAM22,Q9P0K1,S,855,0.94121808704859
31467,ENSG00000065548,ZC3H15,Q8WU90,S,351,0.379009118904836
31468,ENSG00000166169,POLL,Q9UGP5,T,173,0.284346879684497
31470,ENSG00000198758,EPS8L3,Q8TE67,S,444,0.188205846651191
31472,ENSG00000160972,PPP1R16A,Q96I34,S,433,0.571060620236648
31473,ENSG00000204469,PRRC2A,P48634,S,19,0.214774595800043
31474,ENSG00000175084,DES,P17661,S,460,0.150511834681638
31476,ENSG00000119906,SLF2,Q8IX21,S,317,0.313746345404267
31478,ENSG00000174485,DENND4A,Q7Z401,S,1128,0.222803824576358
31479,ENSG00000196535,MYO18A,Q92614,S,102,0.281839020864784
31480,ENSG00000067334,DNTTIP2,Q5QJE6,S,273,0.129281457936761
31481,ENSG00000159840,ZYX,Q15942,S,206,0.466818175687115
31483,ENSG00000101605,MYOM1,P52179,S,1177,0.179767768401902
31484,ENSG00000012983,MAP4K5,Q9Y4K4,Y,401,0.377940221189997
31486,ENSG00000180198,RCC1,P18754,S,104,0.479757393800144
31487,ENSG00000050327,ARHGEF5,A5YM69,S,184,0.476775482548843
31488,ENSG00000185567,AHNAK2,Q8IVF2,S,4785,0.146849940918083
31489,ENSG00000132613,MTSS1L,Q765P7,T,622,0.0816109036946813
31497,ENSG00000175224,ATG13,O75143,S,353,0.107657540041366
31499,ENSG00000108984,MAP2K6,P52564,T,28,0.599048862456949
31500,ENSG00000135540,NHSL1,Q5SYE7,S,941,0.207552602475001
31501,ENSG00000170011,MYRIP,Q8NFW9,S,350,0.24081713944258
31502,ENSG00000083168,KAT6A,Q92794,S,1861,0.260049850746921
31504,ENSG00000163104,SMARCAD1,Q9H4L7,S,239,0.313182600505037
31507,ENSG00000119318,RAD23B,P54727,S,166,0.281191984693142
31509,ENSG00000139637,C12orf10,Q9HB07,S,39,0.440915510922267
31510,ENSG00000166902,MRPL16,Q9NX20,S,38,0.294885978112522
31511,ENSG00000101079,NDRG3,Q9UGV2,S,374,0.29865931001078
31512,ENSG00000099385,BCL7C,Q8WUZ0,T,157,0.104744134581252
31518,ENSG00000134369,NAV1,Q8NEY1,S,1405,0.131801648243003
31522,ENSG00000122299,ZC3H7A,Q8IWR0,S,316,0.229414714190006
31524,ENSG00000115306,SPTBN1,Q01082,S,2122,0.0842342727589919
31526,ENSG00000197380,DACT3,Q96B18,S,505,0.196414738043278
31527,ENSG00000116991,SIPA1L2,Q9P2F8,T,1086,0.271053483895839
31528,ENSG00000130176,CNN1,P51911,T,184,0.301457191154911
31531,ENSG00000155275,TRMT44,Q8IYL2,S,533,0.426513374716262
31532,ENSG00000106263,EIF3B,P55884,S,154,0.601109349960035
31533,ENSG00000174672,BRSK2,Q8IWQ3,S,294,0.169700962218195
31537,ENSG00000188112,C6orf132,Q5T0Z8,S,1106,0.138796876884773
31538,ENSG00000164970,FAM219A,Q8IW50,S,28,0.157254233002257
31540,ENSG00000136819,C9orf78,Q9NZ63,S,15,0.670539373472469
31541,ENSG00000148773,MKI67,P46013,S,1291,0.213656233135884
31545,ENSG00000100335,MIEF1,Q9NQG6,S,79,0.51853842115113
31552,ENSG00000114416,FXR1,P51114,S,499,0.263657917097227
31553,ENSG00000131725,WDR44,Q5JSH3,S,397,0.210357886205331
31554,ENSG00000147650,LRP12,Q9Y561,S,749,0.389010388350025
31556,ENSG00000119508,NR4A3,Q92570,S,279,0.424139336176241
31564,ENSG00000128881,TTBK2,Q6IQ55,S,781,0.109385323515469
31565,ENSG00000008294,SPAG9,O60271,S,185,0.328282222734446
31566,ENSG00000104067,TJP1,Q07157,S,821,0.294345936903446
31567,ENSG00000167971,CASKIN1,Q8WXD9,S,935,0.227599276948009
31568,ENSG00000171467,ZNF318,Q5VUA4,S,1010,0.339644321866874
31569,ENSG00000170873,MTSS1,O43312,T,570,0.158201593042095
31573,ENSG00000154127,UBASH3B,Q8TF42,T,34,0.250612403707514
31577,ENSG00000130985,UBA1,P22314,S,820,0.306439722931527
31579,ENSG00000170248,PDCD6IP,Q8WUM4,S,718,0.808382758396435
31583,ENSG00000124177,CHD6,Q8TD26,S,24,0.157665617511692
31584,ENSG00000173166,RAPH1,Q70E73,T,1097,0.0704482123221979
31585,ENSG00000133985,TTC9,Q92623,S,15,0.476923489088374
31587,ENSG00000147548,NSD3,Q9BZ95,S,560,0.231261786488294
31589,ENSG00000021574,SPAST,Q9UBP0,S,92,0.144783437939932
31590,ENSG00000044574,HSPA5,P11021,T,525,0.211034931974761
31592,ENSG00000185666,SYN3,O14994,S,470,0.447650526243948
31593,ENSG00000044090,CUL7,Q14999,S,1128,0.0709499127953327
31594,ENSG00000182199,SHMT2,P34897,S,226,0.116297298863807
31595,ENSG00000030066,NUP160,Q12769,S,1147,0.185803870777545
31596,ENSG00000150712,MTMR12,Q9C0I1,S,699,0.228660359166402
31599,ENSG00000170873,MTSS1,O43312,S,276,0.282849153928173
31600,ENSG00000167302,TEPSIN,Q96N21,S,333,0.242250905132533
31601,ENSG00000124160,NCOA5,Q9HCD5,S,381,0.388639178466561
31603,ENSG00000138688,KIAA1109,Q2LD37,S,1361,0.286637884096165
31605,ENSG00000151208,DLG5,Q8TDM6,S,1021,0.348203187683963
31606,ENSG00000198399,ITSN2,Q9NZM3,S,887,0.244867554973349
31607,ENSG00000100154,TTC28,Q96AY4,S,47,0.252815519180955
31609,ENSG00000204175,GPRIN2,O60269,S,24,0.525696648514879
31610,ENSG00000076826,CAMSAP3,Q9P1Y5,S,1080,0.44000441246326
31615,ENSG00000011132,APBA3,O96018,S,46,0.149106082522849
31616,ENSG00000144867,SRPRB,Q9Y5M8,T,214,0.52596290408076
31617,ENSG00000103319,EEF2K,O00418,T,348,0.393622983469626
31618,ENSG00000065268,WDR18,Q9BV38,S,368,0.344652891465211
31623,ENSG00000182196,ARL6IP4,Q66PJ3,S,241,0.436231228518882
31625,ENSG00000133619,KRBA1,A5PL33,S,288,0.143874386012105
31626,ENSG00000170471,RALGAPB,Q86X10,T,1302,0.0808975196946722
31629,ENSG00000142864,SERBP1,Q8NC51,S,330,0.639306398188708
31631,ENSG00000140750,ARHGAP17,Q68EM7,T,164,0.112097831823929
31633,ENSG00000132382,MYBBP1A,Q9BQG0,S,743,0.263341498148194
31634,ENSG00000186871,ERCC6L,Q2NKX8,S,1117,0.109670523670228
31635,ENSG00000179889,PDXDC1,Q6P996,S,737,0.309801364379249
31637,ENSG00000132549,VPS13B,Q7Z7G8,S,3949,0.135947604782085
31638,ENSG00000089199,CHGB,P05060,S,617,0.379696813347915
31640,ENSG00000165392,WRN,Q14191,S,478,0.116007473297433
31641,ENSG00000131016,AKAP12,Q02952,S,787,0.183115482292457
31643,ENSG00000146457,WTAP,Q15007,T,287,0.176978101427588
31644,ENSG00000125414,MYH2,Q9UKX2,T,629,0.180112508548922
31645,ENSG00000116127,ALMS1,Q8TCU4,S,92,0.175294510458542
31646,ENSG00000114423,CBLB,Q13191,S,483,0.305002372374611
31648,ENSG00000111077,TNS2,Q63HR2,Y,483,0.810095737023832
31651,ENSG00000149289,ZC3H12C,Q9C0D7,S,123,0.284402504823462
31654,ENSG00000136826,KLF4,O43474,T,316,0.258404791174212
31655,ENSG00000174780,SRP72,O76094,S,630,0.432168105790715
31656,ENSG00000123146,ADGRE5,P48960,S,833,0.299927687921342
31657,ENSG00000068323,TFE3,P19532,S,568,0.726548295889853
31658,ENSG00000102974,CTCF,P49711,T,717,0.425890027474124
31659,ENSG00000095319,NUP188,Q5SRE5,S,1257,0.155805157969607
31661,ENSG00000091436,MAP3K20,Q9NYL2,S,649,0.266952026865845
31665,ENSG00000140403,DNAJA4,Q8WW22,S,18,0.562229954479998
31666,ENSG00000085563,ABCB1,P08183,S,655,0.0798215040561941
31668,ENSG00000114423,CBLB,Q13191,S,800,0.183682319519659
31669,ENSG00000164576,SAP30L,Q9HAJ7,T,92,0.59162186075129
31671,ENSG00000075539,FRYL,O94915,T,2547,0.276409934060018
31673,ENSG00000130396,AFDN,P55196,T,1136,0.211513345299282
31675,ENSG00000122484,RPAP2,Q8IXW5,S,352,0.201130234028291
31677,ENSG00000151503,NCAPD3,P42695,S,520,0.100324770515094
31678,ENSG00000168488,ATXN2L,Q8WWM7,T,681,0.445756959905257
31680,ENSG00000197249,SERPINA1,P01009,S,38,0.259603997535343
31682,ENSG00000066405,CLDN18,P56856,S,217,0.358166847992045
31683,ENSG00000182087,TMEM259,Q4ZIN3,T,29,0.26191120801366
31685,ENSG00000157077,ZFYVE9,O95405,S,48,0.118615340761121
31687,ENSG00000072121,ZFYVE26,Q68DK2,T,1105,0.188583172243179
31688,ENSG00000001461,NIPAL3,Q6P499,S,361,0.34618533447953
31692,ENSG00000171316,CHD7,Q9P2D1,T,2551,0.301398612058994
31694,ENSG00000152291,TGOLN2,O43493,S,315,0.162482959894423
31695,ENSG00000079313,REXO1,Q8N1G1,S,913,0.323477745767511
31696,ENSG00000144283,PKP4,Q99569,T,1017,0.239461425993082
31699,ENSG00000155592,ZKSCAN2,Q63HK3,S,136,0.299393650290365
31703,ENSG00000165650,PDZD8,Q8NEN9,S,967,0.388787755956493
31709,ENSG00000151612,ZNF827,Q17R98,S,961,0.0905814674711378
31712,ENSG00000083168,KAT6A,Q92794,T,1144,0.318708149323243
31715,ENSG00000130479,MAP1S,Q66K74,S,762,0.170084291347385
31718,ENSG00000135298,ADGRB3,O60242,S,1220,0.207278351798211
31719,ENSG00000004534,RBM6,P78332,S,912,0.478835304912973
31722,ENSG00000023892,DEF6,Q9H4E7,S,581,0.401771910736146
31723,ENSG00000149187,CELF1,Q92879,S,28,0.430853977775659
31725,ENSG00000143398,PIP5K1A,Q99755,S,72,0.109490170142332
31726,ENSG00000144535,DIS3L2,Q8IYB7,S,173,0.343124440591938
31727,ENSG00000167302,TEPSIN,Q96N21,S,455,0.439286973984686
31729,ENSG00000196531,NACA,E9PAV3,S,1066,0.133834396542581
31730,ENSG00000164879,CA3,P07451,S,242,0.163824895930243
31731,ENSG00000181163,NPM1,P06748,S,260,0.48803128900736
31732,ENSG00000183160,TMEM119,Q4V9L6,S,151,0.204455257103942
31733,ENSG00000053918,KCNQ1,P51787,S,468,0.666430547751526
31734,ENSG00000081277,PKP1,Q13835,Y,71,0.41830522196867
31735,ENSG00000116604,MEF2D,Q14814,S,471,0.360870770512027
31738,ENSG00000128487,SPECC1,F8WAN1,S,54,0.0989554134079164
31740,ENSG00000134697,GNL2,Q13823,S,581,0.422212856738499
31741,ENSG00000102781,KATNAL1,Q9BW62,S,174,0.187972309814188
31743,ENSG00000143164,DCAF6,Q58WW2,S,847,0.257199056651857
31744,ENSG00000043591,ADRB1,P08588,S,428,0.388996436257444
31745,ENSG00000071051,NCK2,O43639,T,95,0.393943283980408
31746,ENSG00000163399,ATP1A1,P05023,S,452,0.324231013205458
31750,ENSG00000198682,PAPSS2,O95340,T,579,0.169585279401315
31753,ENSG00000105245,NUMBL,Q9Y6R0,S,228,0.447414020576908
31756,ENSG00000052749,RRP12,Q5JTH9,S,118,0.377218946156414
31757,ENSG00000159140,SON,P18583,T,97,0.0231579080692363
31758,ENSG00000075413,MARK3,P27448,S,374,0.443444023875602
31759,ENSG00000109118,PHF12,Q96QT6,S,133,0.279249922339377
31764,ENSG00000011426,ANLN,Q9NQW6,S,795,0.220601608410326
31767,ENSG00000277443,MARCKS,P29966,S,83,0.263612014781891
31769,ENSG00000124942,AHNAK,Q09666,S,5762,0.247610992600291
31770,ENSG00000068024,HDAC4,P56524,S,214,0.171307805170666
31771,ENSG00000149596,JPH2,Q9BR39,S,235,0.260213300030287
31772,ENSG00000130829,DUSP9,Q99956,S,356,0.116167490002241
31774,ENSG00000100578,KIAA0586,Q9BVV6,S,321,0.190269593118135
31775,ENSG00000011132,APBA3,O96018,S,9,0.461479375630524
31778,ENSG00000167978,SRRM2,Q9UQ35,S,782,0.289238848403739
31779,ENSG00000109458,GAB1,Q13480,T,390,0.120008787084211
31780,ENSG00000154358,OBSCN,Q5VST9,S,2326,0.143894208162378
31781,ENSG00000168781,PPIP5K1,Q6PFW1,S,1006,0.128729526194921
31784,ENSG00000008517,IL32,P24001,S,133,0.199516750113057
31786,ENSG00000215421,ZNF407,Q9C0G0,S,994,0.211727317778377
31787,ENSG00000125898,FAM110A,Q9BQ89,S,229,0.219656004769085
31789,ENSG00000099260,PALMD,Q9NP74,Y,262,0.647518945482165
31790,ENSG00000170180,GYPA,P02724,T,133,0.290112108594637
31791,ENSG00000102908,NFAT5,O94916,T,135,0.497385743362819
31793,ENSG00000182768,NGRN,Q9NPE2,S,243,0.411307238944271
31797,ENSG00000023171,GRAMD1B,Q3KR37,T,587,0.308098400501937
31798,ENSG00000143970,ASXL2,Q76L83,T,523,0.0835145563793551
31803,ENSG00000143621,ILF2,Q12905,S,68,0.3153442449167
31804,ENSG00000142208,AKT1,P31749,S,477,0.538743645263945
31805,ENSG00000175203,DCTN2,Q13561,S,320,0.381477179627939
31807,ENSG00000173614,NMNAT1,Q9HAN9,S,117,0.539168098354946
31809,ENSG00000165813,CCDC186,Q7Z3E2,S,747,0.0780468116626655
31813,ENSG00000136026,CKAP4,Q07065,S,86,0.105877921371258
31815,ENSG00000110713,NUP98,P52948,S,635,0.246283897819579
31816,ENSG00000115648,MLPH,Q9BV36,T,313,0.422128926812953
31820,ENSG00000277443,MARCKS,P29966,S,134,0.292197076988375
31821,ENSG00000143322,ABL2,P42684,S,817,0.468634957827695
31824,ENSG00000050820,BCAR1,P56945,Y,327,0.784016761064783
31826,ENSG00000110048,OSBP,P22059,S,338,0.260600093075384
31827,ENSG00000104081,BMF,Q96LC9,S,77,0.433202131020453
31828,ENSG00000170006,TMEM154,Q6P9G4,S,181,0.12598490683735
31829,ENSG00000139220,PPFIA2,O75334,S,687,0.167398466929588
31834,ENSG00000197265,GTF2E2,P29084,S,61,0.315080815562753
31835,ENSG00000164684,ZNF704,Q6ZNC4,S,114,0.200328519948705
31839,ENSG00000124486,USP9X,Q93008,S,588,0.293161750784371
31841,ENSG00000137497,NUMA1,Q14980,S,1833,0.215931757438124
31842,ENSG00000104529,EEF1D,P29692,T,129,0.55443794977735
31843,ENSG00000111731,C2CD5,Q86YS7,T,666,0.271620912749164
31844,ENSG00000140534,TICRR,Q7Z2Z1,T,1134,0.361342685982956
31845,ENSG00000175591,P2RY2,P41231,S,341,0.216538068166644
31846,ENSG00000136546,SCN7A,Q01118,S,840,0.0723224116311791
31847,ENSG00000112685,EXOC2,Q96KP1,S,404,0.212387689525162
31848,ENSG00000123552,USP45,Q70EL2,S,524,0.172566129800534
31850,ENSG00000135341,MAP3K7,O43318,S,331,0.123642322971376
31851,ENSG00000099625,CBARP,Q8N350,S,507,0.169737940418332
31853,ENSG00000170322,NFRKB,Q6P4R8,S,226,0.342097266785523
31855,ENSG00000105649,RAB3A,P20336,S,188,0.286128401538651
31856,ENSG00000197415,VEPH1,Q14D04,S,380,0.186140983641132
31858,ENSG00000185187,SIGIRR,Q6IA17,S,382,0.431765154776227
31859,ENSG00000158467,AHCYL2,Q96HN2,S,165,0.385484032871122
31861,ENSG00000176463,SLCO3A1,Q9UIG8,T,672,0.321413329824196
31862,ENSG00000152558,TMEM123,Q8N131,T,200,0.619576669893732
31863,ENSG00000182742,HOXB4,P17483,S,46,0.248813052384735
31866,ENSG00000132694,ARHGEF11,O15085,S,1411,0.169630390260778
31868,ENSG00000196628,TCF4,P15884,T,347,0.311639523333698
31871,ENSG00000035928,RFC1,P35251,S,1104,0.4156806526412
31873,ENSG00000113387,SUB1,P53999,S,104,0.463578062718479
31874,ENSG00000213658,LAT,O43561,S,43,0.329430846780632
31875,ENSG00000138434,SSFA2,P28290,S,704,0.293394516208691
31877,ENSG00000164209,SLC25A46,Q96AG3,T,45,0.605650544141201
31878,ENSG00000100302,RASD2,Q96D21,S,239,0.553994320899962
31880,ENSG00000103550,KNOP1,Q1ED39,S,132,0.41867897468367
31881,ENSG00000133056,PIK3C2B,O00750,S,308,0.1647220639925
31884,ENSG00000169857,AVEN,Q9NQS1,S,308,0.194670034747245
31885,ENSG00000172995,ARPP21,Q9UBL0,S,138,0.305134641051618
31887,ENSG00000136286,MYO1G,B0I1T2,S,583,0.135954762570218
31888,ENSG00000133226,SRRM1,Q8IYB3,S,694,0.240060742960646
31889,ENSG00000064999,ANKS1A,Q92625,S,620,0.308095273379705
31890,ENSG00000039523,RIPOR1,Q6ZS17,S,334,0.0870223107391829
31892,ENSG00000115568,ZNF142,P52746,S,962,0.123316463695251
31893,ENSG00000160789,LMNA,P02545,S,568,0.140427030388063
31898,ENSG00000140992,PDPK1,O15530,T,37,0.430233721352496
31899,ENSG00000103994,ZNF106,Q9H2Y7,T,1372,0.28042818479557
31901,ENSG00000170873,MTSS1,O43312,S,569,0.173089647703812
31902,ENSG00000100284,TOM1,O60784,S,464,0.419972226505602
31903,ENSG00000145725,PPIP5K2,O43314,S,1006,0.59233082868724
31906,ENSG00000179820,MYADM,Q96S97,S,22,0.511499654001963
31907,ENSG00000107164,FUBP3,Q96I24,S,569,0.466741374087476
31908,ENSG00000113368,LMNB1,P20700,S,305,0.380877505926841
31912,ENSG00000253293,HOXA10,P31260,S,322,0.151447867980563
31917,ENSG00000204219,TCEA3,O75764,S,139,0.524420784376264
31920,ENSG00000181544,FANCB,Q8NB91,S,456,0.23222223530442
31921,ENSG00000120733,KDM3B,Q7LBC6,S,291,0.215259225427679
31923,ENSG00000006712,PAF1,Q8N7H5,S,117,0.320509195477777
31924,ENSG00000127947,PTPN12,Q05209,T,587,0.259717736703543
31926,ENSG00000008086,CDKL5,O76039,S,761,0.173591156485959
31928,ENSG00000143390,RFX5,P48382,S,308,0.410441263810178
31929,ENSG00000170345,FOS,P01100,S,374,0.738334035264295
31930,ENSG00000164736,SOX17,Q9H6I2,S,302,0.217816397554755
31931,ENSG00000150764,DIXDC1,Q155Q3,S,231,0.106141953800959
31932,ENSG00000164323,CFAP97,Q9P2B7,S,330,0.285187000777542
31934,ENSG00000018510,AGPS,O00116,T,82,0.256288369894771
31935,ENSG00000080200,CRYBG3,Q68DQ2,S,2104,0.130313622965004
31938,ENSG00000168575,SLC20A2,Q08357,S,261,0.29851481814995
31942,ENSG00000131711,MAP1B,P46821,S,336,0.712343066604283
31943,ENSG00000177354,C10orf71,Q711Q0,S,252,0.146651331824844
31944,ENSG00000117036,ETV3,P41162,S,139,0.447956241214831
31945,ENSG00000161638,ITGA5,P08648,S,128,0.346326129017778
31946,ENSG00000130294,KIF1A,Q12756,S,416,0.365339485449056
31947,ENSG00000184792,OSBP2,Q969R2,S,284,0.254052344956387
31952,ENSG00000138193,PLCE1,Q9P212,S,1688,0.0918441284992215
31953,ENSG00000152422,XRCC4,Q13426,S,327,0.530911640768147
31957,ENSG00000124772,CPNE5,Q9HCH3,T,583,0.236346241262605
31959,ENSG00000079691,CARMIL1,Q5VZK9,S,1165,0.0940481239247034
31963,ENSG00000103994,ZNF106,Q9H2Y7,S,1315,0.204706726117141
31965,ENSG00000076826,CAMSAP3,Q9P1Y5,T,525,0.280163044865085
31968,ENSG00000184640,SEPT9,Q9UHD8,S,327,0.512074791524668
31969,ENSG00000124198,ARFGEF2,Q9Y6D5,S,617,0.25469142362996
31970,ENSG00000175130,MARCKSL1,P49006,S,117,0.346639453177952
31971,ENSG00000176658,MYO1D,O94832,S,971,0.0908510682701158
31976,ENSG00000105732,ZNF574,Q6ZN55,S,717,0.407388208840393
31977,ENSG00000151292,CSNK1G3,Q9Y6M4,S,345,0.297907397883525
31984,ENSG00000166963,MAP1A,P78559,S,1812,0.173321480218105
31987,ENSG00000068354,TBC1D25,Q3MII6,S,506,0.460206347472153
31990,ENSG00000112739,PRPF4B,Q13523,S,622,0.195005826170818
31991,ENSG00000115163,CENPA,P49450,S,32,0.689459806723469
31992,ENSG00000148400,NOTCH1,P46531,S,2121,0.835554172241413
31993,ENSG00000185567,AHNAK2,Q8IVF2,S,3782,0.0670438613149886
31994,ENSG00000167676,PLIN4,Q96Q06,S,27,0.164437692692809
31998,ENSG00000144674,GOLGA4,Q13439,S,74,0.25038807376409
31999,ENSG00000165801,ARHGEF40,Q8TER5,S,984,0.178570153493095
32000,ENSG00000135049,AGTPBP1,Q9UPW5,S,1168,0.311478231487176
32002,ENSG00000086232,EIF2AK1,Q9BQI3,S,295,0.403390666423497
32003,ENSG00000187098,MITF,O75030,S,491,0.474678914016138
32006,ENSG00000183354,KIAA2026,Q5HYC2,S,1395,0.147310983386527
32009,ENSG00000127481,UBR4,Q5T4S7,S,2892,0.203945376339926
32010,ENSG00000166348,USP54,Q70EL1,S,1163,0.219914156547886
32011,ENSG00000067369,TP53BP1,Q12888,T,1055,0.207031008386164
32012,ENSG00000132694,ARHGEF11,O15085,S,1300,0.241790625072547
32014,ENSG00000104881,PPP1R13L,Q8WUF5,T,308,0.416854571569408
32015,ENSG00000169180,XPO6,Q96QU8,T,204,0.546159898245196
32017,ENSG00000140691,ARMC5,Q96C12,S,118,0.190868746546213
32018,ENSG00000187866,FAM122A,Q96E09,S,147,0.51697699338067
32023,ENSG00000105289,TJP3,O95049,T,325,0.236388894011677
32024,ENSG00000139350,NEDD1,Q8NHV4,T,550,0.502647253576404
32025,ENSG00000196199,MPHOSPH8,Q99549,T,496,0.385981669142341
32027,ENSG00000050405,LIMA1,Q9UHB6,S,599,0.244591892879317
32028,ENSG00000187735,TCEA1,P23193,S,97,0.583353455867858
32029,ENSG00000125637,PSD4,Q8NDX1,S,131,0.286881407889106
32030,ENSG00000145817,YIPF5,Q969M3,S,45,0.526207549002023
32032,ENSG00000163125,RPRD2,Q5VT52,S,16,0.236439295162796
32033,ENSG00000043093,DCUN1D1,Q96GG9,S,59,0.158419436548184
32034,ENSG00000008441,NFIX,Q14938,S,284,0.388926252126955
32035,ENSG00000147642,SYBU,Q9NX95,S,73,0.203264599111676
32038,ENSG00000164070,HSPA4L,O95757,S,587,0.18465269520752
32039,ENSG00000197265,GTF2E2,P29084,T,19,0.576734477607116
32047,ENSG00000184384,MAML2,Q8IZL2,S,471,0.220126448492456
32051,ENSG00000071205,ARHGAP10,A1A4S6,T,586,0.255218627873621
32054,ENSG00000135655,USP15,Q9Y4E8,S,242,0.447511553154978
32056,ENSG00000173230,GOLGB1,Q14789,S,1148,0.240868089825486
32058,ENSG00000167088,SNRPD1,P62314,S,73,0.299053676930096
32059,ENSG00000166016,ABTB2,Q8N961,S,67,0.217485857553742
32060,ENSG00000018510,AGPS,O00116,T,74,0.450075642830458
32061,ENSG00000104731,KLHDC4,Q8TBB5,S,62,0.722978341747422
32062,ENSG00000139734,DIAPH3,Q9NSV4,S,624,0.189855456119402
32063,ENSG00000204138,PHACTR4,Q8IZ21,T,349,0.258436470440067
32066,ENSG00000115592,PRKAG3,Q9UGI9,S,65,0.206948280033626
32068,ENSG00000173821,RNF213,Q63HN8,S,43,0.158243355762578
32069,ENSG00000105072,C19orf44,Q9H6X5,S,378,0.199361526713981
32073,ENSG00000099308,MAST3,O60307,S,935,0.38943195698295
32079,ENSG00000153071,DAB2,P98082,S,316,0.468083853162943
32080,ENSG00000137812,KNL1,Q8NG31,S,1845,0.38917898086361
32081,ENSG00000106554,CHCHD3,Q9NX63,S,58,0.450647944406937
32082,ENSG00000197381,ADARB1,P78563,S,42,0.239830045546094
32084,ENSG00000154556,SORBS2,O94875,T,188,0.323156192788112
32085,ENSG00000147548,NSD3,Q9BZ95,S,107,0.197658173997989
32086,ENSG00000101447,FAM83D,Q9H4H8,S,369,0.350041697743187
32087,ENSG00000134644,PUM1,Q14671,S,19,0.324704464802355
32090,ENSG00000186628,FSD2,A1L4K1,S,599,0.175802108780085
32094,ENSG00000146433,TMEM181,Q9P2C4,S,580,0.262103207443978
32096,ENSG00000242247,ARFGAP3,Q9NP61,S,369,0.410975569815201
32098,ENSG00000100629,CEP128,Q6ZU80,S,1043,0.294335291630604
32100,ENSG00000180448,ARHGAP45,Q92619,S,625,0.249125395655408
32102,ENSG00000106772,PRUNE2,Q8WUY3,S,774,0.0888038469453625
32104,ENSG00000132305,IMMT,Q16891,S,390,0.265636194672073
32105,ENSG00000170776,AKAP13,Q12802,S,399,0.142742370314395
32106,ENSG00000067225,PKM,P14618,Y,175,0.539029456924365
32107,ENSG00000078900,TP73,O15350,S,333,0.735496752069127
32108,ENSG00000146674,IGFBP3,P17936,S,148,0.467158977035384
32109,ENSG00000172380,GNG12,Q9UBI6,T,8,0.248107896324544
32110,ENSG00000134107,BHLHE40,O14503,S,383,0.635474586502904
32112,ENSG00000173548,SNX33,Q8WV41,S,146,0.110194538283744
32115,ENSG00000139990,DCAF5,Q96JK2,S,931,0.274099241865036
32118,ENSG00000143970,ASXL2,Q76L83,T,1302,0.0538715374380761
32119,ENSG00000136848,DAB2IP,Q5VWQ8,S,957,0.327381792246285
32122,ENSG00000132549,VPS13B,Q7Z7G8,S,1800,0.168678240937832
32125,ENSG00000149503,INCENP,Q9NQS7,S,899,0.777879918949005
32126,ENSG00000225663,MCRIP1,C9JLW8,S,21,0.907164591254125
32128,ENSG00000206557,TRIM71,Q2Q1W2,S,187,0.339782030438853
32131,ENSG00000086712,TXLNG,Q9NUQ3,T,102,0.499263362981165
32132,ENSG00000072310,SREBF1,P36956,T,426,0.924523070947933
32133,ENSG00000135636,DYSF,O75923,S,1729,0.117477574462132
32134,ENSG00000080824,HSP90AA1,P07900,S,709,0.29854009533603
32135,ENSG00000163995,ABLIM2,Q6H8Q1,S,17,0.352049055646579
32136,ENSG00000137818,RPLP1,P05386,S,101,0.718364276510676
32139,ENSG00000189319,FAM53B,Q14153,S,179,0.498183814916663
32142,ENSG00000131711,MAP1B,P46821,S,1764,0.111505654298552
32144,ENSG00000168096,ANKS3,Q6ZW76,S,415,0.113066164681654
32145,ENSG00000111554,MDM1,Q8TC05,S,683,0.44207043394962
32146,ENSG00000141424,SLC39A6,Q13433,S,498,0.228040532961276
32150,ENSG00000124782,RREB1,Q92766,T,523,0.189039630285726
32151,ENSG00000119321,FKBP15,Q5T1M5,S,295,0.158525781205377
32153,ENSG00000099385,BCL7C,Q8WUZ0,S,156,0.326092344128161
32154,ENSG00000171992,SYNPO,Q8N3V7,Y,789,0.350269205581354
32157,ENSG00000118473,SGIP1,Q9BQI5,S,486,0.525199048292344
32158,ENSG00000029725,RABEP1,Q15276,S,374,0.465697023630289
32159,ENSG00000180921,FAM83H,Q6ZRV2,S,1106,0.148682450868019
32160,ENSG00000159423,ALDH4A1,P30038,T,41,0.197844225138829
32162,ENSG00000217128,FNIP1,Q8TF40,S,760,0.590259483186189
32163,ENSG00000077454,LRCH4,O75427,S,346,0.127476880218609
32166,ENSG00000156113,KCNMA1,Q12791,S,1205,0.474438620814128
32168,ENSG00000165914,TTC7B,Q86TV6,S,629,0.416723045995604
32170,ENSG00000148356,LRSAM1,Q6UWE0,S,289,0.270321532231039
32174,ENSG00000007264,MATK,P42679,S,501,0.428314039740088
32176,ENSG00000139546,TARBP2,Q15633,S,283,0.456391554426288
32178,ENSG00000153113,CAST,O15446,S,287,0.33607245765586
32180,ENSG00000105289,TJP3,O95049,S,905,0.305206759465095
32183,ENSG00000167306,MYO5B,Q9ULV0,S,1106,0.0541946373338271
32186,ENSG00000160208,RRP1B,Q14684,T,728,0.540049893992528
32190,ENSG00000168067,MAP4K2,Q12851,S,367,0.114073031518367
32191,ENSG00000163909,HEYL,Q9NQ87,T,256,0.250975881746295
32196,ENSG00000106701,FSD1L,Q9BXM9,S,523,0.334597652050254
32197,ENSG00000173744,AGFG1,P52594,Y,327,0.547299678414847
32198,ENSG00000156261,CCT8,P50990,S,23,0.507921999554022
32200,ENSG00000204219,TCEA3,O75764,T,161,0.330947290116832
32201,ENSG00000066084,DIP2B,Q9P265,T,71,0.313112428771592
32207,ENSG00000120860,WASHC3,Q9Y3C0,S,186,0.201586847850995
32212,ENSG00000130584,ZBTB46,Q86UZ6,S,176,0.412679163378617
32213,ENSG00000164403,SHROOM1,Q2M3G4,S,40,0.123341761066615
32214,ENSG00000133193,FAM104A,Q969W3,S,21,0.499773783249163
32215,ENSG00000048828,FAM120A,Q9NZB2,S,442,0.252216418113155
32216,ENSG00000097007,ABL1,P00519,S,884,0.19430703228381
32217,ENSG00000137815,RTF1,Q92541,S,58,0.418014348403098
32218,ENSG00000114770,ABCC5,O15440,S,558,0.341260118834461
32219,ENSG00000131435,PDLIM4,P50479,S,116,0.324852011307885
32220,ENSG00000079387,SENP1,Q9P0U3,S,108,0.18175967850221
32225,ENSG00000154358,OBSCN,Q5VST9,S,5938,0.212330409061112
32226,ENSG00000104067,TJP1,Q07157,S,899,0.30392630672346
32227,ENSG00000239672,NME1,P15531,S,120,0.459600322726608
32228,ENSG00000147649,MTDH,Q86UE4,S,362,0.290495520492109
32229,ENSG00000120913,PDLIM2,Q96JY6,S,123,0.461106449514274
32231,ENSG00000176105,YES1,P07947,S,111,0.202795311735326
32233,ENSG00000169271,HSPB3,Q12988,S,53,0.209605606114035
32234,ENSG00000141867,BRD4,O60885,S,1070,0.456102505229995
32235,ENSG00000167972,ABCA3,Q99758,S,866,0.106416538655821
32237,ENSG00000065526,SPEN,Q96T58,S,2463,0.173268960776671
32239,ENSG00000186174,BCL9L,Q86UU0,S,121,0.230980510151024
32240,ENSG00000166900,STX3,Q13277,S,206,0.426053863170401
32241,ENSG00000198382,UVRAG,Q9P2Y5,S,482,0.444802413230805
32242,ENSG00000160813,PPP1R35,Q8TAP8,S,52,0.532603147829131
32245,ENSG00000217128,FNIP1,Q8TF40,S,614,0.182328787424964
32248,ENSG00000101191,DIDO1,Q9BTC0,S,650,0.221238198054577
32249,ENSG00000089693,MLF2,Q15773,S,217,0.271199868283598
32254,ENSG00000112659,CUL9,Q8IWT3,S,2436,0.157148430866964
32255,ENSG00000156531,PHF6,Q8IWS0,S,181,0.304744842868862
32256,ENSG00000171992,SYNPO,Q8N3V7,S,551,0.221513006918056
32258,ENSG00000118503,TNFAIP3,P21580,S,537,0.284279057811372
32262,ENSG00000163110,PDLIM5,Q96HC4,T,210,0.115421443429287
32264,ENSG00000196531,NACA,E9PAV3,S,2049,0.24354335593734
32266,ENSG00000154144,TBRG1,Q3YBR2,S,405,0.454168007508664
32267,ENSG00000076555,ACACB,O00763,S,195,0.235102516279499
32268,ENSG00000015133,CCDC88C,Q9P219,S,1444,0.251295875920018
32269,ENSG00000169641,LUZP1,Q86V48,S,638,0.116920409132283
32270,ENSG00000132688,NES,P48681,T,388,0.377126567627873
32271,ENSG00000130396,AFDN,P55196,S,655,0.126411097479757
32273,ENSG00000116754,SRSF11,Q05519,S,215,0.184239246931778
32275,ENSG00000036054,TBC1D23,Q9NUY8,S,571,0.370038704828471
32276,ENSG00000115306,SPTBN1,Q01082,S,2314,0.224109004508198
32277,ENSG00000010017,RANBP9,Q96S59,S,477,0.527351873007301
32278,ENSG00000123143,PKN1,Q16512,S,549,0.205870895523658
32279,ENSG00000109072,VTN,P04004,S,312,0.270205162334241
32280,ENSG00000108349,CASC3,O15234,S,703,0.148935704622069
32282,ENSG00000121940,CLCC1,Q96S66,S,524,0.435659561633308
32283,ENSG00000187840,EIF4EBP1,Q13541,S,35,0.433020841104394
32284,ENSG00000152818,UTRN,P46939,S,1795,0.18373657476616
32285,ENSG00000187840,EIF4EBP1,Q13541,S,94,0.498122832367401
32287,ENSG00000124198,ARFGEF2,Q9Y6D5,T,629,0.0534672743124822
32288,ENSG00000101333,PLCB4,Q15147,S,889,0.254914420909662
32291,ENSG00000020181,ADGRA2,Q96PE1,S,989,0.241145664497537
32294,ENSG00000175793,SFN,P31947,S,74,0.367395186543748
32295,ENSG00000169696,ASPSCR1,Q9BZE9,S,500,0.500747817191259
32298,ENSG00000197245,FAM110D,Q8TAY7,S,63,0.224165131060382
32300,ENSG00000135974,C2orf49,Q9BVC5,S,145,0.317978111632942
32302,ENSG00000015133,CCDC88C,Q9P219,S,1601,0.409443310294382
32303,ENSG00000197771,MCMBP,Q9BTE3,S,193,0.13566942716386
32305,ENSG00000002919,SNX11,Q9Y5W9,S,191,0.180457534577881
32306,ENSG00000047849,MAP4,P27816,S,643,0.242095322180537
32307,ENSG00000096070,BRPF3,Q9ULD4,S,959,0.314569646998837
32308,ENSG00000161036,LRWD1,Q9UFC0,S,267,0.368947175099077
32309,ENSG00000188559,RALGAPA2,Q2PPJ7,S,373,0.499787307851257
32310,ENSG00000131788,PIAS3,Q9Y6X2,Y,423,0.321404144088834
32311,ENSG00000179588,ZFPM1,Q8IX07,S,84,0.32570041339218
32313,ENSG00000171467,ZNF318,Q5VUA4,S,2030,0.301285610373124
32314,ENSG00000152234,ATP5F1A,P25705,T,48,0.131688462017458
32316,ENSG00000111266,DUSP16,Q9BY84,S,446,0.229093647879374
32317,ENSG00000054267,ARID4B,Q4LE39,T,1025,0.250754982479347
32319,ENSG00000110436,SLC1A2,P43004,S,521,0.160310668896964
32322,ENSG00000115839,RAB3GAP1,Q15042,S,5,0.321169309850927
32324,ENSG00000130479,MAP1S,Q66K74,S,759,0.246727251315715
32325,ENSG00000136068,FLNB,O75369,S,1433,0.223855444022495
32327,ENSG00000155816,FMN2,Q9NZ56,T,345,0.1696458993968
32328,ENSG00000182253,SYNM,O15061,S,471,0.100309144700489
32329,ENSG00000132294,EFR3A,Q14156,S,56,0.290977742437797
32330,ENSG00000197043,ANXA6,P08133,S,38,0.176873065833803
32335,ENSG00000117859,OSBPL9,Q96SU4,S,325,0.352712178893898
32337,ENSG00000197958,RPL12,P30050,S,165,0.188872735422821
32339,ENSG00000137497,NUMA1,Q14980,S,1852,0.199483045183392
32341,ENSG00000106636,YKT6,O15498,S,114,0.462607712723887
32345,ENSG00000135842,FAM129A,Q9BZQ8,T,590,0.269578645222483
32346,ENSG00000179526,SHARPIN,Q9H0F6,S,143,0.160639657916142
32348,ENSG00000107957,SH3PXD2A,Q5TCZ1,S,597,0.0859372336053788
32349,ENSG00000101161,PRPF6,O94906,S,279,0.28820880218023
32351,ENSG00000145103,ILDR1,Q86SU0,S,469,0.356465639159011
32352,ENSG00000079435,LIPE,Q05469,S,853,0.337593849222315
32354,ENSG00000132694,ARHGEF11,O15085,S,592,0.254678944568335
32355,ENSG00000198796,ALPK2,Q86TB3,S,1078,0.158319688556487
32356,ENSG00000133124,IRS4,O14654,S,775,0.232686522063083
32357,ENSG00000169727,GPS1,Q13098,T,479,0.615833243851193
32362,ENSG00000171813,PWWP2B,Q6NUJ5,S,191,0.461513109584707
32363,ENSG00000149273,RPS3,P23396,T,220,0.432503828350772
32367,ENSG00000124831,LRRFIP1,Q32MZ4,T,65,0.456181936757438
32370,ENSG00000101557,USP14,P54578,S,394,0.492953878510903
32371,ENSG00000159256,MORC3,Q14149,T,498,0.309825445442782
32373,ENSG00000141252,VPS53,Q5VIR6,T,391,0.16464010891625
32374,ENSG00000126453,BCL2L12,Q9HB09,S,121,0.523914676748883
32377,ENSG00000072364,AFF4,Q9UHB7,S,161,0.212466419310971
32380,ENSG00000116266,STXBP3,O00186,S,512,0.361136248889414
32384,ENSG00000006740,ARHGAP44,Q17R89,S,793,0.351776529323682
32385,ENSG00000149256,TENM4,Q6N022,T,178,0.201563617539099
32386,ENSG00000164070,HSPA4L,O95757,S,508,0.203188904663791
32388,ENSG00000148426,PROSER2,Q86WR7,S,8,0.385379068932723
32389,ENSG00000139436,GIT2,Q14161,S,7,0.318815944115143
32390,ENSG00000101040,ZMYND8,Q9ULU4,S,756,0.449624598789094
32393,ENSG00000115902,SLC1A4,P43007,S,530,0.38213096421198
32394,ENSG00000151849,CENPJ,Q9HC77,S,765,0.21895433955362
32395,ENSG00000164867,NOS3,P29474,S,625,0.119224767258912
32396,ENSG00000168826,ZBTB49,Q6ZSB9,S,178,0.174647693219601
32397,ENSG00000066855,MTFR1,Q15390,S,115,0.407905644904942
32398,ENSG00000171988,JMJD1C,Q15652,S,1988,0.0560203929082505
32400,ENSG00000170921,TANC2,Q9HCD6,S,268,0.138259791146615
32401,ENSG00000144824,PHLDB2,Q86SQ0,S,493,0.330934595930866
32403,ENSG00000170485,NPAS2,Q99743,S,811,0.1922483705053
32404,ENSG00000165240,ATP7A,Q04656,S,427,0.242106062543613
32405,ENSG00000147394,ZNF185,O15231,S,66,0.310951665139816
32406,ENSG00000134369,NAV1,Q8NEY1,S,1253,0.547211664632329
32408,ENSG00000131626,PPFIA1,Q13136,S,448,0.303512353893361
32410,ENSG00000064300,NGFR,P08138,S,311,0.744307827996971
32411,ENSG00000086758,HUWE1,Q7Z6Z7,S,2940,0.155396135282988
32413,ENSG00000144724,PTPRG,P23470,S,1435,0.158603183597213
32415,ENSG00000050405,LIMA1,Q9UHB6,S,346,0.359467632090991
32416,ENSG00000101096,NFATC2,Q13469,T,216,0.120373907422334
32417,ENSG00000149532,CPSF7,Q8N684,T,49,0.29965483639673
32418,ENSG00000154380,ENAH,Q8N8S7,S,488,0.288017258908895
32419,ENSG00000140374,ETFA,P13804,S,182,0.148222283843227
32422,ENSG00000107771,CCSER2,Q9H7U1,S,488,0.292331741457915
32423,ENSG00000075711,DLG1,Q12959,S,122,0.386281410615467
32425,ENSG00000124160,NCOA5,Q9HCD5,S,529,0.146374056776379
32427,ENSG00000104881,PPP1R13L,Q8WUF5,Y,132,0.442843738315213
32428,ENSG00000132938,MTUS2,Q5JR59,S,1302,0.132732526674488
32429,ENSG00000196405,EVL,Q9UI08,S,130,0.393070620815759
32430,ENSG00000145740,SLC30A5,Q8TAD4,S,378,0.509898579350105
32431,ENSG00000159579,RSPRY1,Q96DX4,S,521,0.111821735585319
32434,ENSG00000110713,NUP98,P52948,S,683,0.216864538813483
32435,ENSG00000153064,BANK1,Q8NDB2,S,12,0.227908571342345
32439,ENSG00000125753,VASP,P50552,S,329,0.149572888764423
32441,ENSG00000107957,SH3PXD2A,Q5TCZ1,T,731,0.324239645456438
32444,ENSG00000134516,DOCK2,Q92608,S,1767,0.0590656607242517
32445,ENSG00000057657,PRDM1,O75626,S,341,0.105310793702808
32446,ENSG00000064989,CALCRL,Q16602,S,420,0.248219563926921
32454,ENSG00000172869,DMXL1,Q9Y485,S,918,0.385135434909461
32456,ENSG00000143553,SNAPIN,O95295,S,126,0.261786983526073
32459,ENSG00000151491,EPS8,Q12929,S,625,0.432853973614299
32466,ENSG00000139921,TMX1,Q9H3N1,S,253,0.255284989267792
32467,ENSG00000164327,RICTOR,Q6R327,S,1588,0.0986242376635158
32469,ENSG00000063322,MED29,Q9NX70,S,137,0.230984701795187
32470,ENSG00000272333,KMT2B,Q9UMN6,T,278,0.28805646094405
32471,ENSG00000106266,SNX8,Q9Y5X2,S,441,0.130914951475871
32472,ENSG00000147324,MFHAS1,Q9Y4C4,S,1038,0.23718456881195
32474,ENSG00000119707,RBM25,P49756,S,231,0.238797485292108
32475,ENSG00000085721,RRN3,Q9NYV6,S,649,0.509452641906043
32476,ENSG00000137601,NEK1,Q96PY6,T,661,0.182716548565995
32480,ENSG00000155368,DBI,P07108,Y,29,0.586619160116969
32481,ENSG00000132622,HSPA12B,Q96MM6,S,46,0.492119303084252
32482,ENSG00000126705,AHDC1,Q5TGY3,T,1511,0.300973350584765
32484,ENSG00000130638,ATXN10,Q9UBB4,S,12,0.48553292042465
32489,ENSG00000135709,KIAA0513,O60268,S,73,0.31367180934271
32491,ENSG00000132792,CTNNBL1,Q8WYA6,S,389,0.570320601713029
32496,ENSG00000087589,CASS4,Q9NQ75,T,108,0.436095124646155
32497,ENSG00000161204,ABCF3,Q9NUQ8,S,79,0.459537133175168
32498,ENSG00000163539,CLASP2,O75122,S,461,0.318716546789035
32502,ENSG00000185697,MYBL1,P10243,T,541,0.39491104891913
32503,ENSG00000159840,ZYX,Q15942,S,290,0.401766704452956
32505,ENSG00000124496,TRERF1,Q96PN7,T,709,0.602298171805902
32509,ENSG00000105939,ZC3HAV1,Q7Z2W4,S,346,0.207638378845674
32511,ENSG00000103591,AAGAB,Q6PD74,S,310,0.516450360553528
32512,ENSG00000196961,AP2A1,O95782,T,653,0.449296447334042
32515,ENSG00000164754,RAD21,O60216,S,153,0.319703701621577
32518,ENSG00000138495,COX17,Q14061,S,7,0.325801523831024
32521,ENSG00000138688,KIAA1109,Q2LD37,S,1301,0.27023138687613
32522,ENSG00000021826,CPS1,P31327,S,1159,0.434451847027336
32523,ENSG00000135870,RC3H1,Q5TC82,S,811,0.360630707882216
32524,ENSG00000145725,PPIP5K2,O43314,S,38,0.305293861752518
32526,ENSG00000009954,BAZ1B,Q9UIG0,S,152,0.168967928686996
32527,ENSG00000112787,FBRSL1,Q9HCM7,S,977,0.275526896086676
32528,ENSG00000004478,FKBP4,Q02790,S,11,0.0999659470961573
32529,ENSG00000074047,GLI2,P10070,S,823,0.213718666902852
32530,ENSG00000109171,SLAIN2,Q9P270,S,462,0.549997673696421
32531,ENSG00000140323,DISP2,A7MBM2,S,1252,0.234490956377322
32534,ENSG00000178385,PLEKHM3,Q6ZWE6,S,152,0.510831808375949
32535,ENSG00000124789,NUP153,P49790,S,709,0.175316002417359
32536,ENSG00000111057,KRT18,P05783,S,312,0.381735313984593
32538,ENSG00000100376,FAM118A,Q9NWS6,S,311,0.305679446653456
32540,ENSG00000138592,USP8,P40818,S,719,0.600346637078112
32542,ENSG00000095951,HIVEP1,P15822,S,571,0.453445990814019
32543,ENSG00000197283,SYNGAP1,Q96PV0,S,1114,0.0889021102884308
32546,ENSG00000100604,CHGA,P10645,S,398,0.369128566691812
32549,ENSG00000077279,DCX,O43602,S,339,0.500878042881047
32551,ENSG00000110888,CAPRIN2,Q6IMN6,S,660,0.1748806613364
32554,ENSG00000145241,CENPC,Q03188,S,384,0.185599538833486
32555,ENSG00000163840,DTX3L,Q8TDB6,S,547,0.246300272467388
32556,ENSG00000006625,GGCT,O75223,S,37,0.155507686918026
32570,ENSG00000163788,SNRK,Q9NRH2,S,597,0.157961874798421
32571,ENSG00000165138,ANKS6,Q68DC2,S,660,0.236928449062648
32574,ENSG00000005194,CIAPIN1,Q6FI81,Y,290,0.458228384874966
32575,ENSG00000135905,DOCK10,Q96BY6,S,1232,0.234284396740379
32576,ENSG00000135540,NHSL1,Q5SYE7,S,1167,0.204682072616321
32581,ENSG00000148737,TCF7L2,Q9NQB0,S,58,0.327703059954677
32582,ENSG00000131013,PPIL4,Q8WUA2,S,393,0.387713172364655
32585,ENSG00000104435,STMN2,Q93045,S,62,0.482970395627593
32591,ENSG00000156011,PSD3,Q9NYI0,T,1040,0.25866832132729
32593,ENSG00000164715,LMTK2,Q8IWU2,S,1397,0.150604159110657
32599,ENSG00000105341,DMAC2,Q9NW81,S,253,0.247309659501062
32600,ENSG00000137310,TCF19,Q9Y242,T,263,0.264582852772905
32601,ENSG00000164331,ANKRA2,Q9H9E1,S,106,0.392733375413732
32603,ENSG00000099812,MISP,Q8IVT2,S,84,0.2803591662622
32607,ENSG00000119906,SLF2,Q8IX21,S,340,0.203789295974232
32608,ENSG00000196935,SRGAP1,Q7Z6B7,S,940,0.375328467945378
32609,ENSG00000104093,DMXL2,Q8TDJ6,S,473,0.191081718961586
32611,ENSG00000039560,RAI14,Q9P0K7,S,329,0.240745258352039
32612,ENSG00000166925,TSC22D4,Q9Y3Q8,S,142,0.106568449683349
32613,ENSG00000085872,CHERP,Q8IWX8,S,902,0.422566356873168
32614,ENSG00000101384,JAG1,P78504,S,1154,0.333135664589924
32616,ENSG00000142784,WDTC1,Q8N5D0,S,353,0.234318966848343
32618,ENSG00000163565,IFI16,Q16666,S,572,0.0979816049822645
32619,ENSG00000001626,CFTR,P13569,S,660,0.585920389351932
32623,ENSG00000144028,SNRNP200,O75643,S,2002,0.124034031190798
32625,ENSG00000164327,RICTOR,Q6R327,S,1284,0.364332697168079
32627,ENSG00000143702,CEP170,Q5SW79,S,861,0.156508797605161
32628,ENSG00000186174,BCL9L,Q86UU0,T,957,0.419707971295469
32629,ENSG00000006453,BAIAP2L1,Q9UHR4,S,414,0.529405087189901
32633,ENSG00000185340,GAS2L1,Q99501,S,436,0.392582318446712
32634,ENSG00000140259,MFAP1,P55081,S,432,0.298686805810429
32636,ENSG00000167680,SEMA6B,Q9H3T3,S,802,0.496790406906407
32638,ENSG00000167202,TBC1D2B,Q9UPU7,S,472,0.105886224147771
32639,ENSG00000196235,SUPT5H,O00267,S,148,0.126668410678763
32643,ENSG00000198959,TGM2,P21980,S,215,0.339691926132086
32646,ENSG00000170471,RALGAPB,Q86X10,S,417,0.331902716745059
32648,ENSG00000214655,ZSWIM8,A7E2V4,S,1156,0.436410447949299
32650,ENSG00000086015,MAST2,Q6P0Q8,S,1275,0.316961160827255
32652,ENSG00000010270,STARD3NL,O95772,S,27,0.369882166190592
32653,ENSG00000170471,RALGAPB,Q86X10,S,729,0.206831192684019
32654,ENSG00000130413,STK33,Q9BYT3,T,440,0.310372999600727
32655,ENSG00000167173,C15orf39,Q6ZRI6,S,996,0.200945057961155
32656,ENSG00000164050,PLXNB1,O43157,S,1902,0.336988444971517
32657,ENSG00000127483,HP1BP3,Q5SSJ5,Y,379,0.418293304050562
32658,ENSG00000122786,CALD1,Q05682,T,788,0.340568871925712
32659,ENSG00000069956,MAPK6,Q16659,S,386,0.393900714528141
32666,ENSG00000135100,HNF1A,P20823,S,304,0.188210419397308
32667,ENSG00000115263,GCG,P01275,S,152,0.20664223504854
32668,ENSG00000090905,TNRC6A,Q8NDV7,S,1209,0.075437832615947
32669,ENSG00000107890,ANKRD26,Q9UPS8,S,489,0.208031923523415
32671,ENSG00000108828,VAT1,Q99536,S,18,0.49084571511906
32677,ENSG00000042062,RIPOR3,Q96MK2,T,832,0.166790945822579
32679,ENSG00000136152,COG3,Q96JB2,S,511,0.29397989579669
32681,ENSG00000083535,PIBF1,Q8WXW3,S,700,0.282337370941916
32689,ENSG00000075292,ZNF638,Q14966,S,624,0.191788746966172
32690,ENSG00000066027,PPP2R5A,Q15172,S,472,0.292724221297613
32692,ENSG00000136059,VILL,O15195,S,773,0.28778151386162
32693,ENSG00000104881,PPP1R13L,Q8WUF5,S,71,0.415805830087796
32694,ENSG00000167522,ANKRD11,Q6UB99,S,832,0.155500269018807
32696,ENSG00000127481,UBR4,Q5T4S7,S,1752,0.238549852604844
32697,ENSG00000166037,CEP57,Q86XR8,S,33,0.361110717636048
32698,ENSG00000104067,TJP1,Q07157,S,284,0.258168528092753
32701,ENSG00000129245,FXR2,P51116,S,654,0.101821591449183
32702,ENSG00000136205,TNS3,Q68CZ2,Y,780,0.605444838287698
32703,ENSG00000184640,SEPT9,Q9UHD8,S,41,0.35411091840157
32704,ENSG00000137574,TGS1,Q96RS0,S,55,0.276616982027012
32705,ENSG00000187147,RNF220,Q5VTB9,S,286,0.496634688805816
32706,ENSG00000129003,VPS13C,Q709C8,S,872,0.135154715663018
32707,ENSG00000059915,PSD,A5PKW4,S,720,0.221611081592064
32708,ENSG00000169129,AFAP1L2,Q8N4X5,Y,383,0.368052331277922
32709,ENSG00000149499,EML3,Q32P44,S,160,0.112624999283473
32710,ENSG00000184743,ATL3,Q6DD88,S,38,0.170101568839129
32711,ENSG00000127947,PTPN12,Q05209,T,569,0.514348025073374
32712,ENSG00000075711,DLG1,Q12959,S,570,0.274220904221777
32713,ENSG00000171475,WIPF2,Q8TF74,S,272,0.125552772800628
32714,ENSG00000130475,FCHO1,O14526,S,501,0.201406484258628
32716,ENSG00000136068,FLNB,O75369,S,1602,0.3916997804542
32717,ENSG00000152242,C18orf25,Q96B23,S,143,0.424176886253949
32720,ENSG00000147526,TACC1,O75410,S,52,0.294365258068082
32722,ENSG00000092067,CEBPE,Q15744,S,181,0.514156314342517
32724,ENSG00000189171,S100A13,Q99584,S,32,0.56368415507407
32725,ENSG00000165525,NEMF,O60524,S,833,0.200255695082359
32726,ENSG00000198758,EPS8L3,Q8TE67,S,205,0.252694271972032
32727,ENSG00000165675,ENOX2,Q16206,S,240,0.430209953022625
32728,ENSG00000075618,FSCN1,Q16658,S,120,0.386031051090468
32730,ENSG00000163848,ZNF148,Q9UQR1,T,305,0.358395565557324
32731,ENSG00000100364,KIAA0930,Q6ICG6,T,290,0.533755047523688
32733,ENSG00000064607,SUGP2,Q8IX01,S,603,0.325371602328139
32735,ENSG00000132466,ANKRD17,O75179,S,2056,0.0443332913327048
32736,ENSG00000177200,CHD9,Q3L8U1,S,2286,0.10501871150951
32737,ENSG00000130701,RBBP8NL,Q8NC74,T,242,0.202000009231075
32742,ENSG00000132768,DPH2,Q9BQC3,T,467,0.557114966852466
32744,ENSG00000135912,TTLL4,Q14679,S,207,0.150309721788911
32745,ENSG00000105723,GSK3A,P49840,S,41,0.300996076257343
32746,ENSG00000079691,CARMIL1,Q5VZK9,S,1357,0.173654989345537
32747,ENSG00000124782,RREB1,Q92766,S,1175,0.381423718893153
32751,ENSG00000123352,SPATS2,Q86XZ4,S,143,0.320791563013814
32753,ENSG00000067048,DDX3Y,O15523,S,101,0.304795267765316
32754,ENSG00000145996,CDKAL1,Q5VV42,S,53,0.428676331632783
32755,ENSG00000176407,KCMF1,Q9P0J7,S,145,0.311310926539133
32758,ENSG00000099331,MYO9B,Q13459,S,2141,0.326652212867925
32759,ENSG00000174106,LEMD3,Q9Y2U8,T,209,0.242874096733412
32760,ENSG00000008086,CDKL5,O76039,S,479,0.376219921258523
32762,ENSG00000198771,RCSD1,Q6JBY9,S,127,0.598559777747878
32763,ENSG00000083312,TNPO1,Q92973,S,881,0.22756757543482
32764,ENSG00000125970,RALY,Q9UKM9,S,176,0.315788502312097
32766,ENSG00000125505,MBOAT7,Q96N66,S,285,0.53310910491642
32767,ENSG00000124831,LRRFIP1,Q32MZ4,S,564,0.310088087281201
32768,ENSG00000119906,SLF2,Q8IX21,S,315,0.134999060285658
32769,ENSG00000123485,HJURP,Q8NCD3,S,185,0.444497487947263
32771,ENSG00000001629,ANKIB1,Q9P2G1,S,911,0.300714322120304
32772,ENSG00000176771,NCKAP5,O14513,S,613,0.0759484294704284
32773,ENSG00000086758,HUWE1,Q7Z6Z7,T,3822,0.254327559484384
32774,ENSG00000020577,SAMD4A,Q9UPU9,S,649,0.26413706095676
32775,ENSG00000166317,SYNPO2L,Q9H987,S,931,0.220369665744436
32776,ENSG00000196141,SPATS2L,Q9NUQ6,S,518,0.141270989539508
32777,ENSG00000011143,MKS1,Q9NXB0,S,504,0.115864589242269
32778,ENSG00000106028,SSBP1,Q04837,S,70,0.239757304644985
32779,ENSG00000069248,NUP133,Q8WUM0,T,474,0.0909647322578598
32780,ENSG00000172071,EIF2AK3,Q9NZJ5,T,557,0.320775714788638
32781,ENSG00000107554,DNMBP,Q6XZF7,S,1381,0.0701238962339475
32782,ENSG00000131196,NFATC1,O95644,S,772,0.218884054620446
32783,ENSG00000136155,SCEL,O95171,Y,295,0.47365223532769
32785,ENSG00000170776,AKAP13,Q12802,S,1226,0.415404692841747
32787,ENSG00000103449,SALL1,Q9NSC2,T,585,0.127826739934451
32789,ENSG00000177106,EPS8L2,Q9H6S3,S,28,0.531304390319321
32790,ENSG00000123352,SPATS2,Q86XZ4,S,208,0.123246035836287
32793,ENSG00000187866,FAM122A,Q96E09,S,35,0.460370832618156
32795,ENSG00000181163,NPM1,P06748,S,43,0.316830340506459
32797,ENSG00000119408,NEK6,Q9HC98,T,202,0.639516108125892
32798,ENSG00000134250,NOTCH2,Q04721,S,1845,0.282872902521432
32799,ENSG00000147650,LRP12,Q9Y561,T,655,0.45063651898913
32800,ENSG00000104369,JPH1,Q9HDC5,S,625,0.15010269915397
32803,ENSG00000099331,MYO9B,Q13459,Y,1928,0.389145818243007
32805,ENSG00000168610,STAT3,P40763,T,721,0.214450868315221
32806,ENSG00000177303,CASKIN2,Q8WXE0,S,725,0.276719854899788
32808,ENSG00000136888,ATP6V1G1,O75348,S,65,0.138162624616118
32812,ENSG00000188994,ZNF292,O60281,S,654,0.130770530425945
32813,ENSG00000147912,FBXO10,Q9UK96,S,342,0.15071960545615
32814,ENSG00000107679,PLEKHA1,Q9HB21,S,175,0.432092308148366
32815,ENSG00000105738,SIPA1L3,O60292,T,175,0.239016351256693
32816,ENSG00000122299,ZC3H7A,Q8IWR0,S,318,0.144048537812909
32818,ENSG00000102024,PLS3,P13797,S,326,0.318502585176749
32820,ENSG00000121741,ZMYM2,Q9UBW7,S,958,0.237762267542813
32825,ENSG00000204138,PHACTR4,Q8IZ21,S,147,0.345728958808859
32827,ENSG00000101082,SLA2,Q9H6Q3,S,10,0.4053885639644
32828,ENSG00000147642,SYBU,Q9NX95,S,88,0.490315881183711
32832,ENSG00000077097,TOP2B,Q02880,S,1449,0.174494920653991
32835,ENSG00000117155,SSX2IP,Q9Y2D8,S,341,0.187783211008081
32836,ENSG00000138594,TMOD3,Q9NYL9,S,156,0.116833306913991
32839,ENSG00000136383,ALPK3,Q96L96,S,1401,0.112008386771493
32840,ENSG00000178568,ERBB4,Q15303,S,1140,0.207769165388864
32841,ENSG00000135540,NHSL1,Q5SYE7,S,1233,0.302632873049653
32842,ENSG00000263001,GTF2I,P78347,T,705,0.29461647919471
32843,ENSG00000205581,HMGN1,P05114,T,81,0.430311363566909
32844,ENSG00000104517,UBR5,O95071,S,1755,0.2022609234304
32845,ENSG00000099625,CBARP,Q8N350,T,154,0.565893839249753
32847,ENSG00000130985,UBA1,P22314,T,800,0.37962021710366
32849,ENSG00000117016,RIMS3,Q9UJD0,S,24,0.155641419144188
32850,ENSG00000119185,ITGB1BP1,O14713,S,10,0.174377279743949
32851,ENSG00000144567,RETREG2,Q8NC44,T,334,0.432190697148857
32860,ENSG00000105662,CRTC1,Q6UUV9,S,139,0.507864922602559
32861,ENSG00000008277,ADAM22,Q9P0K1,S,870,0.323841639884439
32862,ENSG00000169057,MECP2,P51608,S,423,0.445455639021457
32864,ENSG00000197077,KIAA1671,Q9BY89,S,1312,0.208124312345335
32867,ENSG00000155115,GTF3C6,Q969F1,S,160,0.174756519972651
32868,ENSG00000088833,NSFL1C,Q9UNZ2,S,177,0.500411564006771
32870,ENSG00000068724,TTC7A,Q9ULT0,S,672,0.0968321200571269
32873,ENSG00000147642,SYBU,Q9NX95,S,50,0.246775368780635
32876,ENSG00000204619,PPP1R11,O60927,T,109,0.553327074946002
32879,ENSG00000166197,NOLC1,Q14978,S,267,0.407883186737366
32881,ENSG00000145907,G3BP1,Q13283,T,143,0.285154812394624
32883,ENSG00000204160,ZDHHC18,Q9NUE0,S,30,0.427440157752581
32884,ENSG00000171992,SYNPO,Q8N3V7,S,496,0.168091812661889
32885,ENSG00000167548,KMT2D,O14686,S,477,0.241868845195379
32886,ENSG00000078699,CBFA2T2,O43439,S,591,0.239277590370872
32887,ENSG00000142959,BEST4,Q8NFU0,S,397,0.208665519685541
32888,ENSG00000079308,TNS1,Q9HBL0,T,1173,0.206677704004734
32889,ENSG00000068137,PLEKHH3,Q7Z736,S,30,0.173939898099485
32891,ENSG00000171132,PRKCE,Q02156,S,388,0.382932104230652
32893,ENSG00000134313,KIDINS220,Q9ULH0,S,1594,0.336208948114954
32894,ENSG00000079337,RAPGEF3,O95398,S,528,0.239630304191807
32896,ENSG00000087253,LPCAT2,Q7L5N7,T,521,0.363600529719629
32899,ENSG00000165480,SKA3,Q8IX90,S,248,0.140804062899956
32901,ENSG00000163932,PRKCD,Q05655,S,503,0.425804159067478
32902,ENSG00000151320,AKAP6,Q13023,S,1653,0.125965163111758
32905,ENSG00000067225,PKM,P14618,T,93,0.272892774787762
32906,ENSG00000075702,WDR62,O43379,S,501,0.399099244183022
32908,ENSG00000011007,ELOA,Q14241,S,251,0.374190119724636
32909,ENSG00000196923,PDLIM7,Q9NR12,T,214,0.263984925705013
32911,ENSG00000181722,ZBTB20,Q9HC78,S,303,0.191532990752219
32913,ENSG00000167100,SAMD14,Q8IZD0,S,173,0.262589275512282
32914,ENSG00000116350,SRSF4,Q08170,S,316,0.442879832913371
32915,ENSG00000185477,GPRIN3,Q6ZVF9,S,214,0.392073296005234
32916,ENSG00000115760,BIRC6,Q9NR09,S,3742,0.12971125408077
32917,ENSG00000115685,PPP1R7,Q15435,S,44,0.343611666680188
32920,ENSG00000198380,GFPT1,Q06210,T,263,0.372145651639668
32921,ENSG00000181220,ZNF746,Q6NUN9,S,359,0.258710166136394
32931,ENSG00000162849,KIF26B,Q2KJY2,S,977,0.229481960324959
32934,ENSG00000101040,ZMYND8,Q9ULU4,S,514,0.203954357192218
32939,ENSG00000127603,MACF1,O94854,S,35,0.208408390675493
32940,ENSG00000067798,NAV3,Q8IVL0,S,1113,0.360791430271047
32942,ENSG00000196544,BORCS6,Q96GS4,S,89,0.123927254099808
32943,ENSG00000131067,GGT7,Q9UJ14,S,73,0.348746124475183
32944,ENSG00000156709,AIFM1,O95831,T,263,0.409981708206977
32946,ENSG00000143772,ITPKB,P27987,S,65,0.337498902344711
32948,ENSG00000156172,C8orf37,Q96NL8,T,18,0.198126143412126
32949,ENSG00000131051,RBM39,Q14498,S,334,0.406562399229365
32950,ENSG00000124496,TRERF1,Q96PN7,S,715,0.698313223599443
32951,ENSG00000043143,JADE2,Q9NQC1,S,117,0.208791888055041
32952,ENSG00000166913,YWHAB,P31946,S,136,0.260864177123099
32953,ENSG00000174840,PDE12,Q6L8Q7,S,220,0.622138300142325
32955,ENSG00000106443,PHF14,O94880,T,287,0.402880412149522
32956,ENSG00000197077,KIAA1671,Q9BY89,S,1410,0.114664312515095
32959,ENSG00000100784,RPS6KA5,O75582,T,353,0.159498691557483
32960,ENSG00000149182,ARFGAP2,Q8N6H7,S,400,0.161284291995333
32961,ENSG00000173068,BNC2,Q6ZN30,S,937,0.388794855112112
32965,ENSG00000133030,MPRIP,Q6WCQ1,S,289,0.41059276417842
32969,ENSG00000110713,NUP98,P52948,S,623,0.392043693130081
32970,ENSG00000180209,MYLPF,Q96A32,S,16,0.474523820696134
32971,ENSG00000005483,KMT2E,Q8IZD2,S,623,0.127645207568042
32973,ENSG00000147649,MTDH,Q86UE4,T,143,0.553779232292709
32974,ENSG00000178209,PLEC,Q15149,S,4638,0.334073647883776
32977,ENSG00000132470,ITGB4,P16144,S,1084,0.138338210140418
32981,ENSG00000168143,FAM83B,Q5T0W9,S,309,0.304447123399513
32983,ENSG00000109062,SLC9A3R1,O14745,S,288,0.446850285497282
32984,ENSG00000141376,BCAS3,Q9H6U6,S,488,0.566994592395921
32985,ENSG00000204673,AKT1S1,Q96B36,T,90,0.518823058237831
32986,ENSG00000132688,NES,P48681,S,1489,0.301906864445321
32989,ENSG00000106052,TAX1BP1,Q86VP1,S,508,0.17901542065132
32990,ENSG00000138834,MAPK8IP3,Q9UPT6,S,676,0.266905199247273
32991,ENSG00000160695,VPS11,Q9H270,S,813,0.170107886135044
32992,ENSG00000086475,SEPHS1,P49903,S,17,0.332197825130777
32993,ENSG00000090989,EXOC1,Q9NV70,S,490,0.160350431177493
32994,ENSG00000196924,FLNA,P21333,S,2338,0.314981182737266
32995,ENSG00000134318,ROCK2,O75116,S,1134,0.348688756963446
32996,ENSG00000104814,MAP4K1,Q92918,S,421,0.328128550989304
32999,ENSG00000138376,BARD1,Q99728,S,186,0.421145061399939
33001,ENSG00000163322,ABRAXAS1,Q6UWZ7,S,387,0.46656035533985
33002,ENSG00000079482,OPHN1,O60890,S,372,0.411064514015953
33005,ENSG00000182795,C1orf116,Q9BW04,S,36,0.344805386639776
33006,ENSG00000132481,TRIM47,Q96LD4,S,399,0.280979997654762
33008,ENSG00000143776,CDC42BPA,Q5VT25,S,750,0.241385058580409
33011,ENSG00000173230,GOLGB1,Q14789,S,537,0.0892864400040842
33012,ENSG00000156482,RPL30,P62888,S,107,0.22099326519786
33013,ENSG00000121966,CXCR4,P61073,S,339,0.469572116885127
33014,ENSG00000141027,NCOR1,O75376,S,1545,0.340807374393812
33015,ENSG00000152939,MARVELD2,Q8N4S9,S,120,0.626038043042945
33017,ENSG00000115687,PASK,Q96RG2,S,1280,0.221444989019692
33018,ENSG00000161791,FMNL3,Q8IVF7,T,95,0.232239687857411
33020,ENSG00000204469,PRRC2A,P48634,S,1085,0.586195122657423
33021,ENSG00000116035,VAX2,Q9UIW0,S,42,0.228520875194217
33023,ENSG00000118473,SGIP1,Q9BQI5,S,95,0.100235670476977
33026,ENSG00000096384,HSP90AB1,P08238,S,460,0.54084362515572
33028,ENSG00000130175,PRKCSH,P14314,S,442,0.410135847633764
33031,ENSG00000182544,MFSD5,Q6N075,S,440,0.214755166621766
33033,ENSG00000164916,FOXK1,P85037,S,257,0.970932352927759
33038,ENSG00000005156,LIG3,P49916,S,236,0.253647207832533
33043,ENSG00000196187,TMEM63A,O94886,S,102,0.313905486268977
33044,ENSG00000153094,BCL2L11,O43521,S,118,0.448789867205431
33045,ENSG00000153071,DAB2,P98082,S,407,0.281945331556371
33046,ENSG00000136153,LMO7,Q8WWI1,S,1448,0.0689100998800589
33047,ENSG00000166974,MAPRE2,Q15555,S,195,0.109263315312224
33048,ENSG00000149503,INCENP,Q9NQS7,S,446,0.258659154403589
33049,ENSG00000143416,SELENBP1,Q13228,S,53,0.219376818304201
33051,ENSG00000188554,NBR1,Q14596,S,656,0.342630511395433
33053,ENSG00000044459,CNTLN,Q9NXG0,S,1333,0.160558194355136
33054,ENSG00000181588,MEX3D,Q86XN8,T,510,0.529236349221194
33055,ENSG00000154358,OBSCN,Q5VST9,S,6773,0.137321034082629
33056,ENSG00000186566,GPATCH8,Q9UKJ3,T,977,0.2554151887207
33059,ENSG00000156304,SCAF4,O95104,S,1141,0.212344541928483
33062,ENSG00000118200,CAMSAP2,Q08AD1,S,1301,0.129323385120812
33065,ENSG00000075539,FRYL,O94915,S,1914,0.310153387471539
33066,ENSG00000111647,UHRF1BP1L,A0JNW5,S,987,0.180763351748134
33067,ENSG00000167680,SEMA6B,Q9H3T3,T,709,0.600668000896685
33069,ENSG00000111490,TBC1D30,Q9Y2I9,T,75,0.0875297678183226
33072,ENSG00000111077,TNS2,Q63HR2,S,481,0.429500326413553
33073,ENSG00000171223,JUNB,P17275,T,104,0.540381996838984
33075,ENSG00000204574,ABCF1,Q8NE71,T,21,0.251908282509712
33076,ENSG00000187867,PALM3,A6NDB9,T,301,0.241796274742915
33078,ENSG00000165458,INPPL1,O15357,S,158,0.321068881574523
33080,ENSG00000131697,NPHP4,O75161,S,481,0.236808050502635
33082,ENSG00000161011,SQSTM1,Q13501,S,276,0.385078511800998
33083,ENSG00000137843,PAK6,Q9NQU5,S,248,0.419420503102691
33085,ENSG00000162522,KIAA1522,Q9P206,S,559,0.292494248756985
33086,ENSG00000104881,PPP1R13L,Q8WUF5,S,594,0.243553347355371
33088,ENSG00000121957,GPSM2,P81274,T,526,0.530171477861591
33089,ENSG00000144824,PHLDB2,Q86SQ0,S,937,0.227426355086427
33090,ENSG00000174485,DENND4A,Q7Z401,T,923,0.153427408325452
33091,ENSG00000163399,ATP1A1,P05023,T,261,0.187169703762328
33092,ENSG00000169857,AVEN,Q9NQS1,T,98,0.147931197567699
33094,ENSG00000099814,CEP170B,Q9Y4F5,S,986,0.291860987203823
33095,ENSG00000092108,SCFD1,Q8WVM8,S,388,0.402347878185879
33097,ENSG00000127483,HP1BP3,Q5SSJ5,S,74,0.376466761511329
33103,ENSG00000175073,VCPIP1,Q96JH7,S,994,0.306730121103008
33104,ENSG00000153317,ASAP1,Q9ULH1,S,843,0.533579642935049
33105,ENSG00000168264,IRF2BP2,Q7Z5L9,S,399,0.416748668161712
33109,ENSG00000148660,CAMK2G,Q13555,S,311,0.372689384108134
33112,ENSG00000198561,CTNND1,O60716,S,868,0.307891919635246
33113,ENSG00000131653,TRAF7,Q6Q0C0,S,13,0.425295994742384
33115,ENSG00000110514,MADD,Q8WXG6,S,862,0.253318996648877
33116,ENSG00000168264,IRF2BP2,Q7Z5L9,S,455,0.57302156296881
33117,ENSG00000111897,SERINC1,Q9NRX5,S,348,0.458847045928203
33118,ENSG00000108599,AKAP10,O43572,S,202,0.156785849108252
33119,ENSG00000117724,CENPF,P49454,T,1685,0.0620728033272215
33120,ENSG00000169100,SLC25A6,P12236,S,22,0.266812188034932
33121,ENSG00000168564,CDKN2AIP,Q9NXV6,S,212,0.432390938759198
33124,ENSG00000067066,SP100,P23497,S,274,0.232623683947482
33126,ENSG00000033327,GAB2,Q9UQC2,S,422,0.390266595515721
33127,ENSG00000110713,NUP98,P52948,T,916,0.185342492450169
33128,ENSG00000151065,DCP1B,Q8IZD4,T,392,0.442058030901178
33129,ENSG00000177606,JUN,P05412,S,243,0.99029282380348
33130,ENSG00000123143,PKN1,Q16512,S,579,0.201813768640385
33134,ENSG00000156113,KCNMA1,Q12791,S,1204,0.122257277324322
33135,ENSG00000048707,VPS13D,Q5THJ4,S,2434,0.198900446295258
33136,ENSG00000133124,IRS4,O14654,Y,779,0.576744390648594
33139,ENSG00000139718,SETD1B,Q9UPS6,S,1663,0.41038068476106
33140,ENSG00000143217,NECTIN4,Q96NY8,S,397,0.576108405315407
33146,ENSG00000172575,RASGRP1,O95267,S,708,0.350046640936105
33152,ENSG00000065717,TLE2,Q04725,S,193,0.30606286188381
33153,ENSG00000068903,SIRT2,Q8IXJ6,S,53,0.326523084939574
33154,ENSG00000074054,CLASP1,Q7Z460,S,646,0.519764538442131
33156,ENSG00000116871,MAP7D1,Q3KQU3,S,496,0.381693938586428
33158,ENSG00000197822,OCLN,Q16625,S,408,0.561233657865182
33159,ENSG00000131016,AKAP12,Q02952,S,743,0.228550708373293
33160,ENSG00000152818,UTRN,P46939,S,2615,0.100656176265022
33161,ENSG00000110697,PITPNM1,O00562,T,1223,0.358110057143204
33163,ENSG00000257923,CUX1,P39880,S,1333,0.178526439605177
33164,ENSG00000070413,DGCR2,P98153,S,381,0.429751851395058
33166,ENSG00000131746,TNS4,Q8IZW8,S,82,0.19465110491925
33167,ENSG00000120733,KDM3B,Q7LBC6,S,773,0.303451754205556
33170,ENSG00000136848,DAB2IP,Q5VWQ8,S,972,0.260180583889238
33171,ENSG00000147689,FAM83A,Q86UY5,S,352,0.325249148950798
33172,ENSG00000204256,BRD2,P25440,Y,631,0.367771904532029
33173,ENSG00000144791,LIMD1,Q9UGP4,S,233,0.43903255892552
33176,ENSG00000113593,PPWD1,Q96BP3,S,464,0.200812422351802
33177,ENSG00000104067,TJP1,Q07157,S,326,0.133005347951946
33178,ENSG00000256463,SALL3,Q9BXA9,S,39,0.25361753088131
33180,ENSG00000139718,SETD1B,Q9UPS6,T,1558,0.252278195276488
33181,ENSG00000008441,NFIX,Q14938,S,271,0.436427873514775
33184,ENSG00000188878,FBF1,Q8TES7,S,511,0.192683482556984
33185,ENSG00000205581,HMGN1,P05114,S,89,0.643437494890757
33186,ENSG00000197893,NRAP,Q86VF7,S,482,0.114330166073562
33188,ENSG00000136504,KAT7,O95251,T,130,0.412915835380685
33189,ENSG00000083223,ZCCHC6,Q5VYS8,S,706,0.209876726134476
33194,ENSG00000157881,PANK4,Q9NVE7,S,404,0.391818002038514
33195,ENSG00000175115,PACS1,Q6VY07,S,355,0.13279507846552
33197,ENSG00000084112,SSH1,Q8WYL5,S,521,0.375148250513036
33198,ENSG00000070814,TCOF1,Q13428,S,777,0.310431262841824
33199,ENSG00000084093,REST,Q13127,S,971,0.21376420070639
33201,ENSG00000169891,REPS2,Q8NFH8,S,260,0.512465242385298
33206,ENSG00000079950,STX7,O15400,S,173,0.209631924195586
33209,ENSG00000160469,BRSK1,Q8TDC3,S,413,0.583794223333295
33210,ENSG00000104883,PEX11G,Q96HA9,S,164,0.462344056912754
33212,ENSG00000182180,MRPS16,Q9Y3D3,T,132,0.271243109562012
33213,ENSG00000100722,ZC3H14,Q6PJT7,S,274,0.445258598105429
33214,ENSG00000149115,TNKS1BP1,Q9C0C2,S,1516,0.127640744400272
33215,ENSG00000112851,ERBIN,Q96RT1,S,1310,0.273298496864837
33217,ENSG00000107957,SH3PXD2A,Q5TCZ1,S,609,0.10643746458963
33219,ENSG00000133818,RRAS2,P62070,S,10,0.349455336625473
33222,ENSG00000091436,MAP3K20,Q9NYL2,S,567,0.396773901879836
33225,ENSG00000166716,ZNF592,Q92610,S,145,0.326560212355486
33226,ENSG00000110237,ARHGEF17,Q96PE2,S,567,0.207651094926064
33227,ENSG00000147649,MTDH,Q86UE4,S,180,0.397429224398682
33228,ENSG00000156697,UTP14A,Q9BVJ6,S,451,0.275391493364928
33231,ENSG00000169660,HEXDC,Q8WVB3,T,476,0.11914666013195
33232,ENSG00000136205,TNS3,Q68CZ2,S,840,0.154390942634653
33233,ENSG00000170873,MTSS1,O43312,S,721,0.171691826677026
33235,ENSG00000197892,KIF13B,Q9NQT8,S,1389,0.317212539079513
33237,ENSG00000121104,FAM117A,Q9C073,S,201,0.522861242842219
33238,ENSG00000250305,TRMT9B,Q9P272,S,255,0.246840220152591
33239,ENSG00000070882,OSBPL3,Q9H4L5,S,320,0.303826599529814
33240,ENSG00000118482,PHF3,Q92576,T,1610,0.0464073455795366
33241,ENSG00000075651,PLD1,Q13393,S,499,0.273952276350254
33242,ENSG00000133454,MYO18B,Q8IUG5,S,2193,0.141358717984135
33249,ENSG00000134780,DAGLA,Q9Y4D2,S,952,0.217260894650669
33250,ENSG00000160908,ZNF394,Q53GI3,S,258,0.402520652570733
33252,ENSG00000164733,CTSB,P07858,S,83,0.152530408665491
33255,ENSG00000141298,SSH2,Q76I76,S,487,0.28230760376648
33258,ENSG00000079313,REXO1,Q8N1G1,S,794,0.178502943420652
33259,ENSG00000101079,NDRG3,Q9UGV2,S,334,0.588760224316106
33261,ENSG00000079308,TNS1,Q9HBL0,Y,1323,0.642647099224172
33262,ENSG00000134644,PUM1,Q14671,S,106,0.205970625306838
33263,ENSG00000008277,ADAM22,Q9P0K1,S,810,0.177704894928527
33264,ENSG00000135052,GOLM1,Q8NBJ4,S,307,0.28905064168231
33267,ENSG00000084463,WBP11,Q9Y2W2,S,279,0.510425450568558
33268,ENSG00000225830,ERCC6,Q03468,T,246,0.404906455733507
33269,ENSG00000065613,SLK,Q9H2G2,S,1235,0.184498779687536
33270,ENSG00000106948,AKNA,Q7Z591,S,1173,0.113249988629053
33271,ENSG00000148498,PARD3,Q8TEW0,S,837,0.211971647652633
33272,ENSG00000185000,DGAT1,O75907,S,14,0.774258305545231
33273,ENSG00000100106,TRIOBP,Q9H2D6,S,1124,0.124595481162096
33274,ENSG00000110427,KIAA1549L,Q6ZVL6,T,1507,0.092230169541078
33277,ENSG00000140534,TICRR,Q7Z2Z1,S,1413,0.257926118715734
33278,ENSG00000085552,IGSF9,Q9P2J2,S,813,0.292199825792787
33280,ENSG00000090020,SLC9A1,P19634,S,783,0.320911306680165
33281,ENSG00000119638,NEK9,Q8TD19,T,358,0.412489032129419
33284,ENSG00000183963,SMTN,P53814,S,695,0.284800403990362
33285,ENSG00000120549,KIAA1217,Q5T5P2,S,1796,0.206141019646297
33287,ENSG00000122026,RPL21,P46778,T,124,0.29687858490542
33288,ENSG00000122779,TRIM24,O15164,S,660,0.383167812992798
33289,ENSG00000120899,PTK2B,Q14289,S,361,0.118747022563706
33291,ENSG00000143772,ITPKB,P27987,S,92,0.136021113940779
33292,ENSG00000141577,CEP131,Q9UPN4,S,208,0.299521715256319
33296,ENSG00000177425,PAWR,Q96IZ0,S,15,0.31817348470792
33301,ENSG00000165025,SYK,P43405,T,317,0.113367588503949
33303,ENSG00000239887,C1orf226,A1L170,S,244,0.317816654179397
33305,ENSG00000140534,TICRR,Q7Z2Z1,S,1125,0.224897889873493
33310,ENSG00000079215,SLC1A3,P43003,S,512,0.495228830313406
33312,ENSG00000179761,PIPOX,Q9P0Z9,S,300,0.109115230734906
33317,ENSG00000159082,SYNJ1,O43426,S,1080,0.0663697629945907
33324,ENSG00000105287,PRKD2,Q9BZL6,S,876,0.277470513297257
33325,ENSG00000132466,ANKRD17,O75179,S,2489,0.135689322620818
33326,ENSG00000168944,CEP120,Q8N960,S,392,0.159659229368297
33330,ENSG00000168497,CAVIN2,O95810,S,192,0.322124007110398
33332,ENSG00000168916,ZNF608,Q9ULD9,T,636,0.437392892507236
33333,ENSG00000143819,EPHX1,P07099,Y,339,0.512698647276455
33344,ENSG00000135100,HNF1A,P20823,S,70,0.382037701699632
33347,ENSG00000178209,PLEC,Q15149,S,584,0.118572089401817
33348,ENSG00000187735,TCEA1,P23193,S,114,0.272089456780935
33351,ENSG00000004660,CAMKK1,Q8N5S9,S,492,0.237190757686114
33353,ENSG00000179889,PDXDC1,Q6P996,S,537,0.157341765307271
33354,ENSG00000146701,MDH2,P40926,T,248,0.339396855615821
33355,ENSG00000186187,ZNRF1,Q8ND25,S,50,0.46055088938545
33361,ENSG00000196821,C6orf106,Q9H6K1,S,272,0.50957181150781
33362,ENSG00000119682,AREL1,O15033,S,327,0.593396133171085
33364,ENSG00000172315,TP53RK,Q96S44,T,8,0.414741885246176
33365,ENSG00000228672,PROB1,E7EW31,T,820,0.21438026643069
33366,ENSG00000136628,EPRS,P07814,S,885,0.470750032742557
33371,ENSG00000135111,TBX3,O15119,S,680,0.254287871251695
33373,ENSG00000132563,REEP2,Q9BRK0,S,208,0.216045650083314
33375,ENSG00000185567,AHNAK2,Q8IVF2,S,5128,0.0548120832738243
33376,ENSG00000104852,SNRNP70,P08621,S,117,0.138451587674735
33377,ENSG00000119185,ITGB1BP1,O14713,S,49,0.148553316940461
33378,ENSG00000132849,PATJ,Q8NI35,S,1618,0.178120107712686
33381,ENSG00000105137,SYDE1,Q6ZW31,S,231,0.462830667771063
33383,ENSG00000101367,MAPRE1,Q15691,T,154,0.242666360933515
33384,ENSG00000143321,HDGF,P51858,S,83,0.122396093678909
33386,ENSG00000061938,TNK2,Q07912,S,785,0.447715066981544
33387,ENSG00000015133,CCDC88C,Q9P219,S,1604,0.260943594743574
33388,ENSG00000196208,GREB1,Q4ZG55,S,1193,0.194081988620143
33389,ENSG00000136068,FLNB,O75369,S,2418,0.0600303106022337
33391,ENSG00000115902,SLC1A4,P43007,S,507,0.5598149927271
33392,ENSG00000106346,USP42,Q9H9J4,S,1219,0.269499638322373
33394,ENSG00000077514,POLD3,Q15054,S,407,0.39249391214422
33397,ENSG00000130529,TRPM4,Q8TD43,S,728,0.0699253183883131
33398,ENSG00000082781,ITGB5,P18084,S,770,0.463614627939352
33399,ENSG00000213585,VDAC1,P21796,T,55,0.12556734331028
33400,ENSG00000167315,ACAA2,P42765,S,357,0.110619133733535
33401,ENSG00000172869,DMXL1,Q9Y485,S,916,0.105030232711526
33405,ENSG00000078674,PCM1,Q15154,S,804,0.1598159494441
33406,ENSG00000158158,CNNM4,Q6P4Q7,S,764,0.3000013809054
33407,ENSG00000048707,VPS13D,Q5THJ4,S,2861,0.275374853817076
33408,ENSG00000067369,TP53BP1,Q12888,S,315,0.170524966600886
33409,ENSG00000108561,C1QBP,Q07021,S,201,0.493313873244975
33410,ENSG00000052126,PLEKHA5,Q9HAU0,S,1090,0.285660658408427
33411,ENSG00000171723,GPHN,Q9NQX3,S,188,0.766600916639507
33412,ENSG00000198963,RORB,Q92753,S,175,0.391809449125882
33413,ENSG00000184363,PKP3,Q9Y446,S,134,0.484399684720064
33414,ENSG00000134333,LDHA,P00338,T,213,0.123851774270174
33416,ENSG00000169862,CTNND2,Q9UQB3,S,1065,0.27404739342793
33417,ENSG00000094916,CBX5,P45973,S,95,0.339276040155501
33419,ENSG00000075292,ZNF638,Q14966,T,125,0.133555961495845
33421,ENSG00000156675,RAB11FIP1,Q6WKZ4,S,341,0.214432243417378
33422,ENSG00000095932,SMIM24,O75264,S,73,0.310738922974839
33423,ENSG00000137497,NUMA1,Q14980,S,1750,0.151207888799655
33424,ENSG00000102119,EMD,P50402,S,29,0.432765510784965
33426,ENSG00000167978,SRRM2,Q9UQ35,S,178,0.314530918464584
33427,ENSG00000115904,SOS1,Q07889,S,1178,0.856401636130633
33428,ENSG00000198331,HYLS1,Q96M11,S,147,0.295668119600968
33429,ENSG00000180921,FAM83H,Q6ZRV2,S,1098,0.322731603459626
33431,ENSG00000100888,CHD8,Q9HCK8,T,2051,0.213054750804287
33432,ENSG00000170871,KIAA0232,Q92628,S,1122,0.138539408312669
33434,ENSG00000129680,MAP7D3,Q8IWC1,S,751,0.159393660582157
33437,ENSG00000114354,TFG,Q92734,S,148,0.344242870918548
33438,ENSG00000180891,CUEDC1,Q9NWM3,T,151,0.326295190695533
33439,ENSG00000198909,MAP3K3,Q99759,S,147,0.338634770284049
33441,ENSG00000181649,PHLDA2,Q53GA4,S,135,0.126546363767991
33444,ENSG00000166197,NOLC1,Q14978,S,363,0.364439724952402
33446,ENSG00000181090,EHMT1,Q9H9B1,S,483,0.195322145119494
33447,ENSG00000005339,CREBBP,Q92793,S,1755,0.410325218847817
33451,ENSG00000129351,ILF3,Q12906,S,762,0.492359643607673
33453,ENSG00000178685,PARP10,Q53GL7,S,663,0.176786620753553
33454,ENSG00000132694,ARHGEF11,O15085,S,216,0.434483360268137
33458,ENSG00000147130,ZMYM3,Q14202,S,768,0.0805232590893932
33463,ENSG00000143842,SOX13,Q9UN79,S,309,0.448202576597388
33464,ENSG00000116117,PARD3B,Q8TEW8,S,801,0.166492339598476
33465,ENSG00000161681,SHANK1,Q9Y566,S,890,0.220107354353321
33466,ENSG00000147140,NONO,Q15233,T,418,0.28742449238976
33467,ENSG00000225830,ERCC6,Q03468,S,1379,0.0812278835262491
33468,ENSG00000177426,TGIF1,Q15583,S,149,0.12486121036832
33469,ENSG00000166025,AMOTL1,Q8IY63,S,728,0.122936999884901
33470,ENSG00000127526,SLC35E1,Q96K37,S,356,0.364862487251964
33471,ENSG00000072864,NDE1,Q9NXR1,S,214,0.4273393400344
33472,ENSG00000067066,SP100,P23497,T,198,0.340633069240449
33473,ENSG00000143324,XPR1,Q9UBH6,T,690,0.61485241718189
33474,ENSG00000127528,KLF2,Q9Y5W3,T,173,0.648970501962105
33475,ENSG00000117016,RIMS3,Q9UJD0,S,107,0.288326823945522
33477,ENSG00000091436,MAP3K20,Q9NYL2,S,690,0.269189845091688
33478,ENSG00000070214,SLC44A1,Q8WWI5,S,644,0.321621809651097
33479,ENSG00000173210,ABLIM3,O94929,S,379,0.501602773489402
33480,ENSG00000100522,GNPNAT1,Q96EK6,S,31,0.52886957833622
33481,ENSG00000105185,PDCD5,O14737,Y,125,0.571825841628789
33483,ENSG00000137076,TLN1,Q9Y490,Y,1116,0.53152350381077
33485,ENSG00000165288,BRWD3,Q6RI45,S,1763,0.12468213447519
33488,ENSG00000076201,PTPN23,Q9H3S7,S,747,0.0688306316117361
33489,ENSG00000164543,STK17A,Q9UEE5,S,354,0.301097971575659
33491,ENSG00000080200,CRYBG3,Q68DQ2,S,442,0.0478449079318049
33493,ENSG00000151718,WWC2,Q6AWC2,S,262,0.271462861501304
33495,ENSG00000152969,JAKMIP1,Q96N16,T,470,0.470467195731886
33500,ENSG00000141298,SSH2,Q76I76,S,17,0.147260065076514
33501,ENSG00000110514,MADD,Q8WXG6,S,762,0.197246611435852
33507,ENSG00000173214,MFSD4B,Q5TF39,S,474,0.178096087305882
33509,ENSG00000110931,CAMKK2,Q96RR4,S,133,0.508227828314424
33510,ENSG00000114942,EEF1B2,P24534,S,43,0.381205022377817
33513,ENSG00000168374,ARF4,P18085,S,137,0.0908305737291374
33514,ENSG00000175130,MARCKSL1,P49006,S,116,0.364285298773961
33515,ENSG00000064607,SUGP2,Q8IX01,S,573,0.243944651301139
33516,ENSG00000116871,MAP7D1,Q3KQU3,S,116,0.397053213841105
33521,ENSG00000126822,PLEKHG3,A1L390,T,1156,0.147676511480913
33524,ENSG00000052749,RRP12,Q5JTH9,S,66,0.29520034126154
33527,ENSG00000169499,PLEKHA2,Q9HB19,S,194,0.455984032440173
33529,ENSG00000141736,ERBB2,P04626,Y,1248,0.992948664575394
33530,ENSG00000144791,LIMD1,Q9UGP4,S,240,0.377737503836758
33532,ENSG00000138443,ABI2,Q9NYB9,T,200,0.322559772550111
33535,ENSG00000089022,MAPKAPK5,Q8IW41,S,469,0.328828840432218
33538,ENSG00000066583,ISOC1,Q96CN7,Y,160,0.546766137609238
33539,ENSG00000099260,PALMD,Q9NP74,S,515,0.491840204232155
33541,ENSG00000177508,IRX3,P78415,S,208,0.317632780212623
33542,ENSG00000162402,USP24,Q9UPU5,T,89,0.0547798046283753
33550,ENSG00000168958,MFF,Q9GZY8,T,200,0.496733857333585
33551,ENSG00000168781,PPIP5K1,Q6PFW1,S,1037,0.168775245485381
33553,ENSG00000134996,OSTF1,Q92882,S,202,0.531118283275047
33554,ENSG00000066294,CD84,Q9UIB8,Y,279,0.828444361287898
33555,ENSG00000168497,CAVIN2,O95810,S,307,0.202132785912546
33556,ENSG00000112701,SENP6,Q9GZR1,S,1111,0.148132985151239
33559,ENSG00000183386,FHL3,Q13643,T,193,0.20044720198082
33567,ENSG00000171747,LGALS4,P56470,S,230,0.105619783791445
33569,ENSG00000114520,SNX4,O95219,S,108,0.410423711412135
33570,ENSG00000146376,ARHGAP18,Q8N392,S,69,0.465522949478171
33573,ENSG00000050405,LIMA1,Q9UHB6,S,89,0.136471362127408
33574,ENSG00000170242,USP47,Q96K76,S,897,0.186226173414861
33578,ENSG00000136504,KAT7,O95251,S,162,0.410212247404337
33580,ENSG00000111859,NEDD9,Q14511,Y,166,0.749554137228962
33584,ENSG00000086758,HUWE1,Q7Z6Z7,S,3752,0.239500600274826
33586,ENSG00000118473,SGIP1,Q9BQI5,S,319,0.304191709831883
33588,ENSG00000113013,HSPA9,P38646,S,148,0.461791666031337
33592,ENSG00000146670,CDCA5,Q96FF9,S,158,0.488948768519902
33593,ENSG00000130723,PRRC2B,Q5JSZ5,S,980,0.110316387157064
33594,ENSG00000196220,SRGAP3,O43295,S,874,0.325497314371129
33600,ENSG00000250423,KIAA1210,Q9ULL0,S,472,0.0951509162568652
33601,ENSG00000116337,AMPD2,Q01433,S,192,0.254833272582643
33603,ENSG00000119396,RAB14,P61106,S,97,0.541578462083748
33607,ENSG00000159173,TNNI1,P19237,S,183,0.41347123803228
33608,ENSG00000047648,ARHGAP6,O43182,T,752,0.0931826727100485
33611,ENSG00000160007,ARHGAP35,Q9NRY4,S,1085,0.380944732325996
33612,ENSG00000158552,ZFAND2B,Q8WV99,S,181,0.209437138183263
33613,ENSG00000126777,KTN1,Q86UP2,S,1310,0.232352644223007
33614,ENSG00000147130,ZMYM3,Q14202,S,1049,0.21577903305683
33615,ENSG00000156531,PHF6,Q8IWS0,S,192,0.170795923610794
33616,ENSG00000134644,PUM1,Q14671,T,298,0.249557123325802
33617,ENSG00000169224,GCSAML,Q5JQS6,S,84,0.384458309643345
33619,ENSG00000154553,PDLIM3,Q53GG5,S,133,0.380539548009136
33624,ENSG00000196923,PDLIM7,Q9NR12,S,217,0.498404234303798
33628,ENSG00000131095,GFAP,P14136,S,16,0.136972148090749
33629,ENSG00000110514,MADD,Q8WXG6,S,921,0.358277193252288
33630,ENSG00000137145,DENND4C,Q5VZ89,S,965,0.118832196282536
33631,ENSG00000153071,DAB2,P98082,S,675,0.264012571741408
33634,ENSG00000109118,PHF12,Q96QT6,S,134,0.527472601773499
33639,ENSG00000076201,PTPN23,Q9H3S7,S,1133,0.2585801957777
33642,ENSG00000113407,TARS,P26639,S,702,0.283497717567675
33643,ENSG00000205629,LCMT1,Q9UIC8,S,9,0.504152076499557
33644,ENSG00000142694,EVA1B,Q9NVM1,T,158,0.378639520928414
33645,ENSG00000137145,DENND4C,Q5VZ89,S,909,0.0412142083425463
33646,ENSG00000151320,AKAP6,Q13023,S,1329,0.131949610208287
33647,ENSG00000174672,BRSK2,Q8IWQ3,T,451,0.233130455228881
33648,ENSG00000100292,HMOX1,P09601,T,252,0.448273253861752
33649,ENSG00000106404,CLDN15,P56746,S,211,0.17428410673316
33650,ENSG00000164050,PLXNB1,O43157,S,1535,0.132134740916131
33654,ENSG00000134369,NAV1,Q8NEY1,S,362,0.254655638480005
33655,ENSG00000070814,TCOF1,Q13428,T,310,0.359211154138995
33659,ENSG00000159753,CARMIL2,Q6F5E8,S,1328,0.263463487123099
33660,ENSG00000133275,CSNK1G2,P78368,T,377,0.280810380854067
33663,ENSG00000185133,INPP5J,Q15735,S,990,0.213367827595803
33664,ENSG00000086015,MAST2,Q6P0Q8,S,278,0.276262611068944
33665,ENSG00000113594,LIFR,P42702,S,1059,0.265279106858001
33669,ENSG00000145216,FIP1L1,Q6UN15,S,496,0.465654591867853
33670,ENSG00000107957,SH3PXD2A,Q5TCZ1,S,642,0.279108020996773
33671,ENSG00000203867,RBM20,Q5T481,S,660,0.276802746251119
33672,ENSG00000095637,SORBS1,Q9BX66,S,684,0.0980468908796983
33678,ENSG00000033327,GAB2,Q9UQC2,S,633,0.34723818277461
33679,ENSG00000128283,CDC42EP1,Q00587,S,106,0.50655193147263
33682,ENSG00000169710,FASN,P49327,S,1717,0.042818630892189
33685,ENSG00000100154,TTC28,Q96AY4,S,2335,0.28292773107965
33686,ENSG00000166272,WBP1L,Q9NX94,T,169,0.24450280903164
33687,ENSG00000151292,CSNK1G3,Q9Y6M4,S,31,0.372445692630948
33689,ENSG00000133246,PRAM1,Q96QH2,S,48,0.249147337603609
33690,ENSG00000138688,KIAA1109,Q2LD37,S,1287,0.214668392042161
33691,ENSG00000151208,DLG5,Q8TDM6,S,1334,0.141331877068841
33692,ENSG00000112297,CRYBG1,Q9Y4K1,S,452,0.0453741006321709
33695,ENSG00000198081,ZBTB14,O43829,S,222,0.33093251662121
33697,ENSG00000165650,PDZD8,Q8NEN9,S,496,0.339843178888943
33699,ENSG00000128590,DNAJB9,Q9UBS3,S,106,0.321143346794852
33701,ENSG00000140332,TLE3,Q04726,S,293,0.245207536641285
33702,ENSG00000149743,TRPT1,Q86TN4,T,235,0.289203235704441
33703,ENSG00000075391,RASAL2,Q9UJF2,S,92,0.406780661664873
33708,ENSG00000118482,PHF3,Q92576,S,1084,0.0680380349053985
33711,ENSG00000154914,USP43,Q70EL4,S,1069,0.126078307517336
33712,ENSG00000070366,SMG6,Q86US8,T,479,0.483992245689812
33713,ENSG00000169710,FASN,P49327,S,974,0.429529139502652
33715,ENSG00000153827,TRIP12,Q14669,S,310,0.293378292325713
33716,ENSG00000167257,RNF214,Q8ND24,S,196,0.15156339847531
33722,ENSG00000051009,FAM160A2,Q8N612,S,467,0.275920851450684
33724,ENSG00000088930,XRN2,Q9H0D6,S,473,0.287563508226419
33725,ENSG00000136045,PWP1,Q13610,S,59,0.341444969909734
33726,ENSG00000119844,AFTPH,Q6ULP2,S,866,0.0904225039243116
33729,ENSG00000164715,LMTK2,Q8IWU2,S,1310,0.246298369631641
33730,ENSG00000126524,SBDS,Q9Y3A5,S,233,0.271592378734151
33731,ENSG00000024862,CCDC28A,Q8IWP9,S,103,0.273974054955619
33735,ENSG00000129450,SIGLEC9,Q9Y336,Y,456,0.727291233381522
33736,ENSG00000111057,KRT18,P05783,T,8,0.488167480045876
33740,ENSG00000179588,ZFPM1,Q8IX07,S,909,0.37894908009519
33743,ENSG00000170892,TSEN34,Q9BSV6,S,136,0.497525399354946
33745,ENSG00000125753,VASP,P50552,S,325,0.445162778358008
33746,ENSG00000124782,RREB1,Q92766,S,1653,0.203500404123369
33747,ENSG00000128731,HERC2,O95714,S,1942,0.314422635374122
33749,ENSG00000171475,WIPF2,Q8TF74,S,267,0.588132015475897
33750,ENSG00000100297,MCM5,P33992,S,315,0.428258810337947
33751,ENSG00000073712,FERMT2,Q96AC1,T,172,0.499900664211435
33756,ENSG00000134644,PUM1,Q14671,S,227,0.143872942287954
33759,ENSG00000058056,USP13,Q92995,S,630,0.386399352086057
33761,ENSG00000111110,PPM1H,Q9ULR3,S,123,0.632155763807707
33762,ENSG00000011523,CEP68,Q76N32,S,349,0.283090635914474
33763,ENSG00000140577,CRTC3,Q6UUV7,S,411,0.329795136214873
33764,ENSG00000198780,FAM169A,Q9Y6X4,S,361,0.0930489187610148
33765,ENSG00000044446,PHKA2,P46019,T,1046,0.256539029623629
33768,ENSG00000173166,RAPH1,Q70E73,S,979,0.186436565431385
33769,ENSG00000151779,NBAS,A2RRP1,S,564,0.210001926833628
33770,ENSG00000005339,CREBBP,Q92793,S,2079,0.474399552457959
33772,ENSG00000139718,SETD1B,Q9UPS6,S,1770,0.099114510455255
33774,ENSG00000022556,NLRP2,Q9NX02,S,671,0.287869182595821
33775,ENSG00000065548,ZC3H15,Q8WU90,S,368,0.362585710378787
33776,ENSG00000141503,MINK1,Q8N4C8,S,563,0.20629294926982
33777,ENSG00000138119,MYOF,Q9NZM1,S,729,0.314491560057462
33779,ENSG00000133392,MYH11,P35749,S,1189,0.0517351113321988
33780,ENSG00000173327,MAP3K11,Q16584,T,708,0.397349640989314
33781,ENSG00000064787,BCAS1,O75363,S,330,0.208836996804707
33783,ENSG00000167548,KMT2D,O14686,S,48,0.234716950679924
33786,ENSG00000065243,PKN2,Q16513,S,360,0.554474341370265
33790,ENSG00000178209,PLEC,Q15149,T,893,0.235835358094487
33792,ENSG00000137145,DENND4C,Q5VZ89,S,1638,0.0633888004506935
33793,ENSG00000133392,MYH11,P35749,Y,1408,0.343196126367954
33794,ENSG00000105523,FAM83E,Q2M2I3,T,362,0.268374890707364
33797,ENSG00000153250,RBMS1,P29558,S,40,0.135799122216091
33799,ENSG00000138835,RGS3,P49796,S,916,0.199479157439638
33804,ENSG00000137497,NUMA1,Q14980,S,1721,0.294389258091216
33805,ENSG00000168591,TMUB2,Q71RG4,S,154,0.430848349526476
33807,ENSG00000105245,NUMBL,Q9Y6R0,S,270,0.498265529806428
33808,ENSG00000121297,TSHZ3,Q63HK5,T,431,0.204974174823606
33811,ENSG00000078269,SYNJ2,O15056,S,1124,0.318050248156456
33813,ENSG00000181885,CLDN7,O95471,S,206,0.516758425107478
33817,ENSG00000184281,TSSC4,Q9Y5U2,S,320,0.370237272868149
33818,ENSG00000090989,EXOC1,Q9NV70,T,471,0.272454994699119
33819,ENSG00000239887,C1orf226,A1L170,S,257,0.19273906585632
33820,ENSG00000080546,SESN1,Q9Y6P5,S,314,0.238002197461435
33824,ENSG00000184226,PCDH9,Q9HC56,T,954,0.242540589054922
33825,ENSG00000130779,CLIP1,P30622,S,1303,0.197110873444638
33826,ENSG00000057704,TMCC3,Q9ULS5,S,226,0.240018705963917
33829,ENSG00000115183,TANC1,Q9C0D5,S,313,0.359053034920703
33830,ENSG00000088888,MAVS,Q7Z434,T,147,0.196788832097414
33831,ENSG00000078674,PCM1,Q15154,S,1229,0.203094923581897
33833,ENSG00000111907,TPD52L1,Q16890,S,115,0.175528707615471
33834,ENSG00000101745,ANKRD12,Q6UB98,S,1189,0.423559318753163
33835,ENSG00000129595,EPB41L4A,Q9HCS5,S,611,0.109214201847281
33838,ENSG00000154783,FGD5,Q6ZNL6,S,486,0.268845849457244
33839,ENSG00000198901,PRC1,O43663,S,571,0.560635074524314
33840,ENSG00000166582,CENPV,Q7Z7K6,T,98,0.359793870737552
33843,ENSG00000084463,WBP11,Q9Y2W2,Y,236,0.495120730949984
33845,ENSG00000186517,ARHGAP30,Q7Z6I6,S,240,0.154086869928232
33847,ENSG00000107263,RAPGEF1,Q13905,S,477,0.166255590301364
33849,ENSG00000169258,GPRIN1,Q7Z2K8,S,799,0.148956459944635
33852,ENSG00000100324,TAB1,Q15750,S,7,0.707282294097984
33857,ENSG00000171853,TRAPPC12,Q8WVT3,S,78,0.134463319720465
33858,ENSG00000196453,ZNF777,Q9ULD5,S,351,0.20077413828722
33860,ENSG00000140320,BAHD1,Q8TBE0,T,588,0.585220358177485
33862,ENSG00000151229,SLC2A13,Q96QE2,S,645,0.558941507797399
33864,ENSG00000242110,AMACR,Q9UHK6,S,324,0.308636003753259
33865,ENSG00000168918,INPP5D,Q92835,S,170,0.163524704498711
33867,ENSG00000166128,RAB8B,Q92930,S,180,0.347031493669178
33868,ENSG00000186350,RXRA,P19793,S,21,0.726590903575737
33869,ENSG00000106077,ABHD11,Q8NFV4,S,196,0.241338929941501
33871,ENSG00000115687,PASK,Q96RG2,S,1289,0.216358399498133
33873,ENSG00000152422,XRCC4,Q13426,S,299,0.382522552375601
33875,ENSG00000120549,KIAA1217,Q5T5P2,S,1628,0.264677296931447
33876,ENSG00000167996,FTH1,P02794,S,114,0.132500331747365
33877,ENSG00000082397,EPB41L3,Q9Y2J2,T,462,0.235646874984575
33880,ENSG00000166446,CDYL2,Q8N8U2,S,163,0.183283726213609
33881,ENSG00000118515,SGK1,O00141,S,78,0.521645357862628
33882,ENSG00000089063,TMEM230,Q96A57,T,25,0.364687231945806
33883,ENSG00000060237,WNK1,Q9H4A3,S,1935,0.0394666200373466
33884,ENSG00000152359,POC5,Q8NA72,S,564,0.110242752391928
33886,ENSG00000091622,PITPNM3,Q9BZ71,S,495,0.289343389514083
33888,ENSG00000126583,PRKCG,P05129,S,322,0.20663497486743
33895,ENSG00000051009,FAM160A2,Q8N612,S,516,0.333788803189094
33898,ENSG00000184640,SEPT9,Q9UHD8,T,42,0.522784968201142
33899,ENSG00000054611,TBC1D22A,Q8WUA7,S,167,0.86263846094834
33900,ENSG00000151240,DIP2C,Q9Y2E4,S,5,0.100697140483988
33902,ENSG00000185049,NELFA,Q9H3P2,T,343,0.566617671873328
33903,ENSG00000130726,TRIM28,Q13263,S,49,0.341759227690138
33904,ENSG00000275023,MLLT6,P55198,S,191,0.0934090397299804
33907,ENSG00000100897,DCAF11,Q8TEB1,S,11,0.391924306258242
33908,ENSG00000154447,SH3RF1,Q7Z6J0,S,739,0.532428373587504
33909,ENSG00000109445,ZNF330,Q9Y3S2,S,291,0.517310494090783
33912,ENSG00000165138,ANKS6,Q68DC2,S,742,0.314042893229019
33913,ENSG00000196950,SLC39A10,Q9ULF5,T,536,0.260213016226084
33915,ENSG00000090989,EXOC1,Q9NV70,S,297,0.266314304799093
33918,ENSG00000204463,BAG6,P46379,S,123,0.13022392868156
33919,ENSG00000112851,ERBIN,Q96RT1,S,665,0.103436955421171
33921,ENSG00000174276,ZNHIT2,Q9UHR6,T,189,0.230553828315019
33922,ENSG00000149474,KAT14,Q9H8E8,S,428,0.26696209465038
33923,ENSG00000115687,PASK,Q96RG2,S,109,0.300102887024554
33924,ENSG00000198646,NCOA6,Q14686,S,1800,0.12483825300621
33925,ENSG00000084652,TXLNA,P40222,S,148,0.355424120385272
33927,ENSG00000136068,FLNB,O75369,S,1988,0.3233845914171
33928,ENSG00000165804,ZNF219,Q9P2Y4,T,695,0.244723356041446
33930,ENSG00000086102,NFX1,Q12986,S,90,0.331604678936937
33932,ENSG00000085433,WDR47,O94967,S,422,0.279047738359184
33933,ENSG00000047578,KIAA0556,O60303,T,917,0.0673126418934285
33935,ENSG00000214309,MBLAC1,A4D2B0,S,65,0.184413769150799
33936,ENSG00000159753,CARMIL2,Q6F5E8,S,1395,0.267590917194877
33938,ENSG00000026025,VIM,P08670,S,339,0.421256175809113
33940,ENSG00000204371,EHMT2,Q96KQ7,S,173,0.195551836962447
33941,ENSG00000002746,HECW1,Q76N89,S,1075,0.355558344497212
33942,ENSG00000135829,DHX9,Q08211,T,94,0.265882175480042
33943,ENSG00000111961,SASH1,O94885,T,334,0.0899188604752203
33944,ENSG00000141736,ERBB2,P04626,S,1100,0.259343227288171
33945,ENSG00000176095,IP6K1,Q92551,S,127,0.522904001923218
33947,ENSG00000101040,ZMYND8,Q9ULU4,S,754,0.278570139075815
33948,ENSG00000130396,AFDN,P55196,S,1262,0.0387930271271604
33950,ENSG00000008083,JARID2,Q92833,T,209,0.344981529862794
33951,ENSG00000103061,SLC7A6OS,Q96CW6,S,168,0.13675914146914
33953,ENSG00000126705,AHDC1,Q5TGY3,T,34,0.203598000504489
33954,ENSG00000105447,GRWD1,Q9BQ67,S,122,0.600776369131144
33955,ENSG00000125149,C16orf70,Q9BSU1,S,373,0.248886001197579
33956,ENSG00000168615,ADAM9,Q13443,S,798,0.241383774988715
33957,ENSG00000141447,OSBPL1A,Q9BXW6,S,460,0.193009548564159
33958,ENSG00000204681,GABBR1,Q9UBS5,T,873,0.286453904081042
33960,ENSG00000156675,RAB11FIP1,Q6WKZ4,S,343,0.43613354623942
33961,ENSG00000163945,UVSSA,Q2YD98,S,287,0.602130294636997
33963,ENSG00000112739,PRPF4B,Q13523,S,636,0.274609469805223
33964,ENSG00000170921,TANC2,Q9HCD6,S,235,0.0999805416568497
33965,ENSG00000251322,SHANK3,Q9BYB0,S,392,0.185733658335495
33967,ENSG00000114062,UBE3A,Q05086,S,93,0.327538975612479
33968,ENSG00000167548,KMT2D,O14686,S,1858,0.18750300735665
33969,ENSG00000165637,VDAC2,P45880,S,46,0.305132648445497
33973,ENSG00000258890,CEP95,Q96GE4,S,449,0.442913367598878
33975,ENSG00000089094,KDM2B,Q8NHM5,S,907,0.114750792598663
33976,ENSG00000023516,AKAP11,Q9UKA4,T,462,0.0752546185144758
33977,ENSG00000100941,PNN,Q9H307,S,417,0.354745253809241
33980,ENSG00000104728,ARHGEF10,O15013,S,1289,0.22599867965608
33981,ENSG00000158985,CDC42SE2,Q9NRR3,S,27,0.224387248098655
33982,ENSG00000085224,ATRX,P46100,S,783,0.257784060898798
33983,ENSG00000088387,DOCK9,Q9BZ29,S,440,0.0541546724322459
33984,ENSG00000140534,TICRR,Q7Z2Z1,S,1026,0.222844433875628
33985,ENSG00000158545,ZC3H18,Q86VM9,S,689,0.277485126528212
33986,ENSG00000077150,NFKB2,Q00653,S,872,0.31787667213973
33989,ENSG00000158636,EMSY,Q7Z589,T,207,0.467124642211841
33990,ENSG00000156709,AIFM1,O95831,S,524,0.374189937367321
33993,ENSG00000163946,FAM208A,Q9UK61,S,788,0.0845397405267797
33995,ENSG00000188807,TMEM201,Q5SNT2,S,477,0.608298769090035
33996,ENSG00000127947,PTPN12,Q05209,S,661,0.106683440266907
33998,ENSG00000155846,PPARGC1B,Q86YN6,T,526,0.088622742915889
33999,ENSG00000101150,TPD52L2,O43399,S,19,0.34838926313527
34002,ENSG00000181555,SETD2,Q9BYW2,T,1857,0.352041375290712
34004,ENSG00000132470,ITGB4,P16144,S,1454,0.29586451425468
34006,ENSG00000147130,ZMYM3,Q14202,S,950,0.0728878119498577
34009,ENSG00000196924,FLNA,P21333,S,2558,0.0828766937007149
34012,ENSG00000110841,PPFIBP1,Q86W92,S,571,0.249236461323165
34014,ENSG00000112624,BICRAL,Q6AI39,S,623,0.263780653017049
34017,ENSG00000169758,TMEM266,Q2M3C6,S,475,0.251626049707557
34019,ENSG00000027075,PRKCH,P24723,S,32,0.517365906483682
34025,ENSG00000006453,BAIAP2L1,Q9UHR4,T,252,0.527658530798136
34028,ENSG00000198824,CHAMP1,Q96JM3,S,626,0.324932100731064
34029,ENSG00000103056,SMPD3,Q9NY59,S,180,0.12974238980361
34031,ENSG00000107282,APBA1,Q02410,S,313,0.435031644560843
34032,ENSG00000131711,MAP1B,P46821,S,1190,0.148945306187062
34034,ENSG00000124507,PACSIN1,Q9BY11,S,346,0.195726410848147
34037,ENSG00000101191,DIDO1,Q9BTC0,S,111,0.288616932261795
34038,ENSG00000116871,MAP7D1,Q3KQU3,T,51,0.407325462871402
34039,ENSG00000151208,DLG5,Q8TDM6,T,984,0.423739956813122
34042,ENSG00000106665,CLIP2,Q9UDT6,S,156,0.200239738592843
34047,ENSG00000105699,LSR,Q86X29,S,581,0.337023833682315
34049,ENSG00000124831,LRRFIP1,Q32MZ4,S,110,0.32392925107734
34050,ENSG00000003249,DBNDD1,Q9H9R9,S,121,0.476478970514736
34051,ENSG00000213064,SFT2D2,O95562,T,13,0.365889979363402
34052,ENSG00000114541,FRMD4B,Q9Y2L6,S,372,0.195673892882041
34053,ENSG00000170248,PDCD6IP,Q8WUM4,T,479,0.531412629859166
34054,ENSG00000121060,TRIM25,Q14258,S,340,0.120513061723799
34056,ENSG00000174705,SH3PXD2B,A1X283,S,675,0.381312255118052
34059,ENSG00000027075,PRKCH,P24723,Y,676,0.385380779211807
34060,ENSG00000065526,SPEN,Q96T58,S,1566,0.149455472228351
34063,ENSG00000167173,C15orf39,Q6ZRI6,T,397,0.305059229905143
34064,ENSG00000138413,IDH1,O75874,Y,391,0.388496858969004
34066,ENSG00000136197,C7orf25,Q9BPX7,S,208,0.40379392957606
34067,ENSG00000164587,RPS14,P62263,S,137,0.467659509709506
34068,ENSG00000110330,BIRC2,Q13490,T,142,0.140212538233908
34070,ENSG00000140262,TCF12,Q99081,S,534,0.118159224445123
34073,ENSG00000205189,ZBTB10,Q96DT7,S,647,0.220863526929034
34075,ENSG00000121940,CLCC1,Q96S66,S,548,0.430957464474404
34076,ENSG00000196535,MYO18A,Q92614,S,1942,0.364355000784265
34077,ENSG00000173267,SNCG,O76070,S,124,0.234642182655651
34080,ENSG00000205336,ADGRG1,Q9Y653,S,690,0.350069586493763
34082,ENSG00000213719,CLIC1,O00299,T,155,0.376323435971585
34083,ENSG00000135968,GCC2,Q8IWJ2,S,446,0.153390779121208
34086,ENSG00000173889,PHC3,Q8NDX5,S,761,0.279025702471648
34087,ENSG00000132688,NES,P48681,S,945,0.0757728775128418
34088,ENSG00000198825,INPP5F,Q9Y2H2,S,878,0.107159802422136
34093,ENSG00000138162,TACC2,O95359,S,1768,0.249004560182369
34094,ENSG00000138413,IDH1,O75874,T,77,0.524409143665306
34095,ENSG00000168818,STX18,Q9P2W9,S,167,0.353363604569231
34096,ENSG00000170006,TMEM154,Q6P9G4,S,115,0.540928247820979
34097,ENSG00000181827,RFX7,Q2KHR2,T,467,0.208402264589947
34101,ENSG00000196663,TECPR2,O15040,S,449,0.205226529378401
34102,ENSG00000005483,KMT2E,Q8IZD2,S,1359,0.291315772168284
34103,ENSG00000130985,UBA1,P22314,S,793,0.210397368312185
34105,ENSG00000036448,MYOM2,P54296,S,91,0.299381277477686
34107,ENSG00000070814,TCOF1,Q13428,S,996,0.196343869231577
34108,ENSG00000124942,AHNAK,Q09666,T,5009,0.227314639503257
34109,ENSG00000087274,ADD1,P35611,S,483,0.159340260234297
34112,ENSG00000169062,UPF3A,Q9H1J1,S,339,0.333964709565149
34113,ENSG00000198586,TLK1,Q9UKI8,S,97,0.183019221081359
34115,ENSG00000174021,GNG5,P63218,T,50,0.106821110145514
34118,ENSG00000167978,SRRM2,Q9UQ35,S,2436,0.148652872879146
34122,ENSG00000168036,CTNNB1,P35222,S,29,0.401314792931052
34123,ENSG00000125744,RTN2,O75298,S,44,0.231604959374892
34124,ENSG00000039319,ZFYVE16,Q7Z3T8,S,896,0.360147412168038
34125,ENSG00000121068,TBX2,Q13207,S,336,0.509210610339068
34126,ENSG00000110876,SELPLG,Q14242,S,409,0.500242405407376
34129,ENSG00000110876,SELPLG,Q14242,S,389,0.491374819506033
34130,ENSG00000159140,SON,P18583,T,2163,0.307250260151011
34131,ENSG00000111897,SERINC1,Q9NRX5,S,361,0.339713866855796
34132,ENSG00000103222,ABCC1,P33527,S,289,0.181408726210336
34133,ENSG00000130787,HIP1R,O75146,S,592,0.204932489466421
34135,ENSG00000164879,CA3,P07451,S,9,0.157269609553655
34137,ENSG00000099991,CABIN1,Q9Y6J0,S,1752,0.0869863552863948
34139,ENSG00000006712,PAF1,Q8N7H5,T,386,0.335575293445753
34142,ENSG00000136546,SCN7A,Q01118,S,791,0.0741118735095392
34144,ENSG00000019505,SYT13,Q7L8C5,S,113,0.258499699490122
34145,ENSG00000176624,MEX3C,Q5U5Q3,S,150,0.103731032095868
34146,ENSG00000141750,STAC2,Q6ZMT1,S,112,0.372743964063654
34147,ENSG00000135069,PSAT1,Q9Y617,S,20,0.272125329962527
34150,ENSG00000179364,PACS2,Q86VP3,S,368,0.199529944447682
34152,ENSG00000172380,GNG12,Q9UBI6,T,58,0.0677897162238867
34153,ENSG00000021826,CPS1,P31327,S,898,0.2493758423502
34155,ENSG00000135829,DHX9,Q08211,S,1033,0.294899052064316
34158,ENSG00000167978,SRRM2,Q9UQ35,S,2412,0.168166428189075
34159,ENSG00000176381,PRR18,Q8N4B5,S,101,0.181565538055644
34160,ENSG00000147874,HAUS6,Q7Z4H7,S,510,0.216538719054274
34161,ENSG00000049759,NEDD4L,Q96PU5,S,487,0.466112330939098
34162,ENSG00000110711,AIP,O00170,S,159,0.343030834614396
34165,ENSG00000156299,TIAM1,Q13009,S,224,0.0879451099010836
34166,ENSG00000120278,PLEKHG1,Q9ULL1,S,892,0.110887460217901
34167,ENSG00000106211,HSPB1,P04792,S,156,0.164313516520172
34168,ENSG00000148773,MKI67,P46013,S,648,0.340054707799586
34175,ENSG00000197077,KIAA1671,Q9BY89,T,1179,0.210070240473295
34176,ENSG00000147394,ZNF185,O15231,T,513,0.455621867939663
34178,ENSG00000080815,PSEN1,P49768,T,354,0.87673242698302
34182,ENSG00000168763,CNNM3,Q8NE01,S,467,0.324949886105795
34183,ENSG00000257923,CUX1,P39880,S,1215,0.37710475748157
34186,ENSG00000203867,RBM20,Q5T481,S,1048,0.205558332612477
34188,ENSG00000117114,ADGRL2,O95490,S,1116,0.100133259943505
34189,ENSG00000136205,TNS3,Q68CZ2,S,942,0.260009589141575
34190,ENSG00000166348,USP54,Q70EL1,T,442,0.22495915635611
34191,ENSG00000158417,EIF5B,O60841,S,438,0.234067494004014
34192,ENSG00000107554,DNMBP,Q6XZF7,S,1371,0.20071190704688
34193,ENSG00000090975,PITPNM2,Q9BZ72,S,666,0.291640355792088
34197,ENSG00000185122,HSF1,Q00613,S,319,0.478571011009951
34198,ENSG00000138439,FAM117B,Q6P1L5,T,396,0.48122399330946
34200,ENSG00000196498,NCOR2,Q9Y618,S,750,0.205183706979527
34201,ENSG00000118946,PCDH17,O14917,S,1038,0.33391782617362
34203,ENSG00000196961,AP2A1,O95782,S,652,0.318054499152651
34205,ENSG00000100266,PACSIN2,Q9UNF0,S,403,0.369252279656063
34206,ENSG00000124006,OBSL1,O75147,S,120,0.164798166268664
34209,ENSG00000160410,SHKBP1,Q8TBC3,S,647,0.454704561282327
34210,ENSG00000133226,SRRM1,Q8IYB3,S,240,0.233968809709808
34212,ENSG00000158545,ZC3H18,Q86VM9,S,910,0.206187662380758
34214,ENSG00000163539,CLASP2,O75122,S,325,0.332916626112919
34217,ENSG00000148773,MKI67,P46013,S,1048,0.111970268441887
34222,ENSG00000158092,NCK1,P16333,S,96,0.364400455296924
34223,ENSG00000154305,MIA3,Q5JRA6,S,1539,0.36321870896496
34224,ENSG00000155324,GRAMD2B,Q96HH9,S,44,0.40479056717545
34225,ENSG00000162302,RPS6KA4,O75676,T,542,0.510378824374317
34226,ENSG00000154415,PPP1R3A,Q16821,S,48,0.273793672438907
34229,ENSG00000115841,RMDN2,Q96LZ7,S,121,0.202400427110208
34230,ENSG00000168502,MTCL1,Q9Y4B5,S,1388,0.217662120952561
34232,ENSG00000076248,UNG,P13051,S,64,0.953916948986343
34233,ENSG00000137962,ARHGAP29,Q52LW3,S,539,0.147365663286971
34234,ENSG00000163092,XIRP2,A4UGR9,S,868,0.158675964890321
34235,ENSG00000100207,TCF20,Q9UGU0,S,504,0.0484305442250338
34237,ENSG00000107438,PDLIM1,O00151,T,291,0.132577126893589
34238,ENSG00000171314,PGAM1,P18669,S,152,0.106079836938795
34240,ENSG00000012048,BRCA1,P38398,T,967,0.285669788810577
34243,ENSG00000162458,FBLIM1,Q8WUP2,T,65,0.207223525986804
34244,ENSG00000156299,TIAM1,Q13009,T,319,0.30600127450955
34246,ENSG00000163516,ANKZF1,Q9H8Y5,S,533,0.266384385423214
34248,ENSG00000168502,MTCL1,Q9Y4B5,S,221,0.112815093816797
34250,ENSG00000168906,MAT2A,P31153,S,384,0.416859147743239
34252,ENSG00000155792,DEPTOR,Q8TB45,S,292,0.126203137397067
34253,ENSG00000096384,HSP90AB1,P08238,S,462,0.451967562385123
34254,ENSG00000127483,HP1BP3,Q5SSJ5,S,71,0.296405119484181
34257,ENSG00000206075,SERPINB5,P36952,S,135,0.153867120057942
34260,ENSG00000103671,TRIP4,Q15650,S,341,0.327051546401461
34263,ENSG00000112297,CRYBG1,Q9Y4K1,S,918,0.270360879689178
34264,ENSG00000124198,ARFGEF2,Q9Y6D5,T,243,0.161736697346378
34266,ENSG00000164715,LMTK2,Q8IWU2,S,561,0.105338548506295
34268,ENSG00000185950,IRS2,Q9Y4H2,S,932,0.205933019677736
34272,ENSG00000163697,APBB2,Q92870,S,300,0.186985685289052
34274,ENSG00000165478,HEPACAM,Q14CZ8,S,377,0.525154682239676
34277,ENSG00000120279,MYCT1,Q8N699,S,114,0.262574645699475
34278,ENSG00000197694,SPTAN1,Q13813,S,982,0.411875554644333
34280,ENSG00000134709,HOOK1,Q9UJC3,S,727,0.288176819855116
34281,ENSG00000130592,LSP1,P33241,S,103,0.192332706138133
34283,ENSG00000272333,KMT2B,Q9UMN6,T,948,0.261200430610156
34285,ENSG00000159140,SON,P18583,S,142,0.166766122580966
34288,ENSG00000130701,RBBP8NL,Q8NC74,S,466,0.206609419403605
34289,ENSG00000162402,USP24,Q9UPU5,S,2604,0.329962286155283
34290,ENSG00000142039,CCDC97,Q96F63,T,202,0.411715951881728
34291,ENSG00000162613,FUBP1,Q96AE4,S,140,0.393596882990691
34297,ENSG00000108395,TRIM37,O94972,S,454,0.330382215193108
34300,ENSG00000124151,NCOA3,Q9Y6Q9,S,860,0.373111849483266
34305,ENSG00000168334,XIRP1,Q702N8,S,1669,0.213750958571643
34306,ENSG00000125755,SYMPK,Q92797,S,1170,0.211218226292191
34307,ENSG00000137812,KNL1,Q8NG31,S,767,0.220489562402983
34308,ENSG00000110395,CBL,P22681,T,568,0.417668035728749
34309,ENSG00000137656,BUD13,Q9BRD0,S,259,0.299900294936149
34310,ENSG00000058453,CROCC,Q5TZA2,S,1900,0.248241047301132
34311,ENSG00000067369,TP53BP1,Q12888,S,784,0.275157034419741
34313,ENSG00000101557,USP14,P54578,S,492,0.12973623595294
34315,ENSG00000110046,ATG2A,Q2TAZ0,S,1309,0.258154042858382
34317,ENSG00000103855,CD276,Q5ZPR3,S,525,0.408575435129063
34318,ENSG00000148429,USP6NL,Q92738,S,689,0.34199296442301
34320,ENSG00000054118,THRAP3,Q9Y2W1,S,499,0.227164603790338
34324,ENSG00000135439,AGAP2,Q99490,T,809,0.195326048715391
34326,ENSG00000116871,MAP7D1,Q3KQU3,S,232,0.523716623359437
34328,ENSG00000172935,MRGPRF,Q96AM1,T,332,0.113531497745963
34329,ENSG00000142784,WDTC1,Q8N5D0,S,513,0.327818027050879
34332,ENSG00000163110,PDLIM5,Q96HC4,S,211,0.0932057219375918
34334,ENSG00000182253,SYNM,O15061,S,484,0.0635441541146066
34338,ENSG00000179456,ZBTB18,Q99592,S,333,0.251727838764226
34341,ENSG00000099814,CEP170B,Q9Y4F5,S,597,0.27727547555333
34343,ENSG00000159259,CHAF1B,Q13112,T,432,0.289156310972229
34344,ENSG00000100865,CINP,Q9BW66,S,70,0.45626673795872
34347,ENSG00000146830,GIGYF1,O75420,S,755,0.0793060063403539
34350,ENSG00000168958,MFF,Q9GZY8,S,258,0.378118637770493
34352,ENSG00000113790,EHHADH,Q08426,S,718,0.405751724447189
34353,ENSG00000134780,DAGLA,Q9Y4D2,S,806,0.398684345183041
34354,ENSG00000110713,NUP98,P52948,S,673,0.182290323278295
34356,ENSG00000141579,ZNF750,Q32MQ0,S,136,0.222518319796319
34361,ENSG00000196924,FLNA,P21333,S,2131,0.178047704127436
34362,ENSG00000112394,SLC16A10,Q8TF71,S,266,0.324000846977705
34363,ENSG00000125810,CD93,Q9NPY3,S,629,0.308913916572145
34364,ENSG00000153823,PID1,Q7Z2X4,S,247,0.301183216274862
34366,ENSG00000178209,PLEC,Q15149,T,3277,0.176554070104994
34367,ENSG00000100393,EP300,Q09472,T,1909,0.20003341271413
34368,ENSG00000114631,PODXL2,Q9NZ53,S,560,0.444886721337917
34369,ENSG00000197321,SVIL,O95425,S,66,0.203780223344064
34370,ENSG00000159217,IGF2BP1,Q9NZI8,T,528,0.480832553764275
34372,ENSG00000047648,ARHGAP6,O43182,S,363,0.321058899453158
34376,ENSG00000099625,CBARP,Q8N350,S,541,0.246758399793087
34378,ENSG00000172661,WASHC2C,Q9Y4E1,S,1200,0.147353174845692
34379,ENSG00000028116,VRK2,Q86Y07,S,447,0.530029223588426
34380,ENSG00000162407,PLPP3,O14495,S,297,0.457487141780388
34381,ENSG00000143772,ITPKB,P27987,S,228,0.275706646126643
34384,ENSG00000169891,REPS2,Q8NFH8,S,198,0.321034105362357
34385,ENSG00000179588,ZFPM1,Q8IX07,S,768,0.315310311655036
34389,ENSG00000099822,HCN2,Q9UL51,S,146,0.135559889506901
34390,ENSG00000197386,HTT,P42858,S,642,0.199953076969345
34394,ENSG00000073584,SMARCE1,Q969G3,S,204,0.363954121206356
34395,ENSG00000154229,PRKCA,P17252,T,495,0.411016509445138
34396,ENSG00000160991,ORAI2,Q96SN7,S,33,0.441881842539203
34399,ENSG00000106477,CEP41,Q9BYV8,S,344,0.19524950351513
34400,ENSG00000146966,DENND2A,Q9ULE3,S,404,0.352418062256752
34402,ENSG00000183808,RBM12B,Q8IXT5,S,250,0.33967637408723
34404,ENSG00000165819,METTL3,Q86U44,S,243,0.294209037615319
34406,ENSG00000133812,SBF2,Q86WG5,S,1279,0.213257455463633
34413,ENSG00000160633,SAFB,Q14151,S,832,0.408533968633474
34415,ENSG00000156030,ELMSAN1,Q6PJG2,S,636,0.548289496138107
34416,ENSG00000082701,GSK3B,P49841,T,392,0.405774782956145
34417,ENSG00000149929,HIRIP3,Q9BW71,S,104,0.398505026806647
34420,ENSG00000185359,HGS,O14964,Y,216,0.582278208386093
34421,ENSG00000168476,REEP4,Q9H6H4,S,253,0.359572710562551
34422,ENSG00000138834,MAPK8IP3,Q9UPT6,S,364,0.321555271383464
34423,ENSG00000107833,NPM3,O75607,S,147,0.491671074100397
34427,ENSG00000169180,XPO6,Q96QU8,S,219,0.177523120730083
34428,ENSG00000134313,KIDINS220,Q9ULH0,S,1365,0.405784414002518
34429,ENSG00000142864,SERBP1,Q8NC51,T,255,0.367257314848144
34430,ENSG00000254772,EEF1G,P26641,S,298,0.580220696717969
34432,ENSG00000167548,KMT2D,O14686,S,3620,0.24356024443485
34433,ENSG00000228672,PROB1,E7EW31,S,372,0.169091374525552
34434,ENSG00000228672,PROB1,E7EW31,S,236,0.277761800958279
34437,ENSG00000178149,DALRD3,Q5D0E6,S,209,0.392236632338507
34439,ENSG00000148429,USP6NL,Q92738,Y,710,0.402875209373002
34440,ENSG00000165629,ATP5F1C,P36542,S,146,0.406939528387073
34441,ENSG00000061936,SFSWAP,Q12872,S,824,0.240971861951343
34442,ENSG00000170871,KIAA0232,Q92628,S,227,0.232132228981903
34443,ENSG00000116731,PRDM2,Q13029,S,450,0.0671385253378448
34445,ENSG00000170832,USP32,Q8NFA0,S,1366,0.220410875408947
34447,ENSG00000088247,KHSRP,Q92945,S,184,0.345314855193366
34448,ENSG00000091640,SPAG7,O75391,S,219,0.261644889785086
34449,ENSG00000147010,SH3KBP1,Q96B97,S,493,0.484913769337949
34450,ENSG00000151929,BAG3,O95817,S,136,0.691781848523314
34451,ENSG00000143217,NECTIN4,Q96NY8,S,462,0.248611331166015
34453,ENSG00000115020,PIKFYVE,Q9Y2I7,S,1714,0.377478943034118
34454,ENSG00000090975,PITPNM2,Q9BZ72,S,324,0.33221023337057
34455,ENSG00000105176,URI1,O94763,S,440,0.299734277851255
34456,ENSG00000095585,BLNK,Q8WV28,S,197,0.220482266627285
34457,ENSG00000128512,DOCK4,Q8N1I0,S,1840,0.0988780944089353
34462,ENSG00000073050,XRCC1,P18887,S,485,0.334070967194431
34463,ENSG00000183624,HMCES,Q96FZ2,S,50,0.277188345853616
34466,ENSG00000138434,SSFA2,P28290,S,364,0.205640304720033
34468,ENSG00000105063,PPP6R1,Q9UPN7,T,862,0.20922504926702
34473,ENSG00000151458,ANKRD50,Q9ULJ7,S,1162,0.306088755609866
34477,ENSG00000147041,SYTL5,Q8TDW5,S,147,0.247342862234357
34478,ENSG00000102760,RGCC,Q9H4X1,T,99,0.278013482613138
34479,ENSG00000182809,CRIP2,P52943,S,111,0.446412553035871
34481,ENSG00000115677,HDLBP,Q00341,S,35,0.236503989474964
34482,ENSG00000124782,RREB1,Q92766,S,231,0.133271446503609
34485,ENSG00000198954,KIF1BP,Q96EK5,S,178,0.183412063317067
34486,ENSG00000133392,MYH11,P35749,S,687,0.0858582345704544
34489,ENSG00000134072,CAMK1,Q14012,T,177,0.627103897392698
34490,ENSG00000100796,PPP4R3A,Q6IN85,S,777,0.472050075970894
34491,ENSG00000174720,LARP7,Q4G0J3,S,286,0.263516585254381
34493,ENSG00000143772,ITPKB,P27987,S,355,0.145390131308628
34494,ENSG00000006453,BAIAP2L1,Q9UHR4,S,281,0.518599994202593
34495,ENSG00000168502,MTCL1,Q9Y4B5,S,1523,0.228679118527441
34496,ENSG00000149150,SLC43A1,O75387,S,237,0.302061664627679
34497,ENSG00000122257,RBBP6,Q7Z6E9,S,854,0.156467487941033
34499,ENSG00000122870,BICC1,Q9H694,S,576,0.218464793285599
34500,ENSG00000162614,NEXN,Q0ZGT2,S,160,0.306262798310858
34502,ENSG00000067066,SP100,P23497,S,452,0.392957271974611
34503,ENSG00000254986,DPP3,Q9NY33,S,272,0.0880357367804928
34504,ENSG00000111057,KRT18,P05783,S,44,0.290036396664802
34505,ENSG00000141750,STAC2,Q6ZMT1,S,174,0.582841420198676
34507,ENSG00000134369,NAV1,Q8NEY1,S,296,0.335989997271769
34511,ENSG00000136280,CCM2,Q9BSQ5,S,248,0.409808542564338
34514,ENSG00000173914,RBM4B,Q9BQ04,S,86,0.318058678827197
34516,ENSG00000125733,TRIP10,Q15642,S,298,0.352891412064192
34518,ENSG00000087365,SF3B2,Q13435,T,315,0.175829083985003
34519,ENSG00000143375,CGN,Q0VF96,S,283,0.321777046978667
34524,ENSG00000110047,EHD1,Q9H4M9,T,454,0.360922532558421
34526,ENSG00000118412,CASP8AP2,Q9UKL3,S,1601,0.168472318575994
34527,ENSG00000156599,ZDHHC5,Q9C0B5,S,593,0.52543827830227
34529,ENSG00000197077,KIAA1671,Q9BY89,S,1573,0.112874760352576
34532,ENSG00000106211,HSPB1,P04792,S,49,0.100491924981948
34533,ENSG00000138138,ATAD1,Q8NBU5,S,322,0.548184026647322
34534,ENSG00000175115,PACS1,Q6VY07,S,529,0.413664008928092
34535,ENSG00000169062,UPF3A,Q9H1J1,S,401,0.269825657434846
34539,ENSG00000214655,ZSWIM8,A7E2V4,S,1266,0.0775325076341028
34540,ENSG00000140497,SCAMP2,O15127,S,320,0.468104532969939
34542,ENSG00000141905,NFIC,P08651,S,276,0.208498302851281
34544,ENSG00000172020,GAP43,P17677,S,151,0.476176528664682
34545,ENSG00000103404,USP31,Q70CQ4,S,51,0.0864814862239971
34546,ENSG00000123124,WWP1,Q9H0M0,S,26,0.199187944648057
34552,ENSG00000105669,COPE,O14579,S,45,0.45003720814019
34557,ENSG00000187867,PALM3,A6NDB9,T,151,0.521285146472405
34558,ENSG00000079246,XRCC5,P13010,S,580,0.280984743974784
34560,ENSG00000106078,COBL,O75128,S,741,0.325985004293609
34563,ENSG00000145349,CAMK2D,Q13557,S,470,0.24859153778657
34566,ENSG00000119865,CNRIP1,Q96F85,T,95,0.216763835342095
34567,ENSG00000055917,PUM2,Q8TB72,S,67,0.336494774915368
34571,ENSG00000139350,NEDD1,Q8NHV4,S,525,0.384090572951287
34572,ENSG00000119042,SATB2,Q9UPW6,S,466,0.0870538557281567
34580,ENSG00000100503,NIN,Q8N4C6,S,174,0.058849790342139
34581,ENSG00000163798,SLC4A1AP,Q9BWU0,S,144,0.341225435132142
34582,ENSG00000160796,NBEAL2,Q6ZNJ1,S,2143,0.155762354064603
34584,ENSG00000115241,PPM1G,O15355,S,325,0.154213740042409
34585,ENSG00000151651,ADAM8,P78325,S,758,0.31631442248831
34586,ENSG00000062650,WAPL,Q7Z5K2,S,443,0.262565293958303
34587,ENSG00000157764,BRAF,P15056,S,447,0.580218305139758
34590,ENSG00000173349,SFT2D3,Q587I9,S,56,0.227081673127463
34594,ENSG00000136930,PSMB7,Q99436,S,277,0.109660404574459
34595,ENSG00000182253,SYNM,O15061,S,347,0.053451932666142
34596,ENSG00000141456,PELP1,Q8IZL8,S,1073,0.180610285425538
34597,ENSG00000074054,CLASP1,Q7Z460,S,555,0.248360016858257
34598,ENSG00000175931,UBE2O,Q9C0C9,T,435,0.28793091581757
34599,ENSG00000066405,CLDN18,P56856,S,214,0.340302711525256
34601,ENSG00000088387,DOCK9,Q9BZ29,S,1275,0.267278626261104
34602,ENSG00000130396,AFDN,P55196,S,1140,0.229188941584327
34603,ENSG00000132694,ARHGEF11,O15085,S,654,0.251463158291453
34611,ENSG00000180900,SCRIB,Q14160,S,35,0.267700232229989
34612,ENSG00000106571,GLI3,P10071,S,865,0.470198169848399
34613,ENSG00000104375,STK3,Q13188,S,392,0.472383118446589
34614,ENSG00000011426,ANLN,Q9NQW6,S,245,0.224634988255094
34615,ENSG00000008988,RPS20,P60866,T,76,0.553906598763945
34616,ENSG00000115461,IGFBP5,P24593,S,269,0.211462585606485
34617,ENSG00000139083,ETV6,P41212,S,439,0.329222705264791
34618,ENSG00000116731,PRDM2,Q13029,S,421,0.292616010036648
34619,ENSG00000104447,TRPS1,Q9UHF7,S,389,0.0773132159852277
34621,ENSG00000135074,ADAM19,Q9H013,S,802,0.241553592478161
34622,ENSG00000111011,RSRC2,Q7L4I2,S,384,0.18205817606082
34626,ENSG00000196535,MYO18A,Q92614,S,145,0.268875155123317
34627,ENSG00000137831,UACA,Q9BZF9,S,410,0.128428648519902
34628,ENSG00000157741,UBN2,Q6ZU65,S,1060,0.274342536206249
34629,ENSG00000088833,NSFL1C,Q9UNZ2,S,102,0.464773988280823
34630,ENSG00000155252,PI4K2A,Q9BTU6,S,24,0.106583675111093
34631,ENSG00000104812,GYS1,P13807,T,713,0.252628216385586
34633,ENSG00000065526,SPEN,Q96T58,S,1194,0.481650392734668
34634,ENSG00000173327,MAP3K11,Q16584,S,693,0.337472524771316
34636,ENSG00000197321,SVIL,O95425,S,296,0.065947238351755
34637,ENSG00000169554,ZEB2,O60315,S,1203,0.340287420203106
34638,ENSG00000083290,ULK2,Q8IYT8,S,780,0.252161039973814
34640,ENSG00000127947,PTPN12,Q05209,S,689,0.277306716948914
34641,ENSG00000165699,TSC1,Q92574,S,682,0.259977446109121
34642,ENSG00000123200,ZC3H13,Q5T200,Y,374,0.373774296071745
34643,ENSG00000140264,SERF2,P84101,S,21,0.324293638891822
34645,ENSG00000078674,PCM1,Q15154,T,795,0.234128611830477
34646,ENSG00000136243,NUPL2,O15504,S,62,0.115829716439497
34647,ENSG00000050405,LIMA1,Q9UHB6,S,94,0.149187767543856
34648,ENSG00000182253,SYNM,O15061,S,341,0.0901194762750558
34649,ENSG00000162702,ZNF281,Q9Y2X9,S,201,0.31443333390408
34652,ENSG00000166173,LARP6,Q9BRS8,S,348,0.372273952172377
34653,ENSG00000143569,UBAP2L,Q14157,S,398,0.284558159738665
34654,ENSG00000107077,KDM4C,Q9H3R0,S,392,0.19034210322633
34655,ENSG00000178996,SNX18,Q96RF0,S,196,0.406610997139126
34657,ENSG00000186918,ZNF395,Q9H8N7,S,451,0.156594917200151
34659,ENSG00000099942,CRKL,P46109,S,112,0.309710648235029
34661,ENSG00000132688,NES,P48681,S,1310,0.191079108358218
34662,ENSG00000102900,NUP93,Q8N1F7,S,430,0.368918752318517
34663,ENSG00000215182,MUC5AC,P98088,S,5628,0.0746811238059702
34666,ENSG00000114742,WDR48,Q8TAF3,S,575,0.252009455813446
34669,ENSG00000276045,ORAI1,Q96D31,S,12,0.169682810163217
34670,ENSG00000114423,CBLB,Q13191,S,794,0.0842418467963287
34672,ENSG00000024048,UBR2,Q8IWV8,S,1006,0.315527620422265
34673,ENSG00000155229,MMS19,Q96T76,S,1030,0.280652823945051
34674,ENSG00000225830,ERCC6,Q03468,S,1189,0.115168056296048
34681,ENSG00000177045,SIX5,Q8N196,S,283,0.176301114724089
34684,ENSG00000163346,PBXIP1,Q96AQ6,S,45,0.223157596689547
34687,ENSG00000128973,CLN6,Q9NWW5,S,33,0.292973472919069
34688,ENSG00000198948,MFAP3L,O75121,S,307,0.395236034774126
34691,ENSG00000108469,RECQL5,O94762,S,858,0.188373681379228
34695,ENSG00000083896,YTHDC1,Q96MU7,S,318,0.361554682266556
34697,ENSG00000182866,LCK,P06239,S,150,0.336231409927933
34698,ENSG00000139132,FGD4,Q96M96,T,143,0.119260660739049
34699,ENSG00000115464,USP34,Q70CQ2,S,490,0.17306339812674
34701,ENSG00000109756,RAPGEF2,Q9Y4G8,T,602,0.24333715907891
34702,ENSG00000085733,CTTN,Q14247,S,417,0.62090105997839
34705,ENSG00000013375,PGM3,O95394,S,498,0.424260590584407
34706,ENSG00000124126,PREX1,Q8TCU6,S,523,0.11455725203299
34708,ENSG00000183878,UTY,O14607,S,501,0.107904675764502
34710,ENSG00000144567,RETREG2,Q8NC44,S,140,0.180097627778035
34711,ENSG00000101150,TPD52L2,O43399,S,152,0.29104713287239
34712,ENSG00000120913,PDLIM2,Q96JY6,T,126,0.281790770908309
34713,ENSG00000171634,BPTF,Q12830,S,2465,0.546224127221822
34714,ENSG00000080845,DLGAP4,Q9Y2H0,S,609,0.322196438294984
34715,ENSG00000140350,ANP32A,P39687,S,29,0.355201885229903
34717,ENSG00000163848,ZNF148,Q9UQR1,S,438,0.154278775822071
34719,ENSG00000167257,RNF214,Q8ND24,S,195,0.111502708759294
34720,ENSG00000127804,METTL16,Q86W50,S,498,0.190416026310693
34721,ENSG00000164237,CMBL,Q96DG6,S,208,0.301891138984803
34722,ENSG00000198742,SMURF1,Q9HCE7,S,233,0.236287214286447
34724,ENSG00000047249,ATP6V1H,Q9UI12,S,367,0.520061400085479
34725,ENSG00000143702,CEP170,Q5SW79,T,1240,0.359262522511722
34726,ENSG00000119321,FKBP15,Q5T1M5,S,1161,0.249117118803116
34733,ENSG00000157617,C2CD2,O14523,S,499,0.207919227520535
34734,ENSG00000077420,APBB1IP,Q7Z5R6,S,531,0.463608885484916
34736,ENSG00000124253,PCK1,P35558,S,19,0.186196667596473
34738,ENSG00000149782,PLCB3,Q01970,T,930,0.086115566529636
34739,ENSG00000134769,DTNA,Q9Y4J8,S,563,0.207310825910962
34741,ENSG00000164251,F2RL1,P55085,S,385,0.448706800895092
34742,ENSG00000106772,PRUNE2,Q8WUY3,S,2864,0.0591061365660299
34743,ENSG00000184226,PCDH9,Q9HC56,S,943,0.176011670104975
34744,ENSG00000100105,PATZ1,Q9HBE1,S,282,0.430659810339081
34745,ENSG00000123636,BAZ2B,Q9UIF8,S,1541,0.200355496902172
34746,ENSG00000130147,SH3BP4,Q9P0V3,S,251,0.297011417084721
34748,ENSG00000077150,NFKB2,Q00653,T,732,0.211706071726788
34749,ENSG00000213719,CLIC1,O00299,S,121,0.298637916654914
34751,ENSG00000100505,TRIM9,Q9C026,S,49,0.235746110308292
34753,ENSG00000124145,SDC4,P31431,Y,197,0.971285648340557
34754,ENSG00000198586,TLK1,Q9UKI8,S,741,0.289193372260735
34756,ENSG00000178921,PFAS,O15067,S,569,0.36139094576568
34757,ENSG00000096746,HNRNPH3,P31942,T,270,0.418491025573537
34758,ENSG00000123143,PKN1,Q16512,T,909,0.151600932565097
34760,ENSG00000115310,RTN4,Q9NQC3,S,446,0.121613317204986
34762,ENSG00000089177,KIF16B,Q96L93,S,573,0.328675375547365
34764,ENSG00000099822,HCN2,Q9UL51,S,868,0.198329877703452
34765,ENSG00000048991,R3HDM1,Q15032,S,393,0.384094937225661
34766,ENSG00000111581,NUP107,P57740,S,57,0.289197979323427
34767,ENSG00000150625,GPM6A,P51674,S,267,0.424452929984862
34769,ENSG00000111961,SASH1,O94885,T,1055,0.0742309285705691
34772,ENSG00000114439,BBX,Q8WY36,T,161,0.3034398771474
34775,ENSG00000141526,SLC16A3,O15427,T,463,0.316752039138733
34776,ENSG00000068903,SIRT2,Q8IXJ6,S,364,0.342977631957423
34777,ENSG00000128591,FLNC,Q14315,S,2602,0.135256930122449
34780,ENSG00000185650,ZFP36L1,Q07352,T,43,0.413086520937798
34783,ENSG00000135315,CEP162,Q5TB80,S,145,0.0854788694723431
34787,ENSG00000046651,OFD1,O75665,S,986,0.189517557177128
34790,ENSG00000147526,TACC1,O75410,S,577,0.0996276462663855
34791,ENSG00000065618,COL17A1,Q9UMD9,S,61,0.347204792020249
34793,ENSG00000107331,ABCA2,Q9BZC7,S,1331,0.310157498868806
34794,ENSG00000159314,ARHGAP27,Q6ZUM4,S,481,0.256382890731333
34796,ENSG00000148843,PDCD11,Q14690,S,1476,0.108841983618198
34798,ENSG00000167106,FAM102A,Q5T9C2,S,217,0.455998239608743
34804,ENSG00000164924,YWHAZ,P63104,S,99,0.275081342091544
34805,ENSG00000157765,SLC34A2,O95436,S,683,0.119246000623528
34806,ENSG00000060749,QSER1,Q2KHR3,T,1341,0.284649515546846
34807,ENSG00000158941,CCAR2,Q8N163,S,478,0.11577379873569
34810,ENSG00000140682,TGFB1I1,O43294,S,80,0.141965097314059
34811,ENSG00000197191,CYSRT1,A8MQ03,S,16,0.251228504514702
34812,ENSG00000117859,OSBPL9,Q96SU4,S,355,0.1579421310661
34814,ENSG00000185567,AHNAK2,Q8IVF2,S,38,0.114532480796819
34816,ENSG00000099308,MAST3,O60307,S,348,0.206899942405656
34817,ENSG00000102606,ARHGEF7,Q14155,S,148,0.125923292812396
34818,ENSG00000167881,SRP68,Q9UHB9,S,241,0.230815271631483
34820,ENSG00000107331,ABCA2,Q9BZC7,S,1238,0.219165591527074
34824,ENSG00000113013,HSPA9,P38646,S,408,0.481819897977898
34827,ENSG00000152422,XRCC4,Q13426,S,232,0.852824669063177
34828,ENSG00000107438,PDLIM1,O00151,S,250,0.203999052281069
34830,ENSG00000134987,WDR36,Q8NI36,S,863,0.204432552612848
34833,ENSG00000198952,SMG5,Q9UPR3,S,415,0.0942063324255656
34836,ENSG00000127334,DYRK2,Q92630,S,48,0.342672297616925
34839,ENSG00000164683,HEY1,Q9Y5J3,S,40,0.345941878128726
34840,ENSG00000146834,MEPCE,Q7L2J0,S,57,0.292180412779821
34842,ENSG00000162734,PEA15,Q15121,S,61,0.246142706897379
34843,ENSG00000169641,LUZP1,Q86V48,S,381,0.208920385728587
34844,ENSG00000107263,RAPGEF1,Q13905,S,375,0.132994791207145
34845,ENSG00000065548,ZC3H15,Q8WU90,S,328,0.202115143949674
34847,ENSG00000147144,CCDC120,Q96HB5,S,393,0.274025481413354
34849,ENSG00000164402,SEPT8,Q92599,S,10,0.478315723478054
34854,ENSG00000145016,RUBCN,Q92622,T,412,0.102373133732002
34855,ENSG00000067066,SP100,P23497,T,39,0.198677528089242
34857,ENSG00000023287,RB1CC1,Q8TDY2,S,1051,0.0713681692530957
34860,ENSG00000008441,NFIX,Q14938,T,233,0.24346417204634
34862,ENSG00000148429,USP6NL,Q92738,S,617,0.338234962346337
34864,ENSG00000163995,ABLIM2,Q6H8Q1,S,280,0.193611498437529
34867,ENSG00000185104,FAF1,Q9UNN5,S,320,0.506978778052162
34868,ENSG00000068394,GPKOW,Q92917,S,115,0.152587636467095
34871,ENSG00000135924,DNAJB2,P25686,S,250,0.510277652421425
34875,ENSG00000023516,AKAP11,Q9UKA4,S,1289,0.0855621173016269
34876,ENSG00000106683,LIMK1,P53667,S,302,0.50417915323899
34879,ENSG00000111057,KRT18,P05783,S,319,0.372726321167539
34880,ENSG00000079819,EPB41L2,O43491,Y,623,0.508929132083782
34883,ENSG00000144283,PKP4,Q99569,S,1135,0.382350253313314
34885,ENSG00000132688,NES,P48681,T,567,0.154913961961136
34886,ENSG00000146463,ZMYM4,Q5VZL5,S,104,0.189788892859945
34887,ENSG00000122257,RBBP6,Q7Z6E9,S,1625,0.319308047354762
34888,ENSG00000148426,PROSER2,Q86WR7,S,11,0.107620815402684
34889,ENSG00000048828,FAM120A,Q9NZB2,S,1048,0.216688742060678
34893,ENSG00000132613,MTSS1L,Q765P7,S,649,0.172027595179011
34894,ENSG00000124942,AHNAK,Q09666,T,553,0.167681809136569
34896,ENSG00000140262,TCF12,Q99081,S,540,0.465448447282859
34897,ENSG00000110422,HIPK3,Q9H422,Y,359,0.839873857718228
34899,ENSG00000154305,MIA3,Q5JRA6,S,1673,0.338624479717627
34900,ENSG00000166716,ZNF592,Q92610,S,691,0.458780563200067
34901,ENSG00000138119,MYOF,Q9NZM1,S,1915,0.246160363019485
34902,ENSG00000079308,TNS1,Q9HBL0,Y,903,0.581076561136856
34903,ENSG00000066084,DIP2B,Q9P265,S,146,0.304836753678661
34904,ENSG00000145390,USP53,Q70EK8,S,492,0.20366872838529
34905,ENSG00000044115,CTNNA1,P35221,S,118,0.243143294259843
34906,ENSG00000154358,OBSCN,Q5VST9,S,7244,0.222543943922034
34907,ENSG00000130779,CLIP1,P30622,S,314,0.268709855358619
34909,ENSG00000167548,KMT2D,O14686,S,1722,0.070196490968714
34910,ENSG00000163166,IWS1,Q96ST2,S,449,0.234495735449087
34911,ENSG00000161714,PLCD3,Q8N3E9,S,34,0.390330789676615
34914,ENSG00000122958,VPS26A,O75436,S,321,0.386172912563013
34915,ENSG00000165757,JCAD,Q9P266,S,915,0.172593564734448
34916,ENSG00000050820,BCAR1,P56945,S,438,0.151630487614629
34917,ENSG00000163348,PYGO2,Q9BRQ0,S,279,0.172293614272343
34921,ENSG00000186918,ZNF395,Q9H8N7,S,376,0.175421264018368
34922,ENSG00000038358,EDC4,Q6P2E9,S,705,0.0489791969411444
34923,ENSG00000110330,BIRC2,Q13490,S,98,0.240771166771694
34925,ENSG00000243156,MICAL3,Q7RTP6,S,1794,0.200198057538264
34926,ENSG00000112659,CUL9,Q8IWT3,S,947,0.118824145275249
34927,ENSG00000131747,TOP2A,P11388,S,1504,0.267610363004369
34929,ENSG00000203791,EEF1AKMT2,Q5JPI9,S,21,0.491565105554844
34930,ENSG00000161642,ZNF385A,Q96PM9,S,162,0.608674126738
34932,ENSG00000144791,LIMD1,Q9UGP4,S,199,0.276688296342664
34935,ENSG00000148773,MKI67,P46013,T,1335,0.393482667611975
34937,ENSG00000221978,CCNL2,Q96S94,S,345,0.298675512081763
34938,ENSG00000117475,BLZF1,Q9H2G9,S,15,0.338683368973675
34939,ENSG00000105122,RASAL3,Q86YV0,S,10,0.157832348347446
34942,ENSG00000104765,BNIP3L,O60238,S,118,0.535169450078446
34945,ENSG00000157625,TAB3,Q8N5C8,S,672,0.20044922087105
34947,ENSG00000126870,WDR60,Q8WVS4,S,79,0.181190845289768
34948,ENSG00000213694,S1PR3,Q99500,S,326,0.248117772491445
34950,ENSG00000175029,CTBP2,P56545,S,365,0.186331727603304
34952,ENSG00000060237,WNK1,Q9H4A3,S,19,0.324991568256755
34953,ENSG00000204463,BAG6,P46379,T,1053,0.51377125214643
34954,ENSG00000263961,RHEX,Q6ZWK4,S,128,0.196349703365227
34956,ENSG00000197822,OCLN,Q16625,T,403,0.34572884187711
34957,ENSG00000117114,ADGRL2,O95490,S,1458,0.0937204715535386
34959,ENSG00000111371,SLC38A1,Q9H2H9,T,32,0.314334013842797
34960,ENSG00000143842,SOX13,Q9UN79,S,613,0.534368312016057
34963,ENSG00000166529,ZSCAN21,Q9Y5A6,S,157,0.394548641495403
34971,ENSG00000109572,CLCN3,P51790,T,738,0.493412259869764
34973,ENSG00000197555,SIPA1L1,O43166,S,286,0.307747430541784
34974,ENSG00000188026,RILPL1,Q5EBL4,S,259,0.235076054853118
34977,ENSG00000156697,UTP14A,Q9BVJ6,T,567,0.206263365538816
34978,ENSG00000166140,ZFYVE19,Q96K21,T,243,0.39885168217321
34979,ENSG00000163625,WDFY3,Q8IZQ1,S,3328,0.208363878690904
34980,ENSG00000171862,PTEN,P60484,S,370,0.444038429435006
34981,ENSG00000109066,TMEM104,Q8NE00,S,90,0.569591430973086
34983,ENSG00000170345,FOS,P01100,S,362,0.478977449689332
34984,ENSG00000196914,ARHGEF12,Q9NZN5,S,300,0.0783904003670894
34986,ENSG00000128849,CGNL1,Q0VF96,S,414,0.117908790765883
34987,ENSG00000196091,MYBPC1,Q00872,Y,823,0.416766529987351
34988,ENSG00000114790,ARHGEF26,Q96DR7,S,739,0.136935091325234
34990,ENSG00000160789,LMNA,P02545,T,585,0.341042083278571
34991,ENSG00000135842,FAM129A,Q9BZQ8,S,641,0.255524964727299
34994,ENSG00000120458,MSANTD2,Q6P1R3,S,83,0.243286434157609
34998,ENSG00000163110,PDLIM5,Q96HC4,Y,251,0.6498092096271
34999,ENSG00000073111,MCM2,P49736,S,53,0.375834905674692
35000,ENSG00000008517,IL32,P24001,Y,108,0.371343678738246
35001,ENSG00000086758,HUWE1,Q7Z6Z7,S,3566,0.0438846776678894
35002,ENSG00000108557,RAI1,Q7Z5J4,S,1352,0.300530333543162
35003,ENSG00000142875,PRKACB,P22694,Y,331,0.540571763762959
35004,ENSG00000136854,STXBP1,P61764,S,509,0.147694193643919
35006,ENSG00000148680,HTR7,P34969,S,411,0.246152509583431
35007,ENSG00000107331,ABCA2,Q9BZC7,S,1237,0.0361413528494572
35008,ENSG00000130699,TAF4,O00268,S,648,0.42513371751313
35009,ENSG00000134508,CABLES1,Q8TDN4,S,418,0.423313094754408
35010,ENSG00000177728,TMEM94,Q12767,S,518,0.271555279739066
35011,ENSG00000113758,DBN1,Q16643,S,381,0.334122148027653
35012,ENSG00000116128,BCL9,O00512,S,907,0.424428663500424
35014,ENSG00000136826,KLF4,O43474,S,254,0.424362524505024
35016,ENSG00000143373,ZNF687,Q8N1G0,S,239,0.0833855300813639
35018,ENSG00000100393,EP300,Q09472,S,2325,0.295506462445258
35019,ENSG00000169862,CTNND2,Q9UQB3,S,398,0.179595966662477
35021,ENSG00000149476,TKFC,Q3LXA3,S,511,0.206441061745631
35022,ENSG00000100842,EFS,O43281,Y,163,0.525596266228228
35024,ENSG00000163719,MTMR14,Q8NCE2,S,485,0.257684764067971
35027,ENSG00000171316,CHD7,Q9P2D1,S,2251,0.250662101774703
35028,ENSG00000004660,CAMKK1,Q8N5S9,S,52,0.310850361655238
35032,ENSG00000185624,P4HB,P07237,S,88,0.235317513586234
35033,ENSG00000138081,FBXO11,Q86XK2,S,97,0.25347414744588
35038,ENSG00000198910,L1CAM,P32004,S,1248,0.433260725291856
35039,ENSG00000167257,RNF214,Q8ND24,S,511,0.459064323523799
35043,ENSG00000100266,PACSIN2,Q9UNF0,S,375,0.318143010322411
35046,ENSG00000133069,TMCC2,O75069,S,194,0.261365830960396
35048,ENSG00000143390,RFX5,P48382,T,614,0.40603438015389
35050,ENSG00000104067,TJP1,Q07157,S,290,0.331182054610158
35058,ENSG00000115524,SF3B1,O75533,S,217,0.307809202744791
35061,ENSG00000166025,AMOTL1,Q8IY63,S,930,0.313254152839781
35062,ENSG00000144791,LIMD1,Q9UGP4,S,272,0.526652446835471
35063,ENSG00000085224,ATRX,P46100,S,594,0.279762985079231
35065,ENSG00000049759,NEDD4L,Q96PU5,T,451,0.218796371215459
35067,ENSG00000163840,DTX3L,Q8TDB6,S,614,0.173818245347735
35068,ENSG00000163125,RPRD2,Q5VT52,S,1185,0.320850451188729
35069,ENSG00000166925,TSC22D4,Q9Y3Q8,S,28,0.0950461525678848
35072,ENSG00000004534,RBM6,P78332,Y,914,0.508591031713135
35073,ENSG00000142459,EVI5L,Q96CN4,S,683,0.0995510528968694
35074,ENSG00000144747,TMF1,P82094,T,415,0.126812369726645
35075,ENSG00000143337,TOR1AIP1,Q5JTV8,S,228,0.242934415786411
35077,ENSG00000079308,TNS1,Q9HBL0,S,343,0.195494965236612
35079,ENSG00000105875,WDR91,A4D1P6,S,272,0.431099046938401
35081,ENSG00000056097,ZFR,Q96KR1,S,546,0.0948353189123228
35082,ENSG00000205220,PSMB10,P40306,S,229,0.577386900608495
35083,ENSG00000038358,EDC4,Q6P2E9,S,887,0.222005182284115
35084,ENSG00000177169,ULK1,O75385,S,539,0.271384233816856
35086,ENSG00000163125,RPRD2,Q5VT52,S,596,0.192801807346453
35090,ENSG00000074047,GLI2,P10070,S,388,0.317026036440798
35091,ENSG00000115310,RTN4,Q9NQC3,S,441,0.113330646187406
35094,ENSG00000094880,CDC23,Q9UJX2,S,578,0.282421703780541
35095,ENSG00000144747,TMF1,P82094,T,215,0.335376500858395
35097,ENSG00000179364,PACS2,Q86VP3,S,343,0.150170866641025
35099,ENSG00000169251,NMD3,Q96D46,S,462,0.363240980773661
35101,ENSG00000168672,FAM84B,Q96KN1,S,283,0.390089643309507
35102,ENSG00000242372,EIF6,P56537,T,245,0.460566453132768
35105,ENSG00000152082,MZT2B,Q6NZ67,S,126,0.169305708767564
35106,ENSG00000185905,C16orf54,Q6UWD8,S,184,0.407026348689722
35107,ENSG00000179041,RRS1,Q15050,T,56,0.236062050792636
35108,ENSG00000176619,LMNB2,Q03252,S,168,0.291970295237156
35109,ENSG00000112739,PRPF4B,Q13523,S,166,0.323783608715576
35110,ENSG00000141441,GAREM1,Q9H706,S,759,0.38634852651256
35111,ENSG00000152104,PTPN14,Q15678,S,807,0.178115902552652
35113,ENSG00000066135,KDM4A,O75164,S,522,0.130525740487984
35115,ENSG00000029363,BCLAF1,Q9NYF8,S,259,0.376947346617481
35116,ENSG00000213066,FGFR1OP,O95684,S,343,0.281421762815136
35118,ENSG00000072501,SMC1A,Q14683,S,971,0.272854547477664
35119,ENSG00000100324,TAB1,Q15750,S,378,0.535506716834957
35120,ENSG00000159140,SON,P18583,S,2181,0.376333155591565
35123,ENSG00000134077,THUMPD3,Q9BV44,S,154,0.115099400574441
35124,ENSG00000054598,FOXC1,Q12948,S,235,0.503828047756485
35125,ENSG00000133313,CNDP2,Q96KP4,S,299,0.15825085775417
35126,ENSG00000198752,CDC42BPB,Q9Y5S2,S,1530,0.150526953155752
35127,ENSG00000149547,EI24,O14681,S,317,0.351939036255101
35128,ENSG00000135341,MAP3K7,O43318,S,374,0.224657579631786
35129,ENSG00000046651,OFD1,O75665,S,973,0.11807296627384
35130,ENSG00000131711,MAP1B,P46821,S,1168,0.0453561467965814
35132,ENSG00000187164,SHTN1,A0MZ66,S,534,0.398738631560497
35133,ENSG00000165119,HNRNPK,P61978,S,430,0.335370067892469
35134,ENSG00000142102,PGGHG,Q32M88,S,725,0.16453492669538
35135,ENSG00000005022,SLC25A5,P05141,S,22,0.275865642483089
35139,ENSG00000168488,ATXN2L,Q8WWM7,S,602,0.188777984825034
35146,ENSG00000157741,UBN2,Q6ZU65,T,1047,0.0614234070976081
35147,ENSG00000189079,ARID2,Q68CP9,S,1300,0.276866105206847
35148,ENSG00000135966,TGFBRAP1,Q8WUH2,S,854,0.303007470069325
35150,ENSG00000107036,RIC1,Q4ADV7,S,995,0.0793877914382185
35151,ENSG00000074047,GLI2,P10070,S,866,0.240177958541089
35152,ENSG00000142784,WDTC1,Q8N5D0,S,227,0.192334590132305
35153,ENSG00000166689,PLEKHA7,Q6IQ23,S,121,0.325489814094883
35156,ENSG00000019144,PHLDB1,Q86UU1,S,192,0.216418843628471
35157,ENSG00000008283,CYB561,P49447,S,247,0.456997973006008
35160,ENSG00000011405,PIK3C2A,O00443,S,329,0.251746820091329
35161,ENSG00000080824,HSP90AA1,P07900,S,595,0.475131071160291
35163,ENSG00000163110,PDLIM5,Q96HC4,S,377,0.149811649790361
35165,ENSG00000272333,KMT2B,Q9UMN6,S,1032,0.266700819879929
35166,ENSG00000149256,TENM4,Q6N022,S,212,0.146180609246762
35167,ENSG00000101191,DIDO1,Q9BTC0,S,60,0.129108664874557
35172,ENSG00000139737,SLAIN1,Q8ND83,S,431,0.385190590149644
35173,ENSG00000154133,ROBO4,Q8WZ75,S,543,0.156967109008637
35174,ENSG00000183431,SF3A3,Q12874,T,475,0.50450997475794
35178,ENSG00000128591,FLNC,Q14315,S,2181,0.0618671235439921
35184,ENSG00000111961,SASH1,O94885,S,510,0.316637866894376
35186,ENSG00000197102,DYNC1H1,Q14204,S,2384,0.354637732278539
35187,ENSG00000176915,ANKLE2,Q86XL3,S,875,0.438618075499002
35188,ENSG00000153207,AHCTF1,Q8WYP5,S,2212,0.291145120999911
35190,ENSG00000176853,FAM91A1,Q658Y4,S,364,0.195637478049538
35192,ENSG00000165525,NEMF,O60524,S,798,0.233422603387922
35193,ENSG00000243156,MICAL3,Q7RTP6,S,1367,0.198946807005008
35196,ENSG00000117713,ARID1A,O14497,S,702,0.52194812253721
35203,ENSG00000141699,RETREG3,Q86VR2,S,435,0.523520425069481
35205,ENSG00000120053,GOT1,P17174,Y,264,0.478269137066475
35211,ENSG00000187098,MITF,O75030,S,515,0.682943781239115
35212,ENSG00000198721,ECI2,O75521,S,136,0.341129298679702
35213,ENSG00000075413,MARK3,P27448,T,549,0.572254752241531
35215,ENSG00000165240,ATP7A,Q04656,S,1473,0.275565700831943
35216,ENSG00000141456,PELP1,Q8IZL8,S,734,0.107465628623785
35217,ENSG00000142731,PLK4,O00444,T,423,0.0801685141501579
35220,ENSG00000177917,ARL6IP6,Q8N6S5,S,36,0.35696267608345
35221,ENSG00000160007,ARHGAP35,Q9NRY4,T,963,0.176784085280369
35222,ENSG00000174137,FAM53A,Q6NSI3,S,125,0.359301872618012
35225,ENSG00000106346,USP42,Q9H9J4,S,612,0.257081472153885
35227,ENSG00000131746,TNS4,Q8IZW8,S,197,0.172689068467815
35228,ENSG00000139618,BRCA2,P51587,S,2095,0.244754727321493
35232,ENSG00000154305,MIA3,Q5JRA6,S,1691,0.268590950806922
35234,ENSG00000106665,CLIP2,Q9UDT6,S,202,0.393275498772105
35239,ENSG00000114812,VIPR1,P32241,S,448,0.592273546262782
35241,ENSG00000165895,ARHGAP42,A6NI28,Y,792,0.49336045966754
35243,ENSG00000155827,RNF20,Q5VTR2,T,526,0.298412554821297
35244,ENSG00000115524,SF3B1,O75533,T,442,0.2182294930291
35246,ENSG00000139990,DCAF5,Q96JK2,T,929,0.354984892562442
35250,ENSG00000259956,RBM15B,Q8NDT2,S,147,0.241780343580698
35252,ENSG00000151491,EPS8,Q12929,T,516,0.230520073622842
35254,ENSG00000124126,PREX1,Q8TCU6,S,1195,0.141094707551528
35259,ENSG00000186517,ARHGAP30,Q7Z6I6,S,327,0.376869875994551
35261,ENSG00000149930,TAOK2,Q9UL54,T,448,0.0700998185324506
35262,ENSG00000146950,SHROOM2,Q13796,S,897,0.232625414652845
35263,ENSG00000115183,TANC1,Q9C0D5,S,270,0.21919448718308
35268,ENSG00000130396,AFDN,P55196,T,249,0.498026697965618
35269,ENSG00000183655,KLHL25,Q9H0H3,S,285,0.436187685273175
35271,ENSG00000131626,PPFIA1,Q13136,S,150,0.257571889472453
35273,ENSG00000115306,SPTBN1,Q01082,S,2323,0.161477514028921
35276,ENSG00000067715,SYT1,P21579,S,265,0.270621243634535
35277,ENSG00000160679,CHTOP,Q9Y3Y2,S,40,0.388781662464599
35278,ENSG00000170832,USP32,Q8NFA0,S,1423,0.228147796258478
35280,ENSG00000011523,CEP68,Q76N32,S,374,0.146178118948061
35281,ENSG00000168813,ZNF507,Q8TCN5,S,427,0.122869337115915
35283,ENSG00000117016,RIMS3,Q9UJD0,S,104,0.591701298024177
35284,ENSG00000099814,CEP170B,Q9Y4F5,S,706,0.0747731565530619
35286,ENSG00000125844,RRBP1,Q9P2E9,S,997,0.117069789630909
35290,ENSG00000131711,MAP1B,P46821,S,1646,0.0431409230068998
35296,ENSG00000173681,BCLAF3,A2AJT9,S,78,0.451594312286126
35297,ENSG00000119185,ITGB1BP1,O14713,S,34,0.39385051655474
35298,ENSG00000172493,AFF1,P51825,T,376,0.325113760147214
35300,ENSG00000133318,RTN3,O95197,S,243,0.384525460807576
35301,ENSG00000104969,SGTA,O43765,S,305,0.680694916521421
35302,ENSG00000020577,SAMD4A,Q9UPU9,S,168,0.499027033699999
35303,ENSG00000065526,SPEN,Q96T58,S,3487,0.17574663137799
35304,ENSG00000141441,GAREM1,Q9H706,S,614,0.351258753323728
35305,ENSG00000139620,KANSL2,Q9H9L4,S,147,0.468628227460634
35307,ENSG00000100281,HMGXB4,Q9UGU5,S,118,0.31218997374171
35308,ENSG00000100284,TOM1,O60784,S,473,0.320705315453386
35309,ENSG00000110955,ATP5F1B,P06576,S,316,0.320448026403576
35310,ENSG00000029363,BCLAF1,Q9NYF8,T,494,0.32580172515776
35311,ENSG00000159176,CSRP1,P21291,T,82,0.128442813677827
35313,ENSG00000110274,CEP164,Q9UPV0,S,1085,0.104865557975492
35314,ENSG00000090924,PLEKHG2,Q9H7P9,S,450,0.355892924413433
35316,ENSG00000148516,ZEB1,P37275,S,698,0.0977844075462176
35317,ENSG00000169641,LUZP1,Q86V48,S,531,0.0977771353436995
35318,ENSG00000154767,XPC,Q01831,S,61,0.358751215005058
35321,ENSG00000141027,NCOR1,O75376,S,918,0.173543335851059
35322,ENSG00000149256,TENM4,Q6N022,S,209,0.110350780905834
35323,ENSG00000136068,FLNB,O75369,S,2531,0.0654689179055831
35328,ENSG00000225697,SLC26A6,Q9BXS9,S,616,0.139020142881792
35330,ENSG00000178209,PLEC,Q15149,T,3581,0.0773575833738765
35331,ENSG00000117600,PLPPR4,Q7Z2D5,S,592,0.173295744379966
35332,ENSG00000139737,SLAIN1,Q8ND83,T,204,0.196822339436929
35333,ENSG00000075711,DLG1,Q12959,Y,760,0.554204443962055
35334,ENSG00000166226,CCT2,P78371,S,169,0.315040605811158
35335,ENSG00000095637,SORBS1,Q9BX66,T,82,0.28540934166091
35336,ENSG00000111961,SASH1,O94885,S,320,0.232101425166214
35337,ENSG00000114019,AMOTL2,Q9Y2J4,S,159,0.718954116635328
35341,ENSG00000204628,RACK1,P63244,S,278,0.0829145761519443
35342,ENSG00000166833,NAV2,Q8IVL1,S,1593,0.0651128849367199
35343,ENSG00000163399,ATP1A1,P05023,Y,684,0.473292376542032
35344,ENSG00000204394,VARS,P26640,S,617,0.0501063908326242
35346,ENSG00000177051,FBXO46,Q6PJ61,S,293,0.464939665218565
35347,ENSG00000050405,LIMA1,Q9UHB6,S,336,0.142028497253
35351,ENSG00000196642,RABL6,Q3YEC7,S,365,0.17766291695013
35352,ENSG00000144867,SRPRB,Q9Y5M8,S,257,0.334637082457754
35355,ENSG00000116871,MAP7D1,Q3KQU3,S,454,0.255028320185442
35356,ENSG00000131711,MAP1B,P46821,S,561,0.347788019146292
35358,ENSG00000145362,ANK2,Q01484,S,914,0.0968105687647493
35359,ENSG00000138162,TACC2,O95359,S,2557,0.375303561628061
35360,ENSG00000139350,NEDD1,Q8NHV4,S,396,0.294484972222833
35362,ENSG00000121104,FAM117A,Q9C073,S,306,0.382255487269073
35368,ENSG00000148498,PARD3,Q8TEW0,T,579,0.280954311682997
35373,ENSG00000130147,SH3BP4,Q9P0V3,S,271,0.518460065107537
35375,ENSG00000137177,KIF13A,Q9H1H9,S,1753,0.0667421470960349
35379,ENSG00000091039,OSBPL8,Q9BZF1,S,305,0.250291744494541
35381,ENSG00000129993,CBFA2T3,O75081,S,459,0.526054930891237
35384,ENSG00000163399,ATP1A1,P05023,S,484,0.118082988983495
35385,ENSG00000113721,PDGFRB,P09619,S,712,0.434581199246035
35387,ENSG00000176788,BASP1,P80723,S,172,0.407113602491509
35388,ENSG00000257923,CUX1,P39880,S,1218,0.185997792957358
35390,ENSG00000167978,SRRM2,Q9UQ35,S,1368,0.164200025559779
35391,ENSG00000154447,SH3RF1,Q7Z6J0,S,304,0.530876383474054
35393,ENSG00000139926,FRMD6,Q96NE9,S,511,0.338664010801229
35394,ENSG00000142408,CACNG8,Q8WXS5,S,284,0.221447591208379
35395,ENSG00000181790,ADGRB1,O14514,S,1306,0.222067341101922
35396,ENSG00000115310,RTN4,Q9NQC3,S,184,0.287504001726282
35400,ENSG00000027075,PRKCH,P24723,S,642,0.133821339780985
35401,ENSG00000169554,ZEB2,O60315,S,707,0.285870599737038
35403,ENSG00000156030,ELMSAN1,Q6PJG2,T,687,0.5083346651133
35404,ENSG00000160058,BSDC1,Q9NW68,S,313,0.16512994067428
35408,ENSG00000115486,GGCX,P38435,S,11,0.457962083389912
35410,ENSG00000009413,REV3L,O60673,S,1724,0.328542252740115
35412,ENSG00000139990,DCAF5,Q96JK2,S,638,0.316753995970857
35415,ENSG00000066135,KDM4A,O75164,S,616,0.277699994326075
35416,ENSG00000105699,LSR,Q86X29,S,436,0.512313848276707
35418,ENSG00000147400,CETN2,P41208,S,158,0.305948502359069
35422,ENSG00000066135,KDM4A,O75164,S,520,0.296804487773651
35423,ENSG00000143614,GATAD2B,Q8WXI9,T,488,0.0854702840557382
35425,ENSG00000035403,VCL,P18206,S,439,0.219600343417219
35426,ENSG00000197077,KIAA1671,Q9BY89,S,1063,0.291904094063037
35427,ENSG00000021776,AQR,O60306,S,16,0.270769660297143
35428,ENSG00000109689,STIM2,Q9P246,S,603,0.416316800626384
35430,ENSG00000070778,PTPN21,Q16825,S,602,0.161494986199565
35432,ENSG00000107263,RAPGEF1,Q13905,S,371,0.303607449980649
35433,ENSG00000006453,BAIAP2L1,Q9UHR4,S,278,0.309533699738379
35434,ENSG00000131016,AKAP12,Q02952,S,353,0.125064587634511
35435,ENSG00000169057,MECP2,P51608,S,401,0.246720292296009
35436,ENSG00000109111,SUPT6H,Q7KZ85,S,1701,0.345621829525038
35440,ENSG00000100065,CARD10,Q9BWT7,S,551,0.0969228806029458
35441,ENSG00000171843,MLLT3,P42568,S,288,0.405456275522012
35443,ENSG00000163125,RPRD2,Q5VT52,T,1034,0.252216519345168
35444,ENSG00000198561,CTNND1,O60716,T,611,0.272612442692736
35448,ENSG00000143486,EIF2D,P41214,S,237,0.156537879007782
35449,ENSG00000101940,WDR13,Q9H1Z4,S,113,0.491178943342919
35450,ENSG00000086758,HUWE1,Q7Z6Z7,S,2370,0.18325537877768
35451,ENSG00000055483,USP36,Q9P275,S,682,0.418666179875177
35454,ENSG00000072518,MARK2,Q7KZI7,S,535,0.339190073217826
35455,ENSG00000173166,RAPH1,Q70E73,S,983,0.0669208118556257
35457,ENSG00000072736,NFATC3,Q12968,S,269,0.517673810114116
35460,ENSG00000004487,KDM1A,O60341,T,104,0.445698509722624
35461,ENSG00000165995,CACNB2,Q08289,S,255,0.246627826277966
35463,ENSG00000134954,ETS1,P14921,S,288,0.296330688471214
35464,ENSG00000084112,SSH1,Q8WYL5,S,515,0.552895105799339
35465,ENSG00000119285,HEATR1,Q9H583,S,1492,0.251699587032729
35466,ENSG00000138434,SSFA2,P28290,S,737,0.402359523257429
35467,ENSG00000116017,ARID3A,Q99856,S,362,0.677879102861115
35471,ENSG00000138347,MYPN,Q86TC9,T,420,0.08980152438074
35472,ENSG00000004975,DVL2,O14641,T,153,0.308388666779036
35473,ENSG00000130224,LRCH2,Q5VUJ6,S,333,0.243351882805966
35477,ENSG00000116641,DOCK7,Q96N67,S,964,0.249077060349782
35478,ENSG00000107404,DVL1,O14640,S,679,0.551131033735594
35485,ENSG00000110395,CBL,P22681,S,799,0.267964219386675
35487,ENSG00000092010,PSME1,Q06323,S,55,0.137025362065599
35488,ENSG00000173930,SLCO4C1,Q6ZQN7,S,24,0.450696019328099
35490,ENSG00000099290,WASHC2A,Q641Q2,T,1056,0.117853602996998
35491,ENSG00000173786,CNP,P09543,S,22,0.380675983216844
35492,ENSG00000102781,KATNAL1,Q9BW62,S,440,0.44957157397276
35493,ENSG00000156599,ZDHHC5,Q9C0B5,S,429,0.534784835779509
35495,ENSG00000107282,APBA1,Q02410,S,80,0.504146702981234
35496,ENSG00000100982,PCIF1,Q9H4Z3,S,23,0.315765726410564
35497,ENSG00000071242,RPS6KA2,Q15349,S,679,0.176949594208558
35499,ENSG00000148356,LRSAM1,Q6UWE0,S,604,0.388629003832778
35500,ENSG00000204406,MBD5,Q9P267,S,300,0.419298195956451
35502,ENSG00000153317,ASAP1,Q9ULH1,S,525,0.278792094922351
35503,ENSG00000156261,CCT8,P50990,S,150,0.287385975045768
35504,ENSG00000137802,MAPKBP1,O60336,S,1283,0.250924554134845
35507,ENSG00000166963,MAP1A,P78559,S,2686,0.04269106205028
35509,ENSG00000143776,CDC42BPA,Q5VT25,S,1672,0.0579394624772874
35510,ENSG00000133030,MPRIP,Q6WCQ1,S,663,0.210862203434988
35511,ENSG00000165548,TMEM63C,Q9P1W3,S,77,0.272252343241528
35514,ENSG00000104447,TRPS1,Q9UHF7,S,1009,0.231876964050908
35515,ENSG00000146950,SHROOM2,Q13796,S,177,0.280440574163181
35517,ENSG00000144749,LRIG1,Q96JA1,S,1046,0.26518788602091
35518,ENSG00000204138,PHACTR4,Q8IZ21,T,358,0.480896057124706
35521,ENSG00000164327,RICTOR,Q6R327,S,1219,0.411203754738286
35522,ENSG00000108312,UBTF,P17480,S,584,0.324449007083122
35524,ENSG00000158092,NCK1,P16333,T,348,0.145955278184612
35526,ENSG00000132688,NES,P48681,S,487,0.176013638638694
35530,ENSG00000213920,MDP1,Q86V88,S,168,0.470185584722648
35532,ENSG00000125753,VASP,P50552,S,289,0.263741938736442
35533,ENSG00000228672,PROB1,E7EW31,S,472,0.139429500446721
35535,ENSG00000141971,MVB12A,Q96EY5,S,202,0.669652664745578
35536,ENSG00000183828,NUDT14,O95848,S,144,0.164797270595244
35537,ENSG00000159788,RGS12,O14924,S,16,0.201815338744999
35539,ENSG00000151491,EPS8,Q12929,S,672,0.378268470206386
35542,ENSG00000176788,BASP1,P80723,S,40,0.319610525418006
35545,ENSG00000063046,EIF4B,P23588,T,18,0.120099781206724
35548,ENSG00000072195,SPEG,Q15772,S,2177,0.13246604342634
35550,ENSG00000104093,DMXL2,Q8TDJ6,S,932,0.0619050995987155
35554,ENSG00000145362,ANK2,Q01484,S,3840,0.298994209641388
35556,ENSG00000138434,SSFA2,P28290,S,806,0.217371664157157
35558,ENSG00000100982,PCIF1,Q9H4Z3,S,146,0.368949855822093
35560,ENSG00000122779,TRIM24,O15164,S,693,0.136866107956193
35561,ENSG00000075702,WDR62,O43379,S,32,0.28979125258726
35562,ENSG00000088756,ARHGAP28,Q9P2N2,S,180,0.23687439089048
35563,ENSG00000082516,GEMIN5,Q8TEQ6,S,1322,0.0976250375785655
35564,ENSG00000198589,LRBA,P50851,S,1015,0.0531514819293909
35569,ENSG00000137872,SEMA6D,Q8NFY4,S,713,0.156967747026706
35570,ENSG00000029363,BCLAF1,Q9NYF8,S,209,0.219528821444858
35572,ENSG00000167004,PDIA3,P30101,S,478,0.232321064921524
35574,ENSG00000100353,EIF3D,O15371,S,34,0.389562679532557
35578,ENSG00000103994,ZNF106,Q9H2Y7,T,594,0.0550027563560473
35579,ENSG00000205726,ITSN1,Q15811,S,989,0.201914256400194
35580,ENSG00000136861,CDK5RAP2,Q96SN8,S,1074,0.283075353310272
35582,ENSG00000001084,GCLC,P48506,S,621,0.156593174403059
35585,ENSG00000198157,HMGN5,P82970,S,93,0.458530826890748
35586,ENSG00000111640,GAPDH,P04406,T,75,0.468533969203193
35588,ENSG00000131018,SYNE1,Q8NF91,S,8727,0.0726156766206557
35590,ENSG00000143702,CEP170,Q5SW79,S,1133,0.223536024516853
35592,ENSG00000146285,SCML4,Q8N228,S,274,0.224480210191544
35593,ENSG00000139977,NAA30,Q147X3,S,189,0.19018532968798
35594,ENSG00000151746,BICD1,Q96G01,S,609,0.110401975705012
35595,ENSG00000099822,HCN2,Q9UL51,S,779,0.384265370376888
35596,ENSG00000144711,IQSEC1,Q6DN90,S,910,0.240257114127169
35597,ENSG00000131023,LATS1,O95835,S,84,0.375802803826818
35601,ENSG00000243335,KCTD7,Q96MP8,T,200,0.246811993236135
35602,ENSG00000225556,C2CD4D,B7Z1M9,S,128,0.224080900810262
35603,ENSG00000134313,KIDINS220,Q9ULH0,S,1681,0.342140470494019
35604,ENSG00000135916,ITM2C,Q9NQX7,S,30,0.317597684365583
35607,ENSG00000109685,NSD2,O96028,S,408,0.215577070885809
35609,ENSG00000033327,GAB2,Q9UQC2,T,446,0.177857108120045
35610,ENSG00000183309,ZNF623,O75123,S,71,0.299573438946761
35612,ENSG00000158545,ZC3H18,Q86VM9,S,685,0.4450311427101
35614,ENSG00000138688,KIAA1109,Q2LD37,S,2287,0.174348296375175
35617,ENSG00000144283,PKP4,Q99569,S,223,0.214904461754519
35620,ENSG00000145362,ANK2,Q01484,S,2320,0.110831858187413
35622,ENSG00000166016,ABTB2,Q8N961,S,365,0.213384754643466
35624,ENSG00000005700,IBTK,Q9P2D0,S,1045,0.496011811694966
35626,ENSG00000100813,ACIN1,Q9UKV3,S,700,0.0698460755436342
35627,ENSG00000115207,GTF3C2,Q8WUA4,S,132,0.257719102246536
35628,ENSG00000137145,DENND4C,Q5VZ89,T,1212,0.0684447185008908
35629,ENSG00000157540,DYRK1A,Q13627,S,496,0.296411460999799
35631,ENSG00000121060,TRIM25,Q14258,S,187,0.304999905848753
35637,ENSG00000146834,MEPCE,Q7L2J0,S,370,0.23621007887607
35638,ENSG00000196419,XRCC6,P12956,T,307,0.117571529604774
35641,ENSG00000111816,FRK,P42685,S,93,0.400061481390646
35645,ENSG00000070214,SLC44A1,Q8WWI5,S,656,0.285941130065851
35647,ENSG00000009307,CSDE1,O75534,S,276,0.256979513683337
35649,ENSG00000100395,L3MBTL2,Q969R5,S,79,0.328331002509166
35650,ENSG00000089199,CHGB,P05060,S,183,0.319545918514918
35651,ENSG00000258366,RTEL1,Q9NZ71,S,779,0.418019442350516
35652,ENSG00000168502,MTCL1,Q9Y4B5,S,776,0.328165902884916
35653,ENSG00000063245,EPN1,Q9Y6I3,T,462,0.409828274185257
35654,ENSG00000158290,CUL4B,Q13620,S,53,0.284989191473116
35655,ENSG00000131899,LLGL1,Q15334,S,682,0.147324104969685
35657,ENSG00000197822,OCLN,Q16625,T,345,0.521037084127966
35658,ENSG00000167613,LAIR1,Q6GTX8,Y,281,0.617009446886224
35661,ENSG00000110723,EXPH5,Q8NEV8,S,910,0.161117549373552
35667,ENSG00000110514,MADD,Q8WXG6,S,830,0.325504080362942
35668,ENSG00000072736,NFATC3,Q12968,S,359,0.0865566147975721
35670,ENSG00000175115,PACS1,Q6VY07,T,319,0.316636582959848
35671,ENSG00000121152,NCAPH,Q15003,S,70,0.722254794999643
35677,ENSG00000185567,AHNAK2,Q8IVF2,S,4477,0.317969595177557
35678,ENSG00000198792,TMEM184B,Q9Y519,S,390,0.14800542002502
35679,ENSG00000253729,PRKDC,P78527,S,1052,0.309560153329883
35681,ENSG00000079102,RUNX1T1,Q06455,S,417,0.440442168951486
35684,ENSG00000161021,MAML1,Q92585,S,314,0.291598251570286
35685,ENSG00000115884,SDC1,P18827,S,285,0.620048712705671
35686,ENSG00000101577,LPIN2,Q92539,S,125,0.235222074197128
35689,ENSG00000196498,NCOR2,Q9Y618,T,1566,0.52207835317419
35693,ENSG00000122870,BICC1,Q9H694,S,26,0.191764129330396
35695,ENSG00000218891,ZNF579,Q8NAF0,S,194,0.451123540719081
35699,ENSG00000110756,HPS5,Q9UPZ3,S,429,0.105857004237986
35701,ENSG00000198929,NOS1AP,O75052,S,195,0.415019380783876
35704,ENSG00000214655,ZSWIM8,A7E2V4,T,1104,0.264707103807911
35705,ENSG00000197256,KANK2,Q63ZY3,S,155,0.0993019816290096
35706,ENSG00000020633,RUNX3,Q13761,S,397,0.271513250988698
35709,ENSG00000107263,RAPGEF1,Q13905,S,652,0.24056705715966
35710,ENSG00000169696,ASPSCR1,Q9BZE9,T,167,0.145070205631889
35712,ENSG00000164168,TMEM184C,Q9NVA4,S,422,0.321196234634598
35713,ENSG00000077235,GTF3C1,Q12789,S,1962,0.0472011200019679
35714,ENSG00000168497,CAVIN2,O95810,S,89,0.239975222569921
35715,ENSG00000136026,CKAP4,Q07065,S,81,0.109303534547372
35716,ENSG00000164190,NIPBL,Q6KC79,S,2684,0.205269467318906
35717,ENSG00000176595,KBTBD11,O94819,S,316,0.279447372530636
35719,ENSG00000005801,ZNF195,O14628,S,394,0.333765523383158
35720,ENSG00000196535,MYO18A,Q92614,T,99,0.187688482490535
35721,ENSG00000157833,GAREM2,Q75VX8,S,784,0.216430492111567
35722,ENSG00000198912,C1orf174,Q8IYL3,S,153,0.277324765287422
35723,ENSG00000275832,ARHGAP23,Q9P227,S,361,0.239133616983532
35725,ENSG00000164187,LMBRD2,Q68DH5,S,687,0.422339414019812
35727,ENSG00000078295,ADCY2,Q08462,S,472,0.236023626338001
35728,ENSG00000072135,PTPN18,Q99952,S,341,0.614020675390939
35730,ENSG00000105220,GPI,P06744,S,176,0.376825679808488
35731,ENSG00000177030,DEAF1,O75398,T,179,0.481915244774395
35732,ENSG00000239306,RBM14,Q96PK6,S,521,0.297048197776143
35733,ENSG00000149115,TNKS1BP1,Q9C0C2,S,1654,0.197239648852116
35737,ENSG00000003989,SLC7A2,P52569,S,646,0.326842283483743
35739,ENSG00000102606,ARHGEF7,Q14155,S,176,0.168923059257559
35741,ENSG00000196924,FLNA,P21333,S,1301,0.203895355770503
35743,ENSG00000105699,LSR,Q86X29,S,631,0.302649839723536
35746,ENSG00000163655,GMPS,P49915,T,330,0.112116028580308
35747,ENSG00000068985,PAGE1,O75459,S,63,0.275278663705252
35748,ENSG00000168724,DNAJC21,Q5F1R6,S,523,0.295652924038028
35749,ENSG00000127616,SMARCA4,P51532,T,298,0.15789262944453
35755,ENSG00000110046,ATG2A,Q2TAZ0,S,1630,0.225961923708257
35758,ENSG00000005700,IBTK,Q9P2D0,T,1068,0.186236197969335
35759,ENSG00000186001,LRCH3,Q96II8,S,324,0.588271033816782
35760,ENSG00000196141,SPATS2L,Q9NUQ6,S,117,0.120632402668746
35761,ENSG00000185950,IRS2,Q9Y4H2,S,894,0.30806649168932
35766,ENSG00000159166,LAD1,O00515,S,12,0.122859190771094
35768,ENSG00000072518,MARK2,Q7KZI7,S,43,0.35949032184907
35770,ENSG00000136628,EPRS,P07814,T,888,0.32899797543749
35772,ENSG00000144824,PHLDB2,Q86SQ0,S,521,0.0585613878954322
35774,ENSG00000107957,SH3PXD2A,Q5TCZ1,S,981,0.218952220965239
35777,ENSG00000143373,ZNF687,Q8N1G0,S,1184,0.242195114880063
35779,ENSG00000225830,ERCC6,Q03468,S,35,0.101624067622041
35780,ENSG00000156675,RAB11FIP1,Q6WKZ4,S,195,0.0505103128450448
35781,ENSG00000170390,DCLK2,Q8N568,T,61,0.46307443129587
35782,ENSG00000183134,PTGDR2,Q9Y5Y4,S,338,0.373104620672513
35784,ENSG00000167851,CD300A,Q9UGN4,S,269,0.160993062399139
35791,ENSG00000137076,TLN1,Q9Y490,Y,127,0.425999277258303
35792,ENSG00000185658,BRWD1,Q9NSI6,S,1905,0.115826808303703
35793,ENSG00000099814,CEP170B,Q9Y4F5,S,565,0.306816242390971
35797,ENSG00000163939,PBRM1,Q86U86,T,301,0.278749676066214
35800,ENSG00000058453,CROCC,Q5TZA2,S,2005,0.344848654877831
35803,ENSG00000148730,EIF4EBP2,Q13542,T,46,0.830766073754273
35804,ENSG00000167680,SEMA6B,Q9H3T3,T,848,0.388264983741244
35807,ENSG00000072571,HMMR,O75330,T,703,0.477945525905643
35810,ENSG00000215271,HOMEZ,Q8IX15,T,437,0.387017543251051
35811,ENSG00000197965,MPZL1,O95297,S,260,0.385470028285577
35812,ENSG00000118482,PHF3,Q92576,S,342,0.152578644926184
35813,ENSG00000084733,RAB10,P61026,S,77,0.319683614524309
35815,ENSG00000107036,RIC1,Q4ADV7,S,1021,0.19921211237651
35817,ENSG00000149476,TKFC,Q3LXA3,S,350,0.385726567204485
35818,ENSG00000168497,CAVIN2,O95810,S,384,0.0904905108390623
35819,ENSG00000066933,MYO9A,B2RTY4,S,1301,0.0840643217623292
35822,ENSG00000075884,ARHGAP15,Q53QZ3,S,39,0.497581758673671
35823,ENSG00000159753,CARMIL2,Q6F5E8,S,1270,0.105272979501099
35825,ENSG00000014641,MDH1,P40925,S,188,0.343514444880411
35827,ENSG00000092964,DPYSL2,Q16555,T,512,0.277181309118466
35828,ENSG00000050405,LIMA1,Q9UHB6,S,228,0.35664970791198
35831,ENSG00000074054,CLASP1,Q7Z460,T,1099,0.376784099074392
35832,ENSG00000162244,RPL29,P47914,S,142,0.335876725393548
35833,ENSG00000130158,DOCK6,Q96HP0,S,186,0.317347322722267
35834,ENSG00000099331,MYO9B,Q13459,S,1999,0.26267919783134
35836,ENSG00000101096,NFATC2,Q13469,S,757,0.470238238318109
35840,ENSG00000122034,GTF3A,Q92664,S,347,0.229904780856918
35842,ENSG00000101421,CHMP4B,Q9H444,S,223,0.242594136187438
35846,ENSG00000141577,CEP131,Q9UPN4,S,35,0.475016636155916
35851,ENSG00000100354,TNRC6B,Q9UPQ9,S,1570,0.349421444059803
35852,ENSG00000103657,HERC1,Q15751,S,1333,0.223722729465643
35854,ENSG00000121104,FAM117A,Q9C073,S,199,0.360560453379797
35856,ENSG00000186638,KIF24,Q5T7B8,S,1275,0.167579841539037
35857,ENSG00000149269,PAK1,Q13153,S,220,0.740978066571981
35858,ENSG00000160741,CRTC2,Q53ET0,S,136,0.642465869284564
35859,ENSG00000125898,FAM110A,Q9BQ89,S,7,0.263246591494396
35861,ENSG00000186834,HEXIM1,O94992,S,69,0.230614590904677
35862,ENSG00000136143,SUCLA2,Q9P2R7,S,79,0.548554888082939
35867,ENSG00000127526,SLC35E1,Q96K37,S,363,0.535897182689417
35868,ENSG00000196961,AP2A1,O95782,S,636,0.174738609303781
35869,ENSG00000068971,PPP2R5B,Q15173,S,15,0.176689250262175
35871,ENSG00000127603,MACF1,O94854,S,57,0.113235497162898
35872,ENSG00000186416,NKRF,O15226,S,618,0.439871100957299
35878,ENSG00000104969,SGTA,O43765,S,301,0.439066385972474
35879,ENSG00000067900,ROCK1,Q13464,S,1098,0.249111219282159
35880,ENSG00000204519,ZNF551,Q7Z340,S,126,0.373638993908481
35882,ENSG00000054598,FOXC1,Q12948,S,272,0.329775395768418
35886,ENSG00000127947,PTPN12,Q05209,S,517,0.266792541933689
35887,ENSG00000120053,GOT1,P17174,S,149,0.317125268213354
35888,ENSG00000143702,CEP170,Q5SW79,S,1306,0.195740287397556
35892,ENSG00000083642,PDS5B,Q9NTI5,S,1191,0.298034567446189
35894,ENSG00000099326,MZF1,P28698,S,177,0.323824953202982
35897,ENSG00000096717,SIRT1,Q96EB6,S,747,0.113115311328404
35899,ENSG00000111077,TNS2,Q63HR2,S,455,0.44466764588713
35901,ENSG00000159592,GPBP1L1,Q9HC44,S,291,0.124369536481181
35904,ENSG00000136854,STXBP1,P61764,S,269,0.0843379301927855
35905,ENSG00000142687,KIAA0319L,Q8IZA0,S,1003,0.272371696674395
35907,ENSG00000173120,KDM2A,Q9Y2K7,S,718,0.404646789722316
35910,ENSG00000101182,PSMA7,O14818,S,30,0.198064669894723
35911,ENSG00000196091,MYBPC1,Q00872,T,41,0.160306438736145
35914,ENSG00000163249,CCNYL1,Q8N7R7,S,112,0.47915174739242
35915,ENSG00000185475,TMEM179B,Q7Z7N9,S,206,0.322646507561352
35916,ENSG00000148082,SHC3,Q92529,S,324,0.221312803250749
35924,ENSG00000100813,ACIN1,Q9UKV3,S,983,0.447441964942011
35925,ENSG00000161904,LEMD2,Q8NC56,S,174,0.409263899858537
35927,ENSG00000186174,BCL9L,Q86UU0,S,999,0.267393299559992
35930,ENSG00000141084,RANBP10,Q6VN20,S,386,0.342442358367106
35931,ENSG00000092148,HECTD1,Q9ULT8,S,358,0.242088946462563
35932,ENSG00000146216,TTBK1,Q5TCY1,S,515,0.108525895711173
35934,ENSG00000198431,TXNRD1,Q16881,Y,163,0.514440499808245
35936,ENSG00000110713,NUP98,P52948,S,1075,0.175593722102262
35939,ENSG00000165632,TAF3,Q5VWG9,S,114,0.114126057451453
35940,ENSG00000132300,PTCD3,Q96EY7,S,679,0.204406471987982
35943,ENSG00000107242,PIP5K1B,O14986,S,413,0.460186941726682
35944,ENSG00000136280,CCM2,Q9BSQ5,S,164,0.499499437533803
35948,ENSG00000214456,PLIN5,Q00G26,S,322,0.286279888332302
35950,ENSG00000101057,MYBL2,P10244,T,505,0.533937677565514
35951,ENSG00000116285,ERRFI1,Q9UJM3,S,369,0.509817532468363
35952,ENSG00000126705,AHDC1,Q5TGY3,S,868,0.161275813771705
35953,ENSG00000178188,SH2B1,Q9NRF2,S,88,0.493574098473003
35954,ENSG00000187735,TCEA1,P23193,S,107,0.12592167169458
35955,ENSG00000143748,NVL,O15381,S,211,0.483354615616435
35956,ENSG00000149115,TNKS1BP1,Q9C0C2,S,280,0.0560158934638007
35958,ENSG00000167258,CDK12,Q9NYV4,S,1053,0.234820850948636
35959,ENSG00000104067,TJP1,Q07157,S,995,0.0357637616378267
35961,ENSG00000148356,LRSAM1,Q6UWE0,S,494,0.156949902202027
35963,ENSG00000171045,TSNARE1,Q96NA8,S,378,0.187872732572427
35964,ENSG00000173198,CYSLTR1,Q9Y271,S,316,0.396305543091026
35965,ENSG00000196531,NACA,E9PAV3,S,1581,0.154989165815157
35966,ENSG00000149115,TNKS1BP1,Q9C0C2,S,237,0.0573089776710051
35968,ENSG00000110756,HPS5,Q9UPZ3,S,712,0.178676012294746
35971,ENSG00000168724,DNAJC21,Q5F1R6,S,257,0.141527646809069
35972,ENSG00000086758,HUWE1,Q7Z6Z7,S,2931,0.0700424006715319
35973,ENSG00000115241,PPM1G,O15355,T,199,0.375103081136076
35975,ENSG00000140836,ZFHX3,Q15911,S,533,0.253227660926862
35976,ENSG00000187017,ESPN,B1AK53,S,647,0.251032196312612
35977,ENSG00000139746,RBM26,Q5T8P6,S,90,0.0907616267039053
35979,ENSG00000131381,RBSN,Q9H1K0,S,601,0.188663092590378
35980,ENSG00000132305,IMMT,Q16891,S,115,0.425484814486732
35982,ENSG00000057294,PKP2,Q99959,T,177,0.346371585803387
35983,ENSG00000107625,DDX50,Q9BQ39,S,113,0.354147340301673
35985,ENSG00000066933,MYO9A,B2RTY4,S,1317,0.232578002950383
35986,ENSG00000121741,ZMYM2,Q9UBW7,S,1056,0.238843179107333
35990,ENSG00000126934,MAP2K2,P36507,S,26,0.288951776879777
35994,ENSG00000088387,DOCK9,Q9BZ29,S,1261,0.10595724478052
35995,ENSG00000173276,ZBTB21,Q9ULJ3,T,1005,0.231457001002134
35998,ENSG00000151150,ANK3,Q12955,S,4325,0.174191262836992
36000,ENSG00000170776,AKAP13,Q12802,S,1849,0.0328337398086906
36001,ENSG00000166897,ELFN2,Q5R3F8,S,644,0.318385682070025
36002,ENSG00000272031,ANKRD34A,Q69YU3,S,400,0.293502169282826
36005,ENSG00000105974,CAV1,Q03135,Y,14,0.940410244570502
36006,ENSG00000144674,GOLGA4,Q13439,S,30,0.178096229996086
36009,ENSG00000198010,DLGAP2,Q9P1A6,S,668,0.141347913167386
36010,ENSG00000141570,CBX8,Q9HC52,S,311,0.497614277946105
36011,ENSG00000138709,LARP1B,Q659C4,S,906,0.326777183520878
36013,ENSG00000129422,MTUS1,Q9ULD2,S,199,0.17122893759129
36015,ENSG00000100983,GSS,P48637,S,181,0.122919548966825
36016,ENSG00000171914,TLN2,Q9Y4G6,S,460,0.150034249161053
36017,ENSG00000100485,SOS2,Q07890,S,1267,0.43698334900299
36020,ENSG00000092445,TYRO3,Q06418,S,466,0.15408013657926
36022,ENSG00000083799,CYLD,Q9NQC7,S,387,0.201797167337934
36025,ENSG00000147874,HAUS6,Q7Z4H7,S,728,0.156245516503686
36026,ENSG00000065883,CDK13,Q14004,S,436,0.382615581068058
36027,ENSG00000141027,NCOR1,O75376,S,97,0.378485599619769
36028,ENSG00000125686,MED1,A0JLT2,S,238,0.10276321317633
36029,ENSG00000004534,RBM6,P78332,S,353,0.301119319313528
36030,ENSG00000101150,TPD52L2,O43399,T,35,0.466023983982003
36031,ENSG00000176148,TCP11L1,Q9NUJ3,S,18,0.120964391694742
36034,ENSG00000167971,CASKIN1,Q8WXD9,S,1364,0.11669928322214
36035,ENSG00000116786,PLEKHM2,Q8IWE5,S,359,0.177844470501897
36037,ENSG00000113441,LNPEP,Q9UIQ6,S,19,0.182007751078828
36038,ENSG00000131095,GFAP,P14136,S,323,0.124871321997886
36039,ENSG00000157933,SKI,P12755,S,501,0.235115718937598
36041,ENSG00000157214,STEAP2,Q8NFT2,S,14,0.138518781047942
36043,ENSG00000121892,PDS5A,Q29RF7,S,1187,0.170511610030233
36044,ENSG00000106541,AGR2,O95994,S,146,0.403967090171808
36049,ENSG00000165914,TTC7B,Q86TV6,S,630,0.353864376803551
36051,ENSG00000100324,TAB1,Q15750,S,16,0.34535780480454
36052,ENSG00000162402,USP24,Q9UPU5,S,2077,0.377121028324319
36053,ENSG00000132275,RRP8,O43159,S,62,0.524851975077364
36060,ENSG00000123200,ZC3H13,Q5T200,S,340,0.0807514272149777
36061,ENSG00000109089,CDR2L,Q86X02,S,303,0.10754800987642
36062,ENSG00000110427,KIAA1549L,Q6ZVL6,S,1481,0.103153100106366
36063,ENSG00000115904,SOS1,Q07889,S,1078,0.353985808985497
36067,ENSG00000140464,PML,P29590,S,583,0.22600657684066
36068,ENSG00000116117,PARD3B,Q8TEW8,S,338,0.162294703730115
36069,ENSG00000184867,ARMCX2,Q7L311,T,225,0.234317751708008
36070,ENSG00000130254,SAFB2,Q14151,S,613,0.264753881892817
36076,ENSG00000079739,PGM1,P36871,S,20,0.344376476625778
36077,ENSG00000105287,PRKD2,Q9BZL6,S,353,0.121174472214071
36079,ENSG00000205476,CCDC85C,A6NKD9,S,182,0.2485188459793
36082,ENSG00000067334,DNTTIP2,Q5QJE6,S,239,0.256510253169175
36083,ENSG00000093167,LRRFIP2,Q9Y608,S,312,0.473514074624239
36087,ENSG00000183853,KIRREL1,Q96J84,T,563,0.331456370052288
36089,ENSG00000164626,KCNK5,O95279,S,266,0.420651334451824
36090,ENSG00000124151,NCOA3,Q9Y6Q9,Y,574,0.328471692264511
36096,ENSG00000102119,EMD,P50402,S,173,0.487457247590274
36097,ENSG00000081248,CACNA1S,Q13698,S,1575,0.233852509130016
36098,ENSG00000110844,PRPF40B,Q6NWY9,S,847,0.325692234883153
36099,ENSG00000151612,ZNF827,Q17R98,S,689,0.233371700185015
36101,ENSG00000015133,CCDC88C,Q9P219,S,1985,0.213695955940983
36102,ENSG00000095637,SORBS1,Q9BX66,S,953,0.433076925443661
36106,ENSG00000143842,SOX13,Q9UN79,T,621,0.336113974173871
36108,ENSG00000116198,CEP104,O60308,S,314,0.160379072322975
36111,ENSG00000133026,MYH10,P35580,S,1965,0.188355638919081
36113,ENSG00000080845,DLGAP4,Q9Y2H0,S,709,0.249670546367044
36114,ENSG00000114857,NKTR,P30414,S,809,0.143802428909639
36115,ENSG00000122870,BICC1,Q9H694,S,31,0.105935767177108
36116,ENSG00000134369,NAV1,Q8NEY1,S,1048,0.173886380352152
36118,ENSG00000122557,HERPUD2,Q9BSE4,S,93,0.172188376437596
36121,ENSG00000136872,ALDOB,P05062,T,39,0.324584887860513
36123,ENSG00000176986,SEC24C,P53992,T,214,0.306386425169874
36124,ENSG00000103479,RBL2,Q08999,S,995,0.342115736451619
36125,ENSG00000137478,FCHSD2,O94868,S,683,0.387737331353867
36128,ENSG00000086712,TXLNG,Q9NUQ3,T,474,0.424451197451493
36132,ENSG00000144426,NBEAL1,Q6ZS30,S,1406,0.181061054753173
36133,ENSG00000087274,ADD1,P35611,S,64,0.595124276143219
36134,ENSG00000067334,DNTTIP2,Q5QJE6,T,610,0.443876518639425
36135,ENSG00000172817,CYP7B1,O75881,S,124,0.164643941148417
36137,ENSG00000100811,YY1,P25490,S,187,0.349615336832416
36138,ENSG00000196924,FLNA,P21333,S,1436,0.50313269974243
36140,ENSG00000173991,TCAP,O15273,S,161,0.797187032492141
36141,ENSG00000149657,LSM14B,Q9BX40,S,165,0.324975642683371
36145,ENSG00000101336,HCK,P08631,Y,209,0.628228722533091
36146,ENSG00000166987,MBD6,Q96DN6,S,975,0.148182015119959
36147,ENSG00000175183,CSRP2,Q16527,T,79,0.133332740868167
36148,ENSG00000135111,TBX3,O15119,S,738,0.309086044582628
36149,ENSG00000136536,MARCH7,Q9H992,S,129,0.343132293606481
36152,ENSG00000179456,ZBTB18,Q99592,S,157,0.21184934144592
36153,ENSG00000116128,BCL9,O00512,S,1044,0.346026421451551
36156,ENSG00000159788,RGS12,O14924,S,849,0.144304287093735
36158,ENSG00000148516,ZEB1,P37275,S,1018,0.351635892819467
36159,ENSG00000140534,TICRR,Q7Z2Z1,S,841,0.240640207063467
36161,ENSG00000145241,CENPC,Q03188,S,542,0.084374054749165
36162,ENSG00000171055,FEZ2,Q9UHY8,S,135,0.282461912517335
36165,ENSG00000003400,CASP10,Q92851,T,268,0.302451682414817
36168,ENSG00000151849,CENPJ,Q9HC77,S,663,0.0860218414401096
36169,ENSG00000182196,ARL6IP4,Q66PJ3,T,232,0.289805603708929
36170,ENSG00000102870,ZNF629,Q9UEG4,S,616,0.399253368494233
36171,ENSG00000110218,PANX1,Q96RD7,S,182,0.389866037329651
36173,ENSG00000117751,PPP1R8,Q12972,S,199,0.995351589512871
36179,ENSG00000119041,GTF3C3,Q9Y5Q9,S,75,0.231067000044797
36180,ENSG00000133083,DCLK1,O15075,S,738,0.397420454585638
36181,ENSG00000138771,SHROOM3,Q8TF72,S,1486,0.114491025512154
36184,ENSG00000067225,PKM,P14618,T,80,0.371487022998937
36187,ENSG00000110075,PPP6R3,Q5H9R7,S,639,0.231274665349626
36188,ENSG00000112297,CRYBG1,Q9Y4K1,S,551,0.0903591302686199
36189,ENSG00000166912,MTMR10,Q9NXD2,S,625,0.128313972735776
36190,ENSG00000116882,HAO2,Q9NYQ3,S,184,0.268075808463947
36191,ENSG00000178951,ZBTB7A,O95365,S,511,0.368858305246441
36193,ENSG00000149564,ESAM,Q96AP7,S,366,0.185840294247746
36195,ENSG00000088726,TMEM40,Q8WWA1,S,99,0.190733878752296
36197,ENSG00000115461,IGFBP5,P24593,T,123,0.213779714412736
36198,ENSG00000107290,SETX,Q7Z333,S,641,0.0559552260297759
36199,ENSG00000172046,USP19,O94966,T,407,0.296931819208346
36200,ENSG00000085185,BCORL1,Q5H9F3,S,1199,0.203114907158882
36201,ENSG00000163932,PRKCD,Q05655,T,295,0.458871339155683
36202,ENSG00000102921,N4BP1,O75113,S,258,0.206524286546362
36203,ENSG00000160299,PCNT,O95613,S,2192,0.111113486673299
36204,ENSG00000177885,GRB2,P62993,S,18,0.334745838571041
36205,ENSG00000137076,TLN1,Q9Y490,T,190,0.13633262615618
36208,ENSG00000082269,FAM135A,Q9P2D6,S,514,0.0812762703583186
36210,ENSG00000198467,TPM2,P07951,S,206,0.259934375886529
36211,ENSG00000164830,OXR1,Q8N573,S,346,0.424620064781048
36212,ENSG00000124942,AHNAK,Q09666,S,5832,0.186315490932131
36213,ENSG00000012048,BRCA1,P38398,S,1457,0.273259135980323
36215,ENSG00000018625,ATP1A2,P50993,S,450,0.133866060561837
36221,ENSG00000137177,KIF13A,Q9H1H9,T,1452,0.161740264560079
36222,ENSG00000158195,WASF2,Q9Y6W5,S,293,0.441915910384072
36223,ENSG00000101040,ZMYND8,Q9ULU4,S,797,0.281930055984446
36224,ENSG00000145362,ANK2,Q01484,S,2250,0.267747091689078
36227,ENSG00000197555,SIPA1L1,O43166,S,1647,0.320781777654061
36229,ENSG00000101336,HCK,P08631,T,202,0.337592438593038
36230,ENSG00000099381,SETD1A,O15047,S,1153,0.220502742894102
36234,ENSG00000136111,TBC1D4,O60343,S,648,0.218725597406493
36238,ENSG00000088038,CNOT3,O75175,S,294,0.322498053971524
36241,ENSG00000180182,MED14,O60244,S,977,0.410310169985059
36245,ENSG00000204217,BMPR2,Q13873,S,862,0.333376373458214
36247,ENSG00000079308,TNS1,Q9HBL0,S,912,0.294715003785924
36252,ENSG00000156011,PSD3,Q9NYI0,T,1019,0.237265640524123
36254,ENSG00000112561,TFEB,P19484,T,453,0.136518610852208
36255,ENSG00000164830,OXR1,Q8N573,S,364,0.10213289070464
36257,ENSG00000070808,CAMK2A,Q9UQM7,S,257,0.277323457744897
36260,ENSG00000144426,NBEAL1,Q6ZS30,S,1336,0.0878031377847135
36261,ENSG00000149743,TRPT1,Q86TN4,S,239,0.378814972845559
36262,ENSG00000198589,LRBA,P50851,S,1133,0.200815814115957
36266,ENSG00000197892,KIF13B,Q9NQT8,S,1438,0.18794542915351
36267,ENSG00000087087,SRRT,Q9BXP5,S,341,0.148076002468741
36268,ENSG00000178053,MLF1,P58340,S,8,0.198804992900712
36269,ENSG00000175084,DES,P17661,S,358,0.387957750880373
36270,ENSG00000178950,GAK,O14976,S,834,0.270923902511609
36272,ENSG00000164916,FOXK1,P85037,S,428,0.551444699301914
36273,ENSG00000106511,MEOX2,P50222,S,292,0.167432821230932
36274,ENSG00000151849,CENPJ,Q9HC77,S,764,0.229604567260465
36275,ENSG00000116641,DOCK7,Q96N67,S,1434,0.202039013441448
36276,ENSG00000003756,RBM5,P52756,S,69,0.534088744339348
36277,ENSG00000140262,TCF12,Q99081,S,116,0.45420559765565
36278,ENSG00000102226,USP11,P51784,S,948,0.324449865878346
36282,ENSG00000166833,NAV2,Q8IVL1,S,1120,0.221447094372106
36285,ENSG00000198795,ZNF521,Q96K83,S,1179,0.182943333123234
36287,ENSG00000152767,FARP1,Q9Y4F1,S,894,0.230306058187901
36291,ENSG00000124198,ARFGEF2,Q9Y6D5,T,589,0.0464944036477953
36293,ENSG00000181392,SYNE4,Q8N205,S,331,0.231218335790819
36295,ENSG00000148773,MKI67,P46013,T,1719,0.346922508986357
36297,ENSG00000131236,CAP1,O14713,S,49,0.148553316940461
36298,ENSG00000197077,KIAA1671,Q9BY89,S,673,0.0672654250308619
36300,ENSG00000063176,SPHK2,Q9NRA0,S,399,0.470951857620385
36302,ENSG00000148429,USP6NL,Q92738,S,655,0.349273045533486
36303,ENSG00000141503,MINK1,Q8N4C8,S,777,0.261643816237857
36308,ENSG00000182504,CEP97,Q8IW35,S,752,0.281290300646906
36310,ENSG00000080200,CRYBG3,Q68DQ2,S,912,0.138326461386537
36314,ENSG00000115806,GORASP2,Q9H8Y8,S,436,0.307090712598816
36318,ENSG00000121774,KHDRBS1,Q07666,S,18,0.376891981224068
36320,ENSG00000111907,TPD52L1,Q16890,T,146,0.437988963014111
36324,ENSG00000104946,TBC1D17,Q9HA65,S,608,0.417755089284115
36326,ENSG00000138801,PAPSS1,O43252,S,102,0.370498918471453
36327,ENSG00000082269,FAM135A,Q9P2D6,S,640,0.180463940802818
36329,ENSG00000165512,ZNF22,P17026,S,42,0.274946119352715
36330,ENSG00000133226,SRRM1,Q8IYB3,S,420,0.256982568177788
36333,ENSG00000132155,RAF1,P04049,S,301,0.505951924272271
36335,ENSG00000118922,KLF12,Q9Y4X4,S,240,0.373264958670911
36336,ENSG00000228672,PROB1,E7EW31,S,306,0.264015231891925
36337,ENSG00000094880,CDC23,Q9UJX2,T,565,0.27154319191677
36338,ENSG00000036448,MYOM2,P54296,S,59,0.334589215273876
36339,ENSG00000111679,PTPN6,P29350,S,57,0.132515803907824
36340,ENSG00000205808,PLPP6,Q8IY26,S,26,0.565201993436581
36344,ENSG00000138434,SSFA2,P28290,S,1053,0.118208730370936
36347,ENSG00000156735,BAG4,O95429,S,7,0.449232701299408
36350,ENSG00000197415,VEPH1,Q14D04,T,381,0.124563595388063
36351,ENSG00000169683,LRRC45,Q96CN5,S,661,0.452661204997529
36352,ENSG00000125386,FAM193A,P78312,S,266,0.362915343329571
36353,ENSG00000128573,FOXP2,O15409,S,591,0.277339700771051
36355,ENSG00000155755,TMEM237,Q96Q45,T,56,0.332869758435972
36356,ENSG00000165092,ALDH1A1,P00352,T,337,0.480373652595857
36357,ENSG00000089177,KIF16B,Q96L93,S,1172,0.131798101626373
36359,ENSG00000065243,PKN2,Q16513,S,583,0.446049052369598
36362,ENSG00000111676,ATN1,P54259,S,79,0.392198191200212
36363,ENSG00000121749,TBC1D15,Q8TC07,S,72,0.406390622822659
36365,ENSG00000136243,NUPL2,O15504,S,106,0.390482525324945
36367,ENSG00000196411,EPHB4,P54760,T,976,0.429675655753528
36372,ENSG00000115687,PASK,Q96RG2,S,582,0.167365627250166
36373,ENSG00000100568,VTI1B,Q9UEU0,S,138,0.268661087707426
36377,ENSG00000136274,NACAD,O15069,S,1300,0.26753917517737
36379,ENSG00000166963,MAP1A,P78559,S,1198,0.219053450588606
36380,ENSG00000183255,PTTG1IP,P53801,Y,174,0.932366331856361
36382,ENSG00000136717,BIN1,O00499,S,298,0.444054844724921
36384,ENSG00000117394,SLC2A1,P11166,S,465,0.369196506556369
36385,ENSG00000213722,DDAH2,O95865,S,285,0.186330263334711
36389,ENSG00000275066,SYNRG,Q9UMZ2,T,1016,0.104133398346056
36390,ENSG00000178904,DPY19L3,Q6ZPD9,S,16,0.135867509436725
36391,ENSG00000136352,NKX2-1,P43699,S,254,0.436776408646905
36394,ENSG00000196792,STRN3,Q13033,S,257,0.285561349733483
36397,ENSG00000156983,BRPF1,P55201,S,961,0.0968369316680838
36400,ENSG00000184524,CEND1,Q8N111,S,86,0.332933530600387
36402,ENSG00000116786,PLEKHM2,Q8IWE5,S,371,0.127755213578113
36405,ENSG00000146648,EGFR,P00533,S,1026,0.39546869328804
36406,ENSG00000198604,BAZ1A,Q9NRL2,S,1417,0.294690441112465
36409,ENSG00000176915,ANKLE2,Q86XL3,S,896,0.43121162317127
36413,ENSG00000156709,AIFM1,O95831,S,375,0.274140209040161
36414,ENSG00000029725,RABEP1,Q15276,S,377,0.438009733512309
36420,ENSG00000132688,NES,P48681,S,320,0.250092916944884
36423,ENSG00000105778,AVL9,Q8NBF6,S,244,0.295822510294293
36427,ENSG00000072364,AFF4,Q9UHB7,S,120,0.323310834771405
36430,ENSG00000171729,TMEM51,Q9NW97,Y,161,0.551526770401592
36431,ENSG00000130528,HRC,P23327,T,76,0.0858715304177391
36433,ENSG00000090776,EFNB1,P98172,S,292,0.176016435215123
36434,ENSG00000125821,DTD1,Q8TEA8,S,196,0.721390362521152
36437,ENSG00000184451,CCR10,P46092,S,329,0.273626154278912
36439,ENSG00000116675,DNAJC6,O75061,S,714,0.375501671082176
36440,ENSG00000116117,PARD3B,Q8TEW8,S,92,0.0721949224343259
36441,ENSG00000099814,CEP170B,Q9Y4F5,T,569,0.122449502058725
36442,ENSG00000173120,KDM2A,Q9Y2K7,S,721,0.190380152028754
36444,ENSG00000017260,ATP2C1,P98194,S,911,0.115957448502675
36445,ENSG00000152767,FARP1,Q9Y4F1,S,20,0.256845636194537
36450,ENSG00000197747,S100A10,P60903,Y,25,0.45777917290642
36453,ENSG00000170537,TMC7,Q7Z402,S,72,0.260004323276644
36457,ENSG00000173930,SLCO4C1,Q6ZQN7,S,15,0.318358987262272
36459,ENSG00000100722,ZC3H14,Q6PJT7,S,533,0.501985704567369
36460,ENSG00000177189,RPS6KA3,P51812,S,17,0.343901071560123
36461,ENSG00000002834,LASP1,Q14847,S,167,0.245165493160293
36466,ENSG00000115109,EPB41L5,Q9HCM4,Y,499,0.492818914933478
36468,ENSG00000172354,GNB2,P62879,T,31,0.235712085168072
36472,ENSG00000177045,SIX5,Q8N196,S,281,0.179885116330458
36473,ENSG00000168303,MPLKIP,Q8TAP9,S,47,0.581953125419461
36474,ENSG00000155008,APOOL,Q6UXV4,S,205,0.164968527833923
36481,ENSG00000104866,PPP1R37,O75864,S,669,0.122416650048632
36482,ENSG00000106772,PRUNE2,Q8WUY3,S,1025,0.186015561624114
36483,ENSG00000139132,FGD4,Q96M96,S,390,0.157369492493359
36487,ENSG00000168497,CAVIN2,O95810,T,375,0.175402022619472
36488,ENSG00000038427,VCAN,P13611,S,2112,0.0519099188167027
36490,ENSG00000099812,MISP,Q8IVT2,S,474,0.221575482793037
36492,ENSG00000275832,ARHGAP23,Q9P227,S,586,0.293654789008615
36493,ENSG00000067369,TP53BP1,Q12888,S,674,0.240103073900724
36496,ENSG00000111647,UHRF1BP1L,A0JNW5,S,887,0.115511730162219
36498,ENSG00000136811,ODF2,Q5BJF6,S,820,0.446192986270204
36500,ENSG00000136643,RPS6KC1,Q96S38,S,448,0.082028764693115
36503,ENSG00000188522,FAM83G,A6ND36,S,613,0.346047029497839
36505,ENSG00000114439,BBX,Q8WY36,T,887,0.21339699852429
36506,ENSG00000198752,CDC42BPB,Q9Y5S2,S,1693,0.47381879044884
36507,ENSG00000134313,KIDINS220,Q9ULH0,S,1521,0.414660917381416
36508,ENSG00000189079,ARID2,Q68CP9,S,631,0.287321553848063
36513,ENSG00000138835,RGS3,P49796,S,423,0.188543447321678
36518,ENSG00000142655,PEX14,O75381,S,275,0.614603734618424
36520,ENSG00000157557,ETS2,P15036,S,319,0.469061987299267
36521,ENSG00000063046,EIF4B,P23588,S,495,0.449838781424484
36524,ENSG00000125779,PANK2,Q9BZ23,S,146,0.109048559902707
36525,ENSG00000165795,NDRG2,Q9UN36,S,326,0.546628626542712
36529,ENSG00000150477,KIAA1328,Q86T90,S,21,0.345779159602801
36532,ENSG00000109920,FNBP4,Q8N3X1,S,435,0.331995453668323
36534,ENSG00000151474,FRMD4A,Q9P2Q2,S,690,0.290249137803745
36537,ENSG00000113578,FGF1,P05230,S,153,0.229919630973544
36538,ENSG00000070814,TCOF1,Q13428,S,679,0.276046080047527
36539,ENSG00000132688,NES,P48681,S,564,0.19200802643004
36541,ENSG00000169862,CTNND2,Q9UQB3,Y,1197,0.407568019723944
36542,ENSG00000065613,SLK,Q9H2G2,S,816,0.266657574413914
36548,ENSG00000011405,PIK3C2A,O00443,S,1553,0.301078151042992
36549,ENSG00000162105,SHANK2,Q9UPX8,S,1386,0.430759812632537
36551,ENSG00000180353,HCLS1,P14317,S,320,0.180620357540111
36553,ENSG00000243056,EIF4EBP3,O60516,T,23,0.505807514669331
36555,ENSG00000173166,RAPH1,Q70E73,S,965,0.431234921342247
36556,ENSG00000129911,KLF16,Q9BXK1,S,109,0.524672211838412
36557,ENSG00000198910,L1CAM,P32004,S,1243,0.238300247121134
36558,ENSG00000204160,ZDHHC18,Q9NUE0,S,19,0.471390287535871
36559,ENSG00000196628,TCF4,P15884,S,507,0.119606093044193
36560,ENSG00000181555,SETD2,Q9BYW2,S,1995,0.393266611609179
36561,ENSG00000172380,GNG12,Q9UBI6,S,7,0.449245103548966
36562,ENSG00000185658,BRWD1,Q9NSI6,S,2051,0.0620264525035448
36564,ENSG00000130758,MAP3K10,Q02779,S,502,0.4596746671644
36565,ENSG00000076650,GPATCH1,Q9BRR8,S,203,0.218261906769172
36567,ENSG00000182580,EPHB3,P54753,Y,792,0.879970631560926
36568,ENSG00000048392,RRM2B,Q7LG56,S,20,0.223705009144095
36572,ENSG00000143727,ACP1,P24666,S,137,0.388772400622461
36573,ENSG00000175203,DCTN2,Q13561,T,198,0.559242451630437
36574,ENSG00000126705,AHDC1,Q5TGY3,S,179,0.130483904075624
36575,ENSG00000100335,MIEF1,Q9NQG6,S,94,0.480332920247204
36578,ENSG00000079841,RIMS1,Q86UR5,S,391,0.1582982375677
36579,ENSG00000112701,SENP6,Q9GZR1,T,416,0.448746469253295
36581,ENSG00000128011,LRFN1,Q9P244,S,718,0.37147054824658
36584,ENSG00000137601,NEK1,Q96PY6,T,1050,0.239285961431717
36585,ENSG00000154358,OBSCN,Q5VST9,S,4805,0.192404294001689
36586,ENSG00000088970,KIZ,Q2M2Z5,S,436,0.375506281976654
36588,ENSG00000175115,PACS1,Q6VY07,S,18,0.203181651374598
36590,ENSG00000164897,TMUB1,Q9BVT8,S,127,0.321789544662542
36592,ENSG00000141568,FOXK2,Q01167,S,213,0.79565270478728
36593,ENSG00000103222,ABCC1,P33527,S,921,0.203451348139498
36594,ENSG00000141252,VPS53,Q5VIR6,S,381,0.107549945977791
36596,ENSG00000154229,PRKCA,P17252,T,228,0.275876091858102
36597,ENSG00000101745,ANKRD12,Q6UB98,S,149,0.343649729282811
36599,ENSG00000139926,FRMD6,Q96NE9,S,510,0.358809423139568
36600,ENSG00000132688,NES,P48681,S,965,0.165093781518488
36601,ENSG00000154473,BUB3,O43684,T,328,0.410175345029457
36602,ENSG00000149115,TNKS1BP1,Q9C0C2,S,1552,0.302641572971692
36603,ENSG00000067369,TP53BP1,Q12888,S,532,0.140517196814656
36604,ENSG00000107719,PALD1,Q9ULE6,S,34,0.244654594825729
36605,ENSG00000169641,LUZP1,Q86V48,S,422,0.238533644576295
36612,ENSG00000064652,SNX24,Q9Y343,S,116,0.587965009738095
36615,ENSG00000275342,PRAG1,Q86YV5,S,844,0.279487951803127
36617,ENSG00000146112,PPP1R18,Q6NYC8,T,439,0.217904698873467
36622,ENSG00000079308,TNS1,Q9HBL0,S,750,0.048706363558209
36623,ENSG00000111077,TNS2,Q63HR2,T,889,0.0777638665308212
36625,ENSG00000164327,RICTOR,Q6R327,S,1286,0.157033443196444
36626,ENSG00000156802,ATAD2,Q6PL18,S,85,0.236408244355446
36629,ENSG00000118922,KLF12,Q9Y4X4,S,236,0.195526973115558
36633,ENSG00000137962,ARHGAP29,Q52LW3,S,182,0.251918751781246
36634,ENSG00000144460,NYAP2,Q9P242,S,183,0.207997715920605
36642,ENSG00000070770,CSNK2A2,P19784,S,21,0.338841072482581
36644,ENSG00000235162,C12orf75,Q8TAD7,T,30,0.292355620872127
36646,ENSG00000123552,USP45,Q70EL2,S,599,0.171651346912103
36647,ENSG00000158636,EMSY,Q7Z589,S,210,0.324862012951528
36648,ENSG00000188176,SMTNL2,Q2TAL5,S,269,0.542101710592887
36649,ENSG00000047849,MAP4,P27816,S,71,0.278790711514122
36650,ENSG00000124486,USP9X,Q93008,S,593,0.326947532075765
36651,ENSG00000100285,NEFH,P12036,S,511,0.357676002894874
36652,ENSG00000047849,MAP4,P27816,S,764,0.280498600397445
36654,ENSG00000171490,RSL1D1,O76021,S,392,0.511742607445997
36655,ENSG00000099812,MISP,Q8IVT2,T,577,0.329527988094254
36657,ENSG00000127124,HIVEP3,Q5T1R4,S,1437,0.133944007999279
36660,ENSG00000166689,PLEKHA7,Q6IQ23,S,608,0.223362775058885
36666,ENSG00000142798,HSPG2,P98160,S,2986,0.0601069832935639
36667,ENSG00000099622,CIRBP,Q14011,S,146,0.693591496763184
36669,ENSG00000121390,PSPC1,Q8WXF1,S,164,0.456284009853993
36675,ENSG00000160877,NACC1,Q96RE7,S,127,0.124339600318916
36676,ENSG00000181090,EHMT1,Q9H9B1,T,1047,0.129487562097708
36678,ENSG00000204371,EHMT2,Q96KQ7,S,211,0.240653405824778
36682,ENSG00000104946,TBC1D17,Q9HA65,T,606,0.277701256680226
36683,ENSG00000125386,FAM193A,P78312,S,985,0.290002089702885
36684,ENSG00000175224,ATG13,O75143,S,361,0.503928920885875
36685,ENSG00000180616,SSTR2,P30874,S,368,0.204677752704442
36689,ENSG00000113758,DBN1,Q16643,S,345,0.357294359291318
36690,ENSG00000168959,GRM5,P41594,S,1020,0.350032592237805
36691,ENSG00000189114,BLOC1S3,Q6QNY0,S,89,0.261285966908557
36693,ENSG00000174705,SH3PXD2B,A1X283,S,679,0.229957272581907
36695,ENSG00000109685,NSD2,O96028,T,110,0.343331766396212
36696,ENSG00000089094,KDM2B,Q8NHM5,S,1029,0.172217604665053
36697,ENSG00000197892,KIF13B,Q9NQT8,S,732,0.239279494738085
36699,ENSG00000261371,PECAM1,P16284,S,647,0.291068106099706
36700,ENSG00000115648,MLPH,Q9BV36,S,403,0.453315590239018
36702,ENSG00000010292,NCAPD2,Q15021,T,1339,0.402161978830535
36704,ENSG00000196781,TLE1,Q04724,S,259,0.7870832709886
36705,ENSG00000140600,SH3GL3,Q99963,S,265,0.487308680212162
36710,ENSG00000072501,SMC1A,Q14683,S,358,0.341025361858698
36717,ENSG00000026025,VIM,P08670,S,65,0.758254195009545
36719,ENSG00000133477,FAM83F,Q8NEG4,S,480,0.120970589857043
36720,ENSG00000100211,CBY1,Q9Y3M2,S,26,0.288364830561915
36722,ENSG00000011405,PIK3C2A,O00443,T,1555,0.0969010340098368
36723,ENSG00000145725,PPIP5K2,O43314,S,493,0.341440103309691
36725,ENSG00000135870,RC3H1,Q5TC82,S,690,0.207810806620362
36727,ENSG00000047230,CTPS2,Q9NRF8,Y,567,0.481547946288004
36728,ENSG00000075651,PLD1,Q13393,S,45,0.278503942550661
36729,ENSG00000110046,ATG2A,Q2TAZ0,S,1263,0.132616691727857
36731,ENSG00000147650,LRP12,Q9Y561,S,851,0.194634558897497
36734,ENSG00000141376,BCAS3,Q9H6U6,S,893,0.156632385372535
36736,ENSG00000103034,NDRG4,Q9ULP0,S,317,0.671028957532634
36739,ENSG00000067798,NAV3,Q8IVL0,S,988,0.193980548873985
36740,ENSG00000263465,SRSF8,Q9BRL6,S,192,0.409271879184624
36741,ENSG00000138162,TACC2,O95359,S,2440,0.323960272730923
36742,ENSG00000054654,SYNE2,Q8WXH0,T,6807,0.0849479884391771
36744,ENSG00000197102,DYNC1H1,Q14204,S,70,0.26134540360517
36746,ENSG00000143756,FBXO28,Q9NVF7,S,336,0.121637519135424
36747,ENSG00000167972,ABCA3,Q99758,S,1434,0.0399489493341869
36750,ENSG00000078061,ARAF,P10398,S,458,0.61686550629981
36751,ENSG00000054611,TBC1D22A,Q8WUA7,T,149,0.29959653335981
36752,ENSG00000105176,URI1,O94763,S,449,0.291178720129667
36753,ENSG00000198771,RCSD1,Q6JBY9,S,116,0.601904406766764
36754,ENSG00000116191,RALGPS2,Q86X27,S,329,0.620234777522488
36755,ENSG00000100796,PPP4R3A,Q6IN85,S,768,0.52182468851095
36757,ENSG00000104881,PPP1R13L,Q8WUF5,S,65,0.0883690987294622
36759,ENSG00000127483,HP1BP3,Q5SSJ5,S,111,0.111235299772823
36761,ENSG00000135597,REPS1,Q96D71,S,401,0.214109901336769
36762,ENSG00000165731,RET,P07949,S,696,0.641038207477186
36765,ENSG00000169564,PCBP1,Q15365,T,169,0.0840555608064733
36766,ENSG00000152104,PTPN14,Q15678,S,512,0.381159703154781
36769,ENSG00000161800,RACGAP1,Q9H0H5,S,164,0.482824953116413
36771,ENSG00000114019,AMOTL2,Q9Y2J4,S,236,0.207811724979259
36772,ENSG00000189143,CLDN4,O14493,S,206,0.353317183649103
36774,ENSG00000099284,H2AFY2,Q9P0M6,S,175,0.149718209026655
36775,ENSG00000144381,HSPD1,P10809,S,232,0.2862576309518
36776,ENSG00000008294,SPAG9,O60271,S,588,0.308453069557651
36777,ENSG00000139641,ESYT1,Q9BSJ8,S,860,0.0776724685417976
36778,ENSG00000167978,SRRM2,Q9UQ35,T,111,0.302463872669858
36779,ENSG00000136271,DDX56,Q9NY93,S,532,0.159549954529854
36781,ENSG00000123240,OPTN,Q96CV9,S,173,0.35635378436235
36784,ENSG00000140199,SLC12A6,Q9UHW9,S,32,0.426876307107572
36785,ENSG00000171467,ZNF318,Q5VUA4,S,214,0.39814066384859
36786,ENSG00000126062,TMEM115,Q12893,S,314,0.355910918967635
36787,ENSG00000167702,KIFC2,Q96AC6,S,612,0.210639669872417
36789,ENSG00000037637,FBXO42,Q6P3S6,S,552,0.553438062531097
36790,ENSG00000182504,CEP97,Q8IW35,S,825,0.336442414912473
36792,ENSG00000135709,KIAA0513,O60268,S,74,0.354129016251888
36793,ENSG00000138398,PPIG,Q13427,S,375,0.352997877033864
36795,ENSG00000169641,LUZP1,Q86V48,T,679,0.31209851872718
36797,ENSG00000102119,EMD,P50402,S,159,0.42867262790369
36800,ENSG00000133392,MYH11,P35749,S,1935,0.0585434418927923
36802,ENSG00000102786,INTS6,Q9UL03,S,150,0.41063675050253
36804,ENSG00000067533,RRP15,Q9Y3B9,S,280,0.453821691184126
36809,ENSG00000055483,USP36,Q9P275,S,610,0.480217166428712
36811,ENSG00000172534,HCFC1,P51610,S,2019,0.587025802069893
36812,ENSG00000165556,CDX2,Q99626,S,283,0.420890738022568
36814,ENSG00000139168,ZCRB1,Q8TBF4,S,166,0.120205857582753
36816,ENSG00000174501,ANKRD36C,Q5JPF3,S,829,0.251725665122315
36817,ENSG00000141503,MINK1,Q8N4C8,S,555,0.211208099561463
36818,ENSG00000254772,EEF1G,P26641,T,46,0.566114467903637
36819,ENSG00000163539,CLASP2,O75122,S,1013,0.450810271309723
36820,ENSG00000133121,STARD13,Q9Y3M8,S,414,0.100955784381458
36821,ENSG00000147130,ZMYM3,Q14202,T,781,0.292383900835332
36824,ENSG00000176953,NFATC2IP,Q8NCF5,S,168,0.416216392419468
36826,ENSG00000124562,SNRPC,P09234,Y,12,0.343706806420902
36827,ENSG00000136717,BIN1,O00499,T,327,0.377861699321237
36828,ENSG00000054598,FOXC1,Q12948,S,320,0.589530897685458
36829,ENSG00000083223,ZCCHC6,Q5VYS8,S,939,0.296077945866059
36830,ENSG00000170390,DCLK2,Q8N568,S,320,0.260187118831948
36831,ENSG00000177045,SIX5,Q8N196,T,276,0.19213334480793
36832,ENSG00000156269,NAA11,Q9BSU3,S,186,0.223542864084858
36836,ENSG00000072110,ACTN1,P12814,S,428,0.200709271404512
36838,ENSG00000170776,AKAP13,Q12802,S,2703,0.289706233945514
36839,ENSG00000137409,MTCH1,Q9NZJ7,S,381,0.498147951876463
36843,ENSG00000172071,EIF2AK3,Q9NZJ5,S,1111,0.281915558806576
36846,ENSG00000182872,RBM10,P98175,Y,732,0.468479247941252
36848,ENSG00000181555,SETD2,Q9BYW2,S,1084,0.20985000010346
36849,ENSG00000077380,DYNC1I2,Q13409,S,104,0.381076461629017
36852,ENSG00000149115,TNKS1BP1,Q9C0C2,S,1328,0.173593650115121
36853,ENSG00000163939,PBRM1,Q86U86,S,319,0.217292424903353
36855,ENSG00000184588,PDE4B,Q07343,S,290,0.300566348882851
36857,ENSG00000169783,LINGO1,Q96FE5,S,602,0.267103807011998
36858,ENSG00000131711,MAP1B,P46821,T,1685,0.0546252414243001
36859,ENSG00000103194,USP10,Q14694,S,226,0.383733360819794
36865,ENSG00000124942,AHNAK,Q09666,T,590,0.189964214407902
36867,ENSG00000007062,PROM1,O43490,S,863,0.219809809217374
36868,ENSG00000136111,TBC1D4,O60343,T,568,0.433766347074655
36869,ENSG00000165795,NDRG2,Q9UN36,S,346,0.479137116358612
36870,ENSG00000197256,KANK2,Q63ZY3,T,156,0.0897275212269682
36873,ENSG00000112787,FBRSL1,Q9HCM7,S,34,0.236806383535869
36875,ENSG00000071564,TCF3,P15923,T,508,0.0975574608119912
36876,ENSG00000065526,SPEN,Q96T58,T,1219,0.0907070895024758
36878,ENSG00000154451,GBP5,Q96PP8,S,157,0.296021706427427
36879,ENSG00000214357,NEURL1B,A8MQ27,S,271,0.622127656583926
36880,ENSG00000131378,RFTN1,Q14699,S,183,0.108899561669547
36882,ENSG00000228672,PROB1,E7EW31,S,777,0.165636434545248
36883,ENSG00000135052,GOLM1,Q8NBJ4,T,362,0.307693040593486
36884,ENSG00000105699,LSR,Q86X29,S,382,0.309970028067144
36885,ENSG00000110756,HPS5,Q9UPZ3,S,578,0.25094709178316
36886,ENSG00000154134,ROBO3,Q96MS0,S,1263,0.181917056974828
36889,ENSG00000086758,HUWE1,Q7Z6Z7,S,2917,0.18080697210982
36891,ENSG00000170515,PA2G4,Q9UQ80,S,267,0.267181176479847
36892,ENSG00000103056,SMPD3,Q9NY59,S,296,0.171779393787238
36893,ENSG00000082781,ITGB5,P18084,S,779,0.406410534197865
36898,ENSG00000104728,ARHGEF10,O15013,S,1258,0.205076503489836
36899,ENSG00000124831,LRRFIP1,Q32MZ4,S,471,0.207464956333713
36900,ENSG00000196139,AKR1C3,P42330,S,118,0.338982934177185
36901,ENSG00000155158,TTC39B,Q5VTQ0,S,524,0.402471717836626
36902,ENSG00000033327,GAB2,Q9UQC2,S,140,0.444807046120818
36905,ENSG00000107282,APBA1,Q02410,Y,264,0.368415395162731
36907,ENSG00000124140,SLC12A5,Q9H2X9,S,1045,0.190301414801189
36909,ENSG00000146122,DAAM2,Q86T65,S,1050,0.324682316602994
36910,ENSG00000089048,ESF1,Q9H501,S,77,0.520528054314445
36913,ENSG00000110104,CCDC86,Q9H6F5,T,146,0.182167442449488
36919,ENSG00000068308,OTUD5,Q96G74,S,64,0.330421288518466
36921,ENSG00000144524,COPS7B,Q9H9Q2,S,227,0.126014626227409
36923,ENSG00000154447,SH3RF1,Q7Z6J0,S,125,0.23179684222677
36926,ENSG00000134313,KIDINS220,Q9ULH0,S,1623,0.233894734486383
36927,ENSG00000067369,TP53BP1,Q12888,S,1656,0.408350539225003
36929,ENSG00000131374,TBC1D5,Q92609,S,470,0.312949676866612
36930,ENSG00000174292,TNK1,Q13470,S,502,0.39341391852866
36932,ENSG00000137166,FOXP4,Q8IVH2,S,52,0.378543144042763
36933,ENSG00000089094,KDM2B,Q8NHM5,T,495,0.220924060355008
36935,ENSG00000125459,MSTO1,Q9BUK6,T,150,0.456206479360069
36939,ENSG00000106635,BCL7B,Q9BQE9,S,120,0.31723772394861
36942,ENSG00000010818,HIVEP2,P31629,S,71,0.128308833914094
36946,ENSG00000146216,TTBK1,Q5TCY1,S,540,0.166458417858226
36948,ENSG00000166598,HSP90B1,P14625,T,44,0.43400586396285
36950,ENSG00000116641,DOCK7,Q96N67,S,2134,0.321719522313609
36951,ENSG00000075292,ZNF638,Q14966,S,671,0.043506728806455
36953,ENSG00000114942,EEF1B2,P24534,T,93,0.368556440098309
36954,ENSG00000116809,ZBTB17,Q13105,S,357,0.49196066129086
36957,ENSG00000204394,VARS,P26640,S,570,0.10779929884857
36962,ENSG00000070950,RAD18,Q9NS91,S,174,0.373467879367626
36963,ENSG00000169851,PCDH7,O60245,S,950,0.24808688739594
36965,ENSG00000080493,SLC4A4,Q9Y6R1,S,78,0.086767374892194
36966,ENSG00000100697,DICER1,Q9UPY3,S,1142,0.181071951645883
36967,ENSG00000173210,ABLIM3,O94929,S,585,0.452360177666272
36968,ENSG00000152422,XRCC4,Q13426,S,320,0.368169268274438
36972,ENSG00000109971,HSPA8,P11142,S,511,0.757745133244107
36974,ENSG00000106462,EZH2,Q15910,S,363,0.559297475867365
36975,ENSG00000112290,WASF1,Q92558,S,336,0.116877121988444
36976,ENSG00000178409,BEND3,Q5T5X7,T,123,0.255611502295626
36978,ENSG00000152147,GEMIN6,Q8WXD5,S,95,0.211974445892326
36979,ENSG00000203883,SOX18,P35713,S,4,0.217129419767754
36980,ENSG00000008282,SYPL1,Q16563,S,249,0.449692894139286
36981,ENSG00000113552,GNPDA1,P46926,T,161,0.558721547152769
36984,ENSG00000139116,KIF21A,Q7Z4S6,T,1664,0.172977251127938
36985,ENSG00000162009,SSTR5,P35346,T,347,0.215933196318985
36986,ENSG00000130303,BST2,Q10589,Y,8,0.767382511496066
36987,ENSG00000197111,PCBP2,Q15366,S,365,0.302188086026231
36989,ENSG00000130758,MAP3K10,Q02779,S,489,0.387494835708086
36991,ENSG00000116754,SRSF11,Q05519,S,231,0.356121409643699
36992,ENSG00000124562,SNRPC,P09234,S,17,0.824651481981363
36995,ENSG00000077549,CAPZB,P47756,T,186,0.325858447764827
36996,ENSG00000117713,ARID1A,O14497,S,1320,0.307762525153944
36998,ENSG00000130701,RBBP8NL,Q8NC74,S,653,0.357231991397617
37000,ENSG00000177728,TMEM94,Q12767,S,444,0.3311033545652
37001,ENSG00000102362,SYTL4,Q96C24,S,180,0.166990101745595
37002,ENSG00000143614,GATAD2B,Q8WXI9,S,122,0.481097912848154
37003,ENSG00000168488,ATXN2L,Q8WWM7,S,680,0.382050671126399
37004,ENSG00000138162,TACC2,O95359,S,1025,0.113659053492553
37005,ENSG00000196950,SLC39A10,Q9ULF5,S,539,0.287339495597506
37006,ENSG00000112851,ERBIN,Q96RT1,S,440,0.478004968839745
37007,ENSG00000064042,LIMCH1,Q9UPQ0,S,756,0.32266590170638
37008,ENSG00000108557,RAI1,Q7Z5J4,S,1431,0.233026549430049
37009,ENSG00000161682,FAM171A2,A8MVW0,S,424,0.426808474683407
37010,ENSG00000143337,TOR1AIP1,Q5JTV8,S,264,0.203573537808417
37012,ENSG00000156531,PHF6,Q8IWS0,T,187,0.304946331746637
37017,ENSG00000203485,INF2,Q27J81,T,1187,0.269614282122025
37018,ENSG00000169221,TBC1D10B,Q4KMP7,T,709,0.256396176197023
37019,ENSG00000139083,ETV6,P41212,T,18,0.530292571866865
37021,ENSG00000137825,ITPKA,P23677,S,20,0.30879777495307
37022,ENSG00000129292,PHF20L1,A8MW92,S,368,0.229433428771426
37023,ENSG00000160741,CRTC2,Q53ET0,T,458,0.295337294375145
37024,ENSG00000164889,SLC4A2,P04920,S,243,0.450340557979233
37025,ENSG00000109805,NCAPG,Q9BPX3,S,818,0.166106257558666
37029,ENSG00000012211,PRICKLE3,O43900,S,383,0.412361105946238
37030,ENSG00000104765,BNIP3L,O60238,S,168,0.628894199340389
37032,ENSG00000089876,DHX32,Q7L7V1,S,718,0.419445981848287
37033,ENSG00000164880,INTS1,Q8N201,S,295,0.352715902044059
37034,ENSG00000086758,HUWE1,Q7Z6Z7,S,1903,0.282434245493685
37037,ENSG00000104892,KLC3,Q6P597,Y,363,0.4248385374325
37039,ENSG00000001629,ANKIB1,Q9P2G1,S,785,0.222720941851061
37040,ENSG00000075340,ADD2,P35612,S,60,0.562870297911446
37042,ENSG00000154229,PRKCA,P17252,S,241,0.577223285206288
37044,ENSG00000137962,ARHGAP29,Q52LW3,S,1227,0.102128606614154
37046,ENSG00000113716,HMGXB3,Q12766,S,403,0.130383301794983
37048,ENSG00000198730,CTR9,Q6PD62,S,1072,0.51951395981071
37049,ENSG00000150667,FSIP1,Q8NA03,S,87,0.194805172428603
37054,ENSG00000115524,SF3B1,O75533,S,349,0.346326961953359
37055,ENSG00000147010,SH3KBP1,Q96B97,S,82,0.264052818162265
37056,ENSG00000079691,CARMIL1,Q5VZK9,T,1251,0.171363930226292
37057,ENSG00000146776,ATXN7L1,Q9ULK2,S,131,0.208290394567299
37058,ENSG00000132359,RAP1GAP2,Q684P5,S,609,0.457052212950674
37060,ENSG00000105856,HBP1,O60381,S,430,0.3190918694237
37061,ENSG00000165699,TSC1,Q92574,T,360,0.184315752327897
37064,ENSG00000176532,PRR15,Q8IV56,T,43,0.197380565001771
37068,ENSG00000139697,SBNO1,A3KN83,S,823,0.342243521722764
37071,ENSG00000239306,RBM14,Q96PK6,S,523,0.31894506942178
37075,ENSG00000120438,TCP1,P17987,S,551,0.433014456231522
37077,ENSG00000132305,IMMT,Q16891,S,103,0.356508286815706
37079,ENSG00000161011,SQSTM1,Q13501,T,339,0.603318389572076
37082,ENSG00000066032,CTNNA2,P26232,S,654,0.467167505315403
37084,ENSG00000132470,ITGB4,P16144,S,1521,0.333620510105857
37086,ENSG00000069275,NUCKS1,Q9H1E3,Y,26,0.482523587441158
37087,ENSG00000101361,NOP56,O00567,T,525,0.202256677205554
37088,ENSG00000176619,LMNB2,Q03252,S,422,0.404590442891045
37090,ENSG00000118482,PHF3,Q92576,S,707,0.0457980413094594
37094,ENSG00000177485,ZBTB33,Q86T24,S,234,0.105895872803933
37095,ENSG00000170456,DENND5B,Q6ZUT9,S,1068,0.383273486700085
37096,ENSG00000100296,THOC5,Q13769,S,312,0.424036179729265
37097,ENSG00000135597,REPS1,Q96D71,Y,389,0.4016549274879
37100,ENSG00000079482,OPHN1,O60890,T,753,0.243088971231845
37104,ENSG00000132005,RFX1,P22670,T,128,0.0916771630017899
37105,ENSG00000167716,WDR81,Q562E7,S,116,0.205055744762759
37107,ENSG00000165671,NSD1,Q96L73,S,1210,0.176863562369292
37110,ENSG00000176946,THAP4,Q8WY91,S,283,0.241316574171697
37114,ENSG00000108557,RAI1,Q7Z5J4,S,1362,0.179188546587831
37118,ENSG00000141480,ARRB2,P32121,Y,48,0.363395060085026
37119,ENSG00000175591,P2RY2,P41231,S,355,0.127420046843763
37123,ENSG00000099812,MISP,Q8IVT2,S,541,0.505486590965638
37124,ENSG00000176994,SMCR8,Q8TEV9,T,494,0.240152560773262
37125,ENSG00000103061,SLC7A6OS,Q96CW6,S,308,0.499174181146842
37131,ENSG00000143258,USP21,Q9UK80,S,93,0.298687369654115
37132,ENSG00000181722,ZBTB20,Q9HC78,S,224,0.146325599683489
37134,ENSG00000134215,VAV3,Q9UKW4,S,783,0.321699056483909
37135,ENSG00000099992,TBC1D10A,Q9BXI6,S,497,0.398115676157693
37138,ENSG00000106948,AKNA,Q7Z591,S,272,0.153237794150103
37141,ENSG00000149182,ARFGAP2,Q8N6H7,S,319,0.241669284266965
37142,ENSG00000185532,PRKG1,Q13976,Y,524,0.468424007361648
37143,ENSG00000136167,LCP1,P13796,Y,598,0.497022167726576
37144,ENSG00000099204,ABLIM1,O14639,S,214,0.187013276012647
37145,ENSG00000105287,PRKD2,Q9BZL6,S,362,0.298566010289
37147,ENSG00000163462,TRIM46,Q7Z4K8,S,75,0.146153323174342
37150,ENSG00000101306,MYLK2,Q9H1R3,S,151,0.167930823500991
37152,ENSG00000132549,VPS13B,Q7Z7G8,S,1019,0.297896330701714
37153,ENSG00000104419,NDRG1,Q92597,T,340,0.370197054535036
37154,ENSG00000101199,ARFGAP1,Q8N6T3,S,345,0.491848530242322
37155,ENSG00000183864,TOB2,Q14106,S,155,0.584621174849677
37159,ENSG00000121297,TSHZ3,Q63HK5,S,648,0.0834301719962954
37160,ENSG00000175105,ZNF654,Q8IZM8,S,580,0.317649215518072
37161,ENSG00000148019,CEP78,Q5JTW2,S,325,0.500730388214967
37162,ENSG00000120278,PLEKHG1,Q9ULL1,S,1186,0.0942248014015868
37163,ENSG00000204560,DHX16,O60231,S,107,0.344335317819362
37164,ENSG00000169435,RASSF6,Q6ZTQ3,S,179,0.570446783620718
37165,ENSG00000039523,RIPOR1,Q6ZS17,T,728,0.202673072026571
37167,ENSG00000174672,BRSK2,Q8IWQ3,T,463,0.500965438092622
37168,ENSG00000111816,FRK,P42685,Y,497,0.658377270017718
37170,ENSG00000089094,KDM2B,Q8NHM5,S,951,0.298178653299962
37175,ENSG00000169398,PTK2,Q05397,S,574,0.348436901302112
37176,ENSG00000005020,SKAP2,O75563,Y,197,0.459491063699749
37178,ENSG00000117533,VAMP4,O75379,S,92,0.468176900414526
37180,ENSG00000141905,NFIC,P08651,S,294,0.483486655052089
37184,ENSG00000204435,CSNK2B,P67870,S,205,0.427163401570463
37187,ENSG00000143674,MAP3K21,Q5TCX8,S,543,0.456053025676681
37189,ENSG00000085224,ATRX,P46100,S,1948,0.200075917489859
37190,ENSG00000154174,TOMM70,O94826,S,110,0.123144689433906
37191,ENSG00000157764,BRAF,P15056,S,729,0.785770649701527
37193,ENSG00000004139,SARM1,Q6SZW1,S,572,0.261333793931316
37195,ENSG00000085552,IGSF9,Q9P2J2,S,800,0.255089942451596
37196,ENSG00000138434,SSFA2,P28290,S,209,0.251551455237963
37199,ENSG00000100207,TCF20,Q9UGU0,S,513,0.203632191664815
37200,ENSG00000165757,JCAD,Q9P266,S,375,0.117925507987673
37201,ENSG00000162236,STX5,Q13190,S,264,0.454257594184031
37202,ENSG00000117640,MTFR1L,Q9H019,S,234,0.38557882144523
37203,ENSG00000184083,FAM120C,Q9NX05,S,1031,0.275602323237103
37208,ENSG00000131711,MAP1B,P46821,S,2007,0.045101235158652
37210,ENSG00000130939,UBE4B,O95155,T,27,0.415219499883937
37213,ENSG00000203485,INF2,Q27J81,S,1201,0.28460526773031
37215,ENSG00000153721,CNKSR3,Q6P9H4,S,466,0.275488953088019
37218,ENSG00000165566,AMER2,Q8N7J2,S,233,0.110253007375546
37219,ENSG00000173821,RNF213,Q63HN8,S,45,0.182808137481535
37221,ENSG00000136155,SCEL,O95171,S,195,0.290483176626918
37222,ENSG00000036448,MYOM2,P54296,S,1057,0.225370376249368
37223,ENSG00000141738,GRB7,Q14451,S,361,0.498672950729657
37224,ENSG00000144747,TMF1,P82094,S,156,0.177888239747708
37225,ENSG00000135917,SLC19A3,Q9BZV2,S,482,0.16010296964444
37227,ENSG00000078687,TNRC6C,Q9HCJ0,T,1674,0.24932779295252
37228,ENSG00000132694,ARHGEF11,O15085,S,1505,0.0706080925038815
37229,ENSG00000075391,RASAL2,Q9UJF2,S,954,0.476074256439908
37230,ENSG00000127511,SIN3B,O75182,S,122,0.465235728471636
37233,ENSG00000154914,USP43,Q70EL4,S,969,0.215783552707934
37234,ENSG00000110713,NUP98,P52948,S,714,0.286094418323698
37238,ENSG00000136243,NUPL2,O15504,S,82,0.281288489670432
37240,ENSG00000106701,FSD1L,Q9BXM9,S,520,0.344452957960447
37242,ENSG00000068366,ACSL4,O60488,S,542,0.14291330932984
37244,ENSG00000197694,SPTAN1,Q13813,S,1413,0.405116584965778
37245,ENSG00000108511,HOXB6,P17509,S,136,0.162408057011416
37247,ENSG00000115310,RTN4,Q9NQC3,T,188,0.322827545562467
37248,ENSG00000174231,PRPF8,Q6P2Q9,S,2079,0.44134243566043
37249,ENSG00000092853,CLSPN,Q9HAW4,S,75,0.318222860961611
37255,ENSG00000113282,CLINT1,Q14677,S,163,0.288819626114968
37260,ENSG00000143924,EML4,Q9HC35,S,981,0.26572827657597
37262,ENSG00000134769,DTNA,Q9Y4J8,T,589,0.21427267582492
37263,ENSG00000116698,SMG7,Q92540,S,781,0.576192169604837
37264,ENSG00000145743,FBXL17,Q9UF56,S,303,0.209579187758056
37268,ENSG00000225697,SLC26A6,Q9BXS9,S,755,0.364399325007556
37271,ENSG00000047230,CTPS2,Q9NRF8,S,574,0.423168978812642
37275,ENSG00000173517,PEAK1,Q9H792,S,377,0.164396890348614
37276,ENSG00000162065,TBC1D24,Q9ULP9,T,464,0.0897508064624513
37278,ENSG00000197561,ELANE,P08246,S,204,0.172482065773623
37280,ENSG00000078061,ARAF,P10398,S,274,0.617663043182146
37281,ENSG00000041982,TNC,P24821,S,903,0.283472228682257
37282,ENSG00000090932,DLL3,Q9NYJ7,T,532,0.398837605095546
37288,ENSG00000145675,PIK3R1,P27986,Y,452,0.406647005280047
37290,ENSG00000039319,ZFYVE16,Q7Z3T8,S,348,0.116477479826518
37291,ENSG00000173193,PARP14,Q460N5,S,1411,0.312859172227906
37294,ENSG00000128915,ICE2,Q659A1,S,601,0.205577481603145
37295,ENSG00000128881,TTBK2,Q6IQ55,T,402,0.262550879642972
37296,ENSG00000140332,TLE3,Q04726,S,295,0.464737471780726
37297,ENSG00000152818,UTRN,P46939,S,2482,0.0837531416300538
37300,ENSG00000004766,VPS50,Q96JG6,S,15,0.45127497101978
37303,ENSG00000068354,TBC1D25,Q3MII6,S,130,0.169640399586784
37307,ENSG00000272886,DCP1A,Q9NPI6,S,179,0.302018069456731
37308,ENSG00000115310,RTN4,Q9NQC3,S,129,0.311464444757399
37309,ENSG00000130706,ADRM1,Q16186,S,211,0.791005728472175
37311,ENSG00000187837,HIST1H1C,P16403,T,31,0.564849224323262
37313,ENSG00000104369,JPH1,Q9HDC5,S,479,0.454724710153728
37314,ENSG00000114867,EIF4G1,Q04637,S,1145,0.357237770604902
37316,ENSG00000129595,EPB41L4A,Q9HCS5,S,606,0.157856969168466
37322,ENSG00000067369,TP53BP1,Q12888,S,1644,0.291083597585917
37329,ENSG00000141959,PFKL,P17858,S,763,0.284654784734588
37330,ENSG00000075391,RASAL2,Q9UJF2,S,893,0.310839939497423
37331,ENSG00000166974,MAPRE2,Q15555,S,228,0.173809806985251
37333,ENSG00000137497,NUMA1,Q14980,S,1834,0.324043644781087
37336,ENSG00000090013,BLVRB,P30043,S,82,0.37561961410123
37338,ENSG00000156802,ATAD2,Q6PL18,S,336,0.335947502893544
37339,ENSG00000133069,TMCC2,O75069,S,464,0.378621087313488
37340,ENSG00000120279,MYCT1,Q8N699,S,138,0.345021704281161
37341,ENSG00000157500,APPL1,Q9UKG1,S,696,0.363616595012989
37346,ENSG00000141905,NFIC,P08651,Y,299,0.429144885160743
37349,ENSG00000181789,COPG1,Q9Y678,S,593,0.284143893508302
37351,ENSG00000130762,ARHGEF16,Q5VV41,S,240,0.313767129783537
37352,ENSG00000137501,SYTL2,Q9HCH5,T,578,0.160567446437009
37354,ENSG00000198218,QRICH1,Q2TAL8,S,345,0.410058955895227
37356,ENSG00000085982,USP40,Q9NVE5,S,1199,0.268679769150349
37357,ENSG00000153006,SREK1IP1,Q8N9Q2,S,149,0.426298069657006
37358,ENSG00000105700,KXD1,Q9BQD3,S,166,0.386875397236793
37360,ENSG00000070882,OSBPL3,Q9H4L5,S,323,0.261015437015566
37361,ENSG00000187796,CARD9,Q9H257,S,425,0.489332016547147
37362,ENSG00000038274,MAT2B,Q9NZL9,S,9,0.142713293694458
37365,ENSG00000105699,LSR,Q86X29,S,401,0.399063715672022
37366,ENSG00000136560,TANK,Q92844,S,257,0.53653012865694
37368,ENSG00000129003,VPS13C,Q709C8,S,874,0.511013170098003
37371,ENSG00000163939,PBRM1,Q86U86,S,636,0.312056553438084
37373,ENSG00000177606,JUN,P05412,T,239,0.952204849124692
37374,ENSG00000179134,SAMD4B,Q5PRF9,S,238,0.49252066072139
37375,ENSG00000036448,MYOM2,P54296,S,555,0.100439617732914
37377,ENSG00000184675,AMER1,Q5JTC6,S,318,0.146076239546969
37378,ENSG00000110713,NUP98,P52948,S,709,0.112459002716853
37380,ENSG00000130749,ZC3H4,Q9UPT8,S,1108,0.369459131499938
37381,ENSG00000143702,CEP170,Q5SW79,S,1280,0.204709548214494
37384,ENSG00000107771,CCSER2,Q9H7U1,S,199,0.182094375674892
37385,ENSG00000162896,PIGR,P01833,S,708,0.122659315747423
37389,ENSG00000079950,STX7,O15400,S,144,0.276041437631696
37393,ENSG00000145555,MYO10,Q9HD67,S,965,0.164089077249022
37394,ENSG00000058091,CDK14,O94921,S,119,0.771772321148793
37402,ENSG00000009335,UBE3C,Q15386,S,672,0.188958951876417
37404,ENSG00000149115,TNKS1BP1,Q9C0C2,S,456,0.153690585843131
37405,ENSG00000257923,CUX1,P39880,S,1321,0.192694315693518
37406,ENSG00000114942,EEF1B2,P24534,S,31,0.196347689755805
37407,ENSG00000116679,IVNS1ABP,Q9Y6Y0,S,284,0.39771836087954
37409,ENSG00000198909,MAP3K3,Q99759,S,316,0.469468413215157
37410,ENSG00000196139,AKR1C3,P42330,S,310,0.11334606095696
37414,ENSG00000106144,CASP2,P42575,S,164,0.126084880533412
37418,ENSG00000140992,PDPK1,O15530,S,241,0.983190442553377
37422,ENSG00000082516,GEMIN5,Q8TEQ6,S,854,0.235267007908352
37425,ENSG00000131711,MAP1B,P46821,S,1408,0.212161527847459
37426,ENSG00000096872,IFT74,Q96LB3,S,300,0.257942967594976
37427,ENSG00000113161,HMGCR,P04035,S,872,0.28037579707602
37429,ENSG00000205581,HMGN1,P05114,T,83,0.3222183662262
37434,ENSG00000087884,AAMDC,Q9H7C9,S,46,0.526195947636446
37437,ENSG00000106636,YKT6,O15498,S,159,0.295745851159288
37438,ENSG00000265972,TXNIP,Q9H3M7,T,349,0.481033822213231
37442,ENSG00000168813,ZNF507,Q8TCN5,S,884,0.183299721560459
37444,ENSG00000106605,BLVRA,P53004,S,235,0.272700087249543
37446,ENSG00000133056,PIK3C2B,O00750,S,177,0.300426093183168
37447,ENSG00000077522,ACTN2,P35609,S,574,0.202228278282561
37448,ENSG00000077097,TOP2B,Q02880,S,1526,0.184637666915663
37449,ENSG00000122218,COPA,P53621,S,915,0.23910423496739
37450,ENSG00000164749,HNF4G,Q14541,S,121,0.500863633156406
37452,ENSG00000110237,ARHGEF17,Q96PE2,S,566,0.193836458447464
37455,ENSG00000106948,AKNA,Q7Z591,S,196,0.207301961168183
37456,ENSG00000070366,SMG6,Q86US8,S,203,0.163865645475264
37458,ENSG00000131730,CKMT2,P17540,Y,368,0.439707677238142
37459,ENSG00000103222,ABCC1,P33527,S,916,0.237272843100789
37460,ENSG00000158856,DMTN,Q08495,S,383,0.218351563785657
37461,ENSG00000138411,HECW2,Q9P2P5,S,415,0.209008931059608
37463,ENSG00000120278,PLEKHG1,Q9ULL1,S,1285,0.218290244393762
37469,ENSG00000130723,PRRC2B,Q5JSZ5,S,1224,0.200269156175462
37470,ENSG00000068784,SRBD1,Q8N5C6,S,964,0.356201948570067
37472,ENSG00000138688,KIAA1109,Q2LD37,S,3636,0.197400017246846
37474,ENSG00000169299,PGM2,Q96G03,T,163,0.371107588084852
37476,ENSG00000054598,FOXC1,Q12948,S,521,0.34360533254363
37477,ENSG00000113391,FAM172A,Q8WUF8,S,217,0.321779850819269
37478,ENSG00000197386,HTT,P42858,S,1870,0.344759466596767
37479,ENSG00000065526,SPEN,Q96T58,T,838,0.262504406002819
37485,ENSG00000118217,ATF6,P18850,S,94,0.697670704191748
37486,ENSG00000164897,TMUB1,Q9BVT8,S,98,0.465336878552765
37490,ENSG00000124942,AHNAK,Q09666,S,5784,0.256431117979298
37491,ENSG00000171860,C3AR1,Q16581,S,470,0.543509149934122
37492,ENSG00000132938,MTUS2,Q5JR59,S,954,0.220723768059117
37493,ENSG00000172167,MTBP,Q96DY7,T,799,0.186793565285667
37495,ENSG00000138777,PPA2,Q9H2U2,S,316,0.484603596654471
37496,ENSG00000150907,FOXO1,Q12778,S,303,0.421084733543672
37498,ENSG00000143106,PSMA5,P28066,S,63,0.27904086814846
37499,ENSG00000107186,MPDZ,O75970,S,1818,0.272205975264076
37502,ENSG00000163104,SMARCAD1,Q9H4L7,Y,217,0.426012303949673
37507,ENSG00000130779,CLIP1,P30622,S,1304,0.195799353524721
37511,ENSG00000089094,KDM2B,Q8NHM5,S,1018,0.316390408560705
37512,ENSG00000204371,EHMT2,Q96KQ7,S,237,0.199490411666471
37513,ENSG00000137962,ARHGAP29,Q52LW3,S,552,0.392619373372191
37516,ENSG00000166716,ZNF592,Q92610,S,678,0.0901071196421973
37518,ENSG00000169992,NLGN2,Q8NFZ4,S,718,0.222875769997916
37519,ENSG00000115306,SPTBN1,Q01082,T,2121,0.0495943173673781
37520,ENSG00000136928,GABBR2,O75899,S,793,0.175860531651717
37527,ENSG00000170871,KIAA0232,Q92628,S,1078,0.221923434091197
37528,ENSG00000239672,NME1,P15531,S,125,0.463594259033701
37529,ENSG00000115539,PDCL3,Q9H2J4,S,236,0.60080088296127
37530,ENSG00000100897,DCAF11,Q8TEB1,S,8,0.374305260129427
37532,ENSG00000100731,PCNX1,Q96RV3,S,117,0.124993182303599
37534,ENSG00000118804,STBD1,O95210,S,104,0.161813586218006
37537,ENSG00000171148,TADA3,O75528,S,275,0.192614903868821
37539,ENSG00000139436,GIT2,Q14161,S,255,0.172200468510483
37541,ENSG00000010818,HIVEP2,P31629,S,1085,0.287114542564824
37542,ENSG00000010818,HIVEP2,P31629,S,951,0.312949124328315
37545,ENSG00000170776,AKAP13,Q12802,S,1281,0.119319291632585
37548,ENSG00000134909,ARHGAP32,A7KAX9,S,732,0.463893045819224
37549,ENSG00000119707,RBM25,P49756,S,675,0.267302580139009
37550,ENSG00000139926,FRMD6,Q96NE9,S,509,0.167391583112716
37552,ENSG00000163104,SMARCAD1,Q9H4L7,S,103,0.287982541419224
37554,ENSG00000165655,ZNF503,Q96F45,S,216,0.215028026062881
37555,ENSG00000148400,NOTCH1,P46531,S,1801,0.188883616558848
37559,ENSG00000119684,MLH3,Q9UHC1,S,746,0.282905858304536
37560,ENSG00000186566,GPATCH8,Q9UKJ3,T,978,0.456772906227085
37562,ENSG00000107554,DNMBP,Q6XZF7,S,689,0.292688627487629
37563,ENSG00000131018,SYNE1,Q8NF91,S,8704,0.0608847364641034
37564,ENSG00000076555,ACACB,O00763,T,1342,0.244858317980162
37566,ENSG00000121297,TSHZ3,Q63HK5,S,515,0.275786985204581
37568,ENSG00000140153,WDR20,Q8TBZ3,S,491,0.384703597179325
37569,ENSG00000130479,MAP1S,Q66K74,S,603,0.250656500971068
37570,ENSG00000130119,GNL3L,Q9NVN8,S,465,0.290178473640855
37571,ENSG00000163586,FABP1,P07148,S,100,0.090653580814077
37576,ENSG00000197555,SIPA1L1,O43166,S,1442,0.235906841468055
37579,ENSG00000164190,NIPBL,Q6KC79,S,525,0.140471659762957
37581,ENSG00000134278,SPIRE1,Q08AE8,S,478,0.127200420269497
37582,ENSG00000163399,ATP1A1,P05023,S,40,0.127197619399099
37583,ENSG00000173276,ZBTB21,Q9ULJ3,S,438,0.265360820577797
37585,ENSG00000100345,MYH9,P35579,T,1800,0.25588889831016
37587,ENSG00000169951,ZNF764,Q96H86,S,136,0.47840713223992
37589,ENSG00000033327,GAB2,Q9UQC2,S,448,0.395299685016703
37590,ENSG00000112851,ERBIN,Q96RT1,S,659,0.1158177324393
37591,ENSG00000141448,GATA6,Q92908,S,37,0.429940541581621
37592,ENSG00000116285,ERRFI1,Q9UJM3,Y,394,0.694799322961397
37593,ENSG00000143549,TPM3,P06753,S,192,0.550855097914082
37595,ENSG00000126653,NSRP1,Q9H0G5,T,503,0.329372765297754
37596,ENSG00000143442,POGZ,Q7Z3K3,S,710,0.0677603424313942
37600,ENSG00000071539,TRIP13,Q15645,S,18,0.249837343499302
37602,ENSG00000166963,MAP1A,P78559,S,1144,0.148893467407798
37604,ENSG00000086102,NFX1,Q12986,S,142,0.17992617470731
37605,ENSG00000131711,MAP1B,P46821,S,1415,0.162373749464589
37607,ENSG00000118058,KMT2A,Q03164,S,2149,0.285356017698638
37609,ENSG00000165959,CLMN,Q96JQ2,S,585,0.276945599449346
37618,ENSG00000135801,TAF5L,O75529,S,230,0.196623058735446
37619,ENSG00000142409,ZNF787,Q6DD87,T,89,0.402210137119769
37627,ENSG00000170776,AKAP13,Q12802,T,815,0.269590864374778
37628,ENSG00000117877,CD3EAP,O15446,S,488,0.29225673467306
37629,ENSG00000141447,OSBPL1A,Q9BXW6,S,465,0.21016520110708
37630,ENSG00000090060,PAPOLA,P51003,S,653,0.178977552614784
37631,ENSG00000038219,BOD1L1,Q8NFC6,S,1989,0.104244776092354
37633,ENSG00000125676,THOC2,Q8NI27,S,1223,0.20132209887276
37634,ENSG00000134369,NAV1,Q8NEY1,S,387,0.0477927977258088
37635,ENSG00000111961,SASH1,O94885,S,170,0.168502529642077
37637,ENSG00000130338,TULP4,Q9NRJ4,S,1374,0.382405481295212
37639,ENSG00000065618,COL17A1,Q9UMD9,S,400,0.228355387116053
37641,ENSG00000115648,MLPH,Q9BV36,S,233,0.120999555817025
37644,ENSG00000131051,RBM39,Q14498,T,146,0.446795528910593
37646,ENSG00000101040,ZMYND8,Q9ULU4,S,655,0.288511902837696
37647,ENSG00000023287,RB1CC1,Q8TDY2,S,667,0.21412271623155
37649,ENSG00000079308,TNS1,Q9HBL0,S,1369,0.130316888304431
37650,ENSG00000144161,ZC3H8,Q8N5P1,S,83,0.416129755300904
37651,ENSG00000116871,MAP7D1,Q3KQU3,S,41,0.227408364445518
37652,ENSG00000096070,BRPF3,Q9ULD4,S,403,0.245706439018141
37654,ENSG00000108557,RAI1,Q7Z5J4,T,1476,0.151948585968486
37655,ENSG00000058272,PPP1R12A,O14974,T,406,0.359611443208167
37656,ENSG00000086015,MAST2,Q6P0Q8,S,191,0.630120906418817
37658,ENSG00000100084,HIRA,P54198,T,555,0.421242410504301
37660,ENSG00000105287,PRKD2,Q9BZL6,S,396,0.464611344232041
37661,ENSG00000118482,PHF3,Q92576,S,1148,0.353425643367247
37664,ENSG00000107929,LARP4B,Q92615,S,398,0.430506042848652
37665,ENSG00000169057,MECP2,P51608,S,216,0.7431124711974
37667,ENSG00000153207,AHCTF1,Q8WYP5,S,1884,0.185712960143639
37668,ENSG00000133083,DCLK1,O15075,S,720,0.146951585236289
37669,ENSG00000154305,MIA3,Q5JRA6,S,1678,0.439047571981942
37670,ENSG00000181790,ADGRB1,O14514,S,1469,0.263091103140229
37671,ENSG00000114859,CLCN2,P51788,S,712,0.367594899567666
37672,ENSG00000094916,CBX5,P45973,S,45,0.342673017272855
37675,ENSG00000213585,VDAC1,P21796,S,215,0.340420320257793
37684,ENSG00000118200,CAMSAP2,Q08AD1,S,414,0.368141564910903
37685,ENSG00000163125,RPRD2,Q5VT52,T,417,0.22102914517769
37687,ENSG00000124789,NUP153,P49790,S,185,0.329763582927738
37692,ENSG00000155966,AFF2,P51816,T,517,0.230047764021593
37694,ENSG00000042062,RIPOR3,Q96MK2,T,345,0.385223302322998
37695,ENSG00000131016,AKAP12,Q02952,S,386,0.182080191484352
37696,ENSG00000093167,LRRFIP2,Q9Y608,S,328,0.742160323700697
37697,ENSG00000007237,GAS7,O60861,S,162,0.145917785721015
37699,ENSG00000196419,XRCC6,P12956,S,180,0.270416853609176
37700,ENSG00000184363,PKP3,Q9Y446,T,250,0.278559643470937
37701,ENSG00000139977,NAA30,Q147X3,S,152,0.404247989202011
37703,ENSG00000155850,SLC26A2,P50443,S,25,0.319145034264999
37705,ENSG00000165671,NSD1,Q96L73,S,938,0.225462399690212
37707,ENSG00000151445,VIPAS39,Q9H9C1,S,156,0.391373556443611
37710,ENSG00000128731,HERC2,O95714,T,3485,0.347667324722951
37716,ENSG00000177045,SIX5,Q8N196,S,280,0.100019858418014
37719,ENSG00000005249,PRKAR2B,P31323,T,69,0.533123358481423
37721,ENSG00000148737,TCF7L2,Q9NQB0,S,120,0.142247045873093
37722,ENSG00000133083,DCLK1,O15075,S,726,0.167805489612732
37727,ENSG00000119185,ITGB1BP1,O14713,S,29,0.347178850742835
37728,ENSG00000160058,BSDC1,Q9NW68,S,388,0.425825993960147
37730,ENSG00000103657,HERC1,Q15751,T,4859,0.101917661984491
37731,ENSG00000144283,PKP4,Q99569,S,327,0.356141711793171
37734,ENSG00000103319,EEF2K,O00418,S,470,0.439371434663004
37735,ENSG00000106263,EIF3B,P55884,S,164,0.43929874070588
37736,ENSG00000067248,DHX29,Q7Z478,S,27,0.285341528802741
37737,ENSG00000155827,RNF20,Q5VTR2,S,522,0.515152201257877
37738,ENSG00000169047,IRS1,P35568,S,547,0.0876487502231671
37739,ENSG00000135250,SRPK2,P78362,S,494,0.822149162408882
37740,ENSG00000272886,DCP1A,Q9NPI6,S,422,0.34099306431788
37742,ENSG00000139641,ESYT1,Q9BSJ8,Y,1009,0.672217813135414
37746,ENSG00000158773,USF1,P22415,S,309,0.290331353782949
37749,ENSG00000131067,GGT7,Q9UJ14,S,75,0.334671345951214
37751,ENSG00000146670,CDCA5,Q96FF9,S,181,0.461997785657693
37752,ENSG00000173442,EHBP1L1,Q8N3D4,S,173,0.368155080778796
37753,ENSG00000198752,CDC42BPB,Q9Y5S2,S,1191,0.0679995798210775
37755,ENSG00000140859,KIFC3,Q9BVG8,S,783,0.115164072563319
37756,ENSG00000088387,DOCK9,Q9BZ29,S,443,0.160416594280969
37757,ENSG00000163539,CLASP2,O75122,S,323,0.312192480012724
37759,ENSG00000091732,ZC3HC1,Q86WB0,T,384,0.247007030542658
37761,ENSG00000169047,IRS1,P35568,S,1134,0.102400294292821
37764,ENSG00000159840,ZYX,Q15942,T,179,0.463495033004288
37766,ENSG00000198561,CTNND1,O60716,S,617,0.248262609983502
37767,ENSG00000154447,SH3RF1,Q7Z6J0,S,772,0.176373693364797
37768,ENSG00000153814,JAZF1,Q86VZ6,T,99,0.57526800551378
37769,ENSG00000111554,MDM1,Q8TC05,S,686,0.349568529299671
37771,ENSG00000065618,COL17A1,Q9UMD9,T,58,0.105838926991635
37776,ENSG00000064787,BCAS1,O75363,T,354,0.183638025475508
37781,ENSG00000167191,GPRC5B,Q9NZH0,T,389,0.138032556438669
37783,ENSG00000153561,RMND5A,Q9H871,S,382,0.361351298941858
37786,ENSG00000077454,LRCH4,O75427,S,500,0.231892808399341
37787,ENSG00000106617,PRKAG2,Q9UGJ0,S,162,0.470722797450424
37794,ENSG00000165280,VCP,P55072,S,794,0.205353078036634
37795,ENSG00000168564,CDKN2AIP,Q9NXV6,S,151,0.280462857223651
37796,ENSG00000196792,STRN3,Q13033,S,202,0.424261653228414
37798,ENSG00000198604,BAZ1A,Q9NRL2,T,771,0.13454059172657
37800,ENSG00000185800,DMWD,Q09019,S,493,0.314890274677114
37802,ENSG00000154783,FGD5,Q6ZNL6,S,642,0.314395387098744
37803,ENSG00000232434,AJM1,C9J069,S,856,0.381065740795518
37804,ENSG00000111144,LTA4H,P09960,S,81,0.395343962608559
37810,ENSG00000127663,KDM4B,O94953,S,566,0.357103637543338
37812,ENSG00000116580,GON4L,Q3T8J9,T,1444,0.203706607422072
37817,ENSG00000091732,ZC3HC1,Q86WB0,S,409,0.38292324944036
37818,ENSG00000124177,CHD6,Q8TD26,S,1673,0.178270350921384
37820,ENSG00000144381,HSPD1,P10809,S,488,0.348765723059064
37822,ENSG00000100968,NFATC4,Q14934,S,285,0.447644711709081
37823,ENSG00000119487,MAPKAP1,Q9BPZ7,S,270,0.441681579659005
37825,ENSG00000096070,BRPF3,Q9ULD4,S,76,0.172298272137906
37828,ENSG00000152684,PELO,Q9BRX2,S,58,0.329147223188598
37829,ENSG00000156675,RAB11FIP1,Q6WKZ4,S,501,0.211118849112409
37834,ENSG00000150760,DOCK1,Q14185,T,1767,0.151221577990654
37835,ENSG00000173848,NET1,Q7Z628,S,78,0.117885886216741
37837,ENSG00000110987,BCL7A,Q4VC05,S,207,0.318947460286387
37838,ENSG00000180900,SCRIB,Q14160,S,1348,0.355991229142452
37841,ENSG00000130699,TAF4,O00268,T,1046,0.317870318477101
37842,ENSG00000166484,MAPK7,Q13164,Y,221,0.956145235059695
37846,ENSG00000072501,SMC1A,Q14683,S,966,0.460522850774911
37848,ENSG00000168916,ZNF608,Q9ULD9,S,424,0.328614994304073
37849,ENSG00000197077,KIAA1671,Q9BY89,Y,979,0.420263164016844
37850,ENSG00000166341,DCHS1,Q96JQ0,S,3259,0.35346096352821
37851,ENSG00000124831,LRRFIP1,Q32MZ4,T,727,0.122349067088919
37853,ENSG00000103994,ZNF106,Q9H2Y7,S,1205,0.272215194958788
37854,ENSG00000085185,BCORL1,Q5H9F3,S,530,0.130852799923377
37855,ENSG00000129514,FOXA1,P55317,S,301,0.389603177974533
37856,ENSG00000048828,FAM120A,Q9NZB2,S,1075,0.301027910195042
37858,ENSG00000013293,SLC7A14,Q8TBB6,S,691,0.105801771344897
37859,ENSG00000154305,MIA3,Q5JRA6,S,1727,0.100776181461615
37861,ENSG00000070047,PHRF1,Q9P1Y6,S,850,0.202063419896778
37862,ENSG00000160218,TRAPPC10,P48553,S,711,0.300264804415227
37863,ENSG00000099814,CEP170B,Q9Y4F5,S,954,0.267064834949091
37864,ENSG00000132849,PATJ,Q8NI35,T,335,0.185663117726702
37866,ENSG00000121104,FAM117A,Q9C073,S,319,0.528840001510427
37867,ENSG00000134265,NAPG,Q99747,T,287,0.428173988513503
37869,ENSG00000215182,MUC5AC,P98088,S,5641,0.0596363909058034
37871,ENSG00000196628,TCF4,P15884,S,546,0.134322260648598
37872,ENSG00000148498,PARD3,Q8TEW0,S,887,0.536736699304803
37877,ENSG00000096401,CDC5L,Q99459,T,385,0.769060369093637
37878,ENSG00000173517,PEAK1,Q9H792,S,898,0.275213952506888
37880,ENSG00000266714,MYO15B,Q96JP2,S,1168,0.0810207800498352
37881,ENSG00000197102,DYNC1H1,Q14204,T,4369,0.250146193896335
37883,ENSG00000020181,ADGRA2,Q96PE1,S,1116,0.266765699275127
37886,ENSG00000096654,ZNF184,Q99676,S,199,0.372970696051521
37888,ENSG00000147130,ZMYM3,Q14202,S,1045,0.0906907494553905
37889,ENSG00000172270,BSG,P35613,S,362,0.429308860318688
37890,ENSG00000275342,PRAG1,Q86YV5,S,653,0.190884461431695
37891,ENSG00000204673,AKT1S1,Q96B36,S,247,0.336368342137603
37892,ENSG00000164902,PHAX,Q9H814,T,358,0.311167409246881
37895,ENSG00000129422,MTUS1,Q9ULD2,S,399,0.30273612046808
37896,ENSG00000100604,CHGA,P10645,S,438,0.142179422557062
37897,ENSG00000198198,SZT2,Q5T011,S,1225,0.137702733619318
37898,ENSG00000173898,SPTBN2,O15020,S,2199,0.0519526488534178
37901,ENSG00000150477,KIAA1328,Q86T90,S,499,0.370527521618216
37905,ENSG00000161921,CXCL16,Q9H2A7,S,234,0.225244446364725
37906,ENSG00000106105,GARS,P41250,S,54,0.318015641593011
37907,ENSG00000115648,MLPH,Q9BV36,S,159,0.332613052377636
37909,ENSG00000011600,TYROBP,O43914,S,99,0.139350530860984
37910,ENSG00000163946,FAM208A,Q9UK61,S,636,0.225291208748053
37912,ENSG00000147044,CASK,O14936,S,55,0.123547426844414
37913,ENSG00000141639,MAPK4,P31152,S,434,0.523357073358451
37914,ENSG00000177106,EPS8L2,Q9H6S3,T,469,0.374515433546026
37918,ENSG00000131981,LGALS3,P17931,S,188,0.191390353862881
37919,ENSG00000139218,SCAF11,Q99590,S,474,0.0753824569593088
37922,ENSG00000072415,MPP5,Q8N3R9,S,245,0.294444951437335
37923,ENSG00000167264,DUS2,Q9NX74,S,445,0.346465411252279
37925,ENSG00000029363,BCLAF1,Q9NYF8,S,883,0.285183676889167
37926,ENSG00000074201,CLNS1A,P54105,T,223,0.286471673914531
37928,ENSG00000109814,UGDH,O60701,S,40,0.249179876791728
37929,ENSG00000164031,DNAJB14,Q8TBM8,S,60,0.193504015762943
37930,ENSG00000102606,ARHGEF7,Q14155,S,392,0.121451004901206
37933,ENSG00000074755,ZZEF1,O43149,S,1488,0.204939789425715
37937,ENSG00000197555,SIPA1L1,O43166,S,1711,0.131443385343025
37938,ENSG00000160741,CRTC2,Q53ET0,S,624,0.422285490000604
37940,ENSG00000111731,C2CD5,Q86YS7,S,659,0.715768608300052
37942,ENSG00000166963,MAP1A,P78559,S,2085,0.249187684565508
37943,ENSG00000277363,SRCIN1,Q9C0H9,S,179,0.394179292138036
37944,ENSG00000118804,STBD1,O95210,S,210,0.372317455849982
37945,ENSG00000125820,NKX2-2,O95096,S,27,0.202829402200922
37946,ENSG00000007384,RHBDF1,Q96CC6,T,180,0.641484065272678
37947,ENSG00000097007,ABL1,P00519,T,814,0.433011593761569
37948,ENSG00000197077,KIAA1671,Q9BY89,T,1579,0.17307207328698
37955,ENSG00000166833,NAV2,Q8IVL1,S,1975,0.22021012494023
37958,ENSG00000138081,FBXO11,Q86XK2,S,143,0.369244600625383
37959,ENSG00000100139,MICALL1,Q8N3F8,T,469,0.312634448985009
37960,ENSG00000073282,TP63,Q9H3D4,S,477,0.278539623950914
37961,ENSG00000133401,PDZD2,O15018,S,1953,0.262941463993827
37963,ENSG00000077235,GTF3C1,Q12789,S,748,0.19732403398833
37966,ENSG00000241839,PLEKHO2,Q8TD55,S,278,0.221576982800693
37967,ENSG00000114354,TFG,Q92734,S,183,0.0948570256258578
37969,ENSG00000275410,HNF1B,P35680,S,49,0.421950899797505
37970,ENSG00000137076,TLN1,Q9Y490,S,405,0.287402784218722
37971,ENSG00000135298,ADGRB3,O60242,S,1411,0.119771535966234
37972,ENSG00000149115,TNKS1BP1,Q9C0C2,S,279,0.0505613154811629
37973,ENSG00000130175,PRKCSH,P14314,T,26,0.173635948692001
37974,ENSG00000143811,PYCR2,Q96C36,S,304,0.566552827065886
37976,ENSG00000070814,TCOF1,Q13428,S,1190,0.327803742534015
37977,ENSG00000149782,PLCB3,Q01970,S,480,0.226632530926619
37978,ENSG00000085224,ATRX,P46100,S,1245,0.25259166249312
37979,ENSG00000105254,TBCB,Q99426,S,110,0.682858669214138
37980,ENSG00000146112,PPP1R18,Q6NYC8,S,398,0.154096024969824
37982,ENSG00000065526,SPEN,Q96T58,S,1333,0.120276044207036
37985,ENSG00000105176,URI1,O94763,S,244,0.417842114010768
37986,ENSG00000176595,KBTBD11,O94819,S,119,0.217392376077435
37988,ENSG00000144909,OSBPL11,Q9BXB4,S,177,0.398907456798684
37989,ENSG00000132470,ITGB4,P16144,S,1111,0.0801752910352226
37990,ENSG00000146830,GIGYF1,O75420,S,368,0.207327287668917
37997,ENSG00000075539,FRYL,O94915,S,1945,0.347124509310439
38001,ENSG00000109062,SLC9A3R1,O14745,S,181,0.293137411781208
38002,ENSG00000174669,SLC29A2,Q14542,S,251,0.26639358344849
38003,ENSG00000162522,KIAA1522,Q9P206,T,531,0.392898843642719
38004,ENSG00000138660,AP1AR,Q63HQ0,T,184,0.1161747042407
38005,ENSG00000120727,PAIP2,Q9BPZ3,S,10,0.156477057153288
38009,ENSG00000124795,DEK,P35659,S,71,0.389626844003384
38010,ENSG00000071967,CYBRD1,Q53TN4,S,284,0.307085453825637
38011,ENSG00000038358,EDC4,Q6P2E9,S,768,0.0890577557360844
38013,ENSG00000136158,SPRY2,O43597,S,139,0.395977939821465
38014,ENSG00000161800,RACGAP1,Q9H0H5,S,206,0.326661124679745
38016,ENSG00000076826,CAMSAP3,Q9P1Y5,S,350,0.0996480456353168
38017,ENSG00000102893,PHKB,Q93100,S,704,0.237543820451906
38020,ENSG00000117308,GALE,Q14376,S,44,0.162369102791943
38021,ENSG00000130723,PRRC2B,Q5JSZ5,T,1134,0.250943801966854
38024,ENSG00000186001,LRCH3,Q96II8,S,628,0.210138153764139
38025,ENSG00000196531,NACA,E9PAV3,S,1112,0.148892831803998
38026,ENSG00000155903,RASA2,Q15283,S,555,0.145162725276101
38027,ENSG00000247596,TWF2,Q6IBS0,S,149,0.117812746590538
38029,ENSG00000062650,WAPL,Q7Z5K2,S,159,0.203018513856956
38030,ENSG00000048707,VPS13D,Q5THJ4,T,911,0.0944530583911301
38031,ENSG00000181163,NPM1,P06748,S,242,0.418049080506166
38032,ENSG00000134313,KIDINS220,Q9ULH0,T,1682,0.215863314468321
38035,ENSG00000110395,CBL,P22681,S,642,0.314920669090232
38039,ENSG00000185650,ZFP36L1,Q07352,S,27,0.380210194963513
38041,ENSG00000105355,PLIN3,O60664,S,217,0.321377774150291
38043,ENSG00000171940,ZNF217,O75362,S,974,0.287978894780123
38046,ENSG00000102030,NAA10,P41227,S,233,0.188776457600035
38047,ENSG00000166484,MAPK7,Q13164,S,731,0.2972334181044
38048,ENSG00000140575,IQGAP1,P46940,Y,1510,0.436543603732077
38050,ENSG00000232434,AJM1,C9J069,S,512,0.161562653439848
38055,ENSG00000066739,ATG2B,Q96BY7,S,1579,0.391212400092423
38056,ENSG00000160633,SAFB,Q14151,T,194,0.245519951032762
38059,ENSG00000118200,CAMSAP2,Q08AD1,S,1340,0.155414729954751
38060,ENSG00000177485,ZBTB33,Q86T24,T,251,0.35256399550933
38062,ENSG00000163877,SNIP1,Q8TAD8,S,58,0.273773962105157
38063,ENSG00000106144,CASP2,P42575,S,157,0.433053462261969
38064,ENSG00000040933,INPP4A,Q96PE3,S,487,0.351250517835388
38066,ENSG00000069869,NEDD4,P46934,S,458,0.218638411982839
38067,ENSG00000140332,TLE3,Q04726,S,240,0.792838562183044
38069,ENSG00000167978,SRRM2,Q9UQ35,S,1152,0.166127217994629
38072,ENSG00000135916,ITM2C,Q9NQX7,T,37,0.501070223563362
38074,ENSG00000166963,MAP1A,P78559,S,121,0.30314669591104
38075,ENSG00000103056,SMPD3,Q9NY59,S,185,0.126581019062849
38077,ENSG00000115694,STK25,O00506,S,231,0.222087196834327
38078,ENSG00000163728,TTC14,Q96N46,S,733,0.111431076853977
38079,ENSG00000101558,VAPA,Q9P0L0,T,215,0.323125809459917
38080,ENSG00000128191,DGCR8,Q8WYQ5,T,371,0.439486583516568
38082,ENSG00000101294,HM13,Q8TCT9,S,367,0.43703093646196
38083,ENSG00000226479,TMEM185B,Q9H7F4,S,304,0.200494339662227
38085,ENSG00000130827,PLXNA3,P51805,S,1596,0.379786720404066
38087,ENSG00000168517,HEXIM2,Q96MH2,S,225,0.458519521907551
38088,ENSG00000086102,NFX1,Q12986,S,152,0.279948255372265
38091,ENSG00000129245,FXR2,P51116,S,622,0.214017943382772
38092,ENSG00000126247,CAPNS1,P04632,S,88,0.339256033239919
38094,ENSG00000143776,CDC42BPA,Q5VT25,S,1664,0.274650913467603
38095,ENSG00000100345,MYH9,P35579,S,45,0.373680790992712
38098,ENSG00000198924,DCLRE1A,Q6PJP8,S,333,0.273369306328374
38101,ENSG00000166326,TRIM44,Q96DX7,S,336,0.337231784085066
38102,ENSG00000143870,PDIA6,Q15084,S,129,0.294075013552911
38103,ENSG00000161714,PLCD3,Q8N3E9,S,556,0.138944431388729
38107,ENSG00000119487,MAPKAP1,Q9BPZ7,S,512,0.45815406791421
38108,ENSG00000054118,THRAP3,Q9Y2W1,S,240,0.228120006975028
38111,ENSG00000141639,MAPK4,P31152,S,386,0.324531021834579
38112,ENSG00000105559,PLEKHA4,Q9H4M7,S,201,0.341708838749725
38114,ENSG00000103994,ZNF106,Q9H2Y7,S,641,0.336224629460876
38115,ENSG00000149557,FEZ1,Q99689,S,298,0.368313363414935
38116,ENSG00000148153,INIP,Q9NRY2,S,50,0.180783428754543
38118,ENSG00000099812,MISP,Q8IVT2,S,397,0.321413255417628
38120,ENSG00000272333,KMT2B,Q9UMN6,S,1936,0.229656788528917
38121,ENSG00000186111,PIP5K1C,O60331,S,555,0.485468715103451
38122,ENSG00000092621,PHGDH,O43175,S,55,0.390219903908104
38125,ENSG00000170579,DLGAP1,O14490,T,361,0.111203833018263
38127,ENSG00000181827,RFX7,Q2KHR2,S,1081,0.45354520005759
38128,ENSG00000129472,RAB2B,Q8WUD1,S,202,0.429832131863755
38132,ENSG00000164603,BMT2,Q1RMZ1,S,18,0.237105165350061
38134,ENSG00000133216,EPHB2,P29323,S,586,0.259000314495585
38138,ENSG00000180773,SLC36A4,Q6YBV0,S,36,0.425059245552045
38139,ENSG00000136270,TBRG4,Q969Z0,T,65,0.396008083035919
38141,ENSG00000099308,MAST3,O60307,S,47,0.633335609944067
38142,ENSG00000143256,PFDN2,Q9UHV9,S,148,0.111907783312119
38143,ENSG00000131653,TRAF7,Q6Q0C0,S,94,0.415207179187927
38144,ENSG00000204217,BMPR2,Q13873,S,757,0.214663979357645
38145,ENSG00000052126,PLEKHA5,Q9HAU0,S,55,0.29753409038535
38146,ENSG00000135723,FHOD1,Q9Y613,T,690,0.334499441092451
38148,ENSG00000196498,NCOR2,Q9Y618,S,1861,0.0811658233253903
38150,ENSG00000136295,TTYH3,Q9C0H2,S,437,0.396574592732631
38152,ENSG00000058404,CAMK2B,Q13554,T,287,0.676092710579162
38154,ENSG00000196505,GDAP2,Q9NXN4,S,494,0.513252713421514
38159,ENSG00000156299,TIAM1,Q13009,S,368,0.230897555124026
38160,ENSG00000070814,TCOF1,Q13428,S,482,0.254736015346502
38165,ENSG00000077454,LRCH4,O75427,S,307,0.433328202789326
38170,ENSG00000155438,NIFK,Q9BYG3,T,234,0.979717618432386
38172,ENSG00000115464,USP34,Q70CQ2,T,3383,0.0827378354407151
38174,ENSG00000130147,SH3BP4,Q9P0V3,S,120,0.180537600675674
38176,ENSG00000066084,DIP2B,Q9P265,S,259,0.333868016315572
38177,ENSG00000171100,MTM1,Q13496,S,593,0.186581239253541
38180,ENSG00000130338,TULP4,Q9NRJ4,S,1373,0.18685707704857
38181,ENSG00000136111,TBC1D4,O60343,S,649,0.194903215000594
38182,ENSG00000152291,TGOLN2,O43493,S,70,0.412783608171409
38183,ENSG00000198824,CHAMP1,Q96JM3,S,472,0.307416695404902
38185,ENSG00000127481,UBR4,Q5T4S7,S,619,0.202441464336611
38187,ENSG00000189319,FAM53B,Q14153,T,210,0.301779403701115
38188,ENSG00000169710,FASN,P49327,S,1997,0.174714641843331
38189,ENSG00000113758,DBN1,Q16643,S,320,0.297592046676817
38190,ENSG00000134444,KIAA1468,Q9P260,S,439,0.21559239212425
38192,ENSG00000171467,ZNF318,Q5VUA4,S,1945,0.282411907278651
38195,ENSG00000168329,CX3CR1,P49238,S,329,0.200705891072004
38196,ENSG00000170248,PDCD6IP,Q8WUM4,S,730,0.473887972893319
38200,ENSG00000130723,PRRC2B,Q5JSZ5,S,194,0.179978340999977
38202,ENSG00000169221,TBC1D10B,Q4KMP7,T,152,0.43911541617631
38206,ENSG00000136051,WASHC4,Q2M389,S,1164,0.0903478815908384
38207,ENSG00000133083,DCLK1,O15075,S,36,0.401661408271777
38208,ENSG00000131711,MAP1B,P46821,T,1671,0.128655065248693
38212,ENSG00000182827,ACBD3,Q9H3P7,S,345,0.371575628620415
38214,ENSG00000164885,CDK5,Q00535,Y,15,0.835417829908597
38217,ENSG00000189221,MAOA,P21397,S,383,0.300144217660962
38218,ENSG00000142507,PSMB6,P28072,T,69,0.598540146903402
38221,ENSG00000164880,INTS1,Q8N201,S,1395,0.146116732697399
38225,ENSG00000181555,SETD2,Q9BYW2,S,681,0.0416327484443347
38226,ENSG00000151612,ZNF827,Q17R98,S,477,0.170782761870566
38227,ENSG00000091436,MAP3K20,Q9NYL2,S,565,0.2883767208295
38228,ENSG00000170807,LMOD2,Q6P5Q4,S,412,0.36400034816989
38232,ENSG00000102554,KLF5,Q13887,T,323,0.255443797778783
38234,ENSG00000044115,CTNNA1,P35221,S,655,0.609922484782274
38235,ENSG00000162105,SHANK2,Q9UPX8,S,877,0.268396575773846
38236,ENSG00000143756,FBXO28,Q9NVF7,S,235,0.511922058010255
38237,ENSG00000163820,FYCO1,Q9BQS8,S,1165,0.110809965842598
38238,ENSG00000148516,ZEB1,P37275,S,686,0.293641480823697
38239,ENSG00000115109,EPB41L5,Q9HCM4,S,550,0.217477804772713
38242,ENSG00000153827,TRIP12,Q14669,S,85,0.38056567179712
38243,ENSG00000167202,TBC1D2B,Q9UPU7,S,317,0.378844228619921
38244,ENSG00000132467,UTP3,Q9NQZ2,S,462,0.416235165774611
38245,ENSG00000132763,MMACHC,Q9Y4U1,S,245,0.498020462281825
38247,ENSG00000103264,FBXO31,Q5XUX0,T,37,0.419135813438914
38251,ENSG00000177169,ULK1,O75385,S,330,0.264276138302787
38252,ENSG00000198824,CHAMP1,Q96JM3,S,633,0.23035952151363
38253,ENSG00000104447,TRPS1,Q9UHF7,T,929,0.336750124395424
38254,ENSG00000116560,SFPQ,P23246,S,33,0.478830845053842
38256,ENSG00000133454,MYO18B,Q8IUG5,S,2309,0.146021422923224
38257,ENSG00000157540,DYRK1A,Q13627,S,538,0.431926526819052
38261,ENSG00000138771,SHROOM3,Q8TF72,T,817,0.163457682842299
38262,ENSG00000135540,NHSL1,Q5SYE7,S,1191,0.341703222745098
38264,ENSG00000116266,STXBP3,O00186,S,587,0.30489575678784
38265,ENSG00000109111,SUPT6H,Q7KZ85,T,1532,0.548038391746272
38266,ENSG00000125898,FAM110A,Q9BQ89,S,253,0.435451072977078
38267,ENSG00000169758,TMEM266,Q2M3C6,S,471,0.120041258152465
38268,ENSG00000108256,NUFIP2,Q7Z417,S,652,0.50245039860711
38269,ENSG00000151923,TIAL1,Q01085,S,278,0.418216941666768
38273,ENSG00000169564,PCBP1,Q15365,S,231,0.544917680324871
38274,ENSG00000177200,CHD9,Q3L8U1,S,1753,0.200215225965842
38275,ENSG00000196465,MYL6B,P14649,S,18,0.112029018182156
38276,ENSG00000105289,TJP3,O95049,S,845,0.138176112504205
38277,ENSG00000213585,VDAC1,P21796,T,250,0.258189223539087
38279,ENSG00000164327,RICTOR,Q6R327,S,1138,0.265272271054661
38281,ENSG00000165757,JCAD,Q9P266,S,400,0.16935500752681
38282,ENSG00000103326,CAPN15,O75808,S,338,0.448518812918103
38283,ENSG00000147010,SH3KBP1,Q96B97,S,472,0.262045501909036
38285,ENSG00000088387,DOCK9,Q9BZ29,T,1211,0.344058220719877
38286,ENSG00000152503,TRIM36,Q9NQ86,S,620,0.253388610931874
38287,ENSG00000143147,GPR161,Q8N6U8,S,360,0.233121742842342
38288,ENSG00000197555,SIPA1L1,O43166,S,1650,0.313623411575965
38289,ENSG00000145703,IQGAP2,Q13576,S,1356,0.257816690657444
38290,ENSG00000137501,SYTL2,Q9HCH5,S,493,0.326328829281827
38291,ENSG00000105559,PLEKHA4,Q9H4M7,S,229,0.421555740966832
38293,ENSG00000127481,UBR4,Q5T4S7,S,1763,0.232083916752619
38294,ENSG00000272391,POM121C,A8CG34,T,162,0.318452690672518
38295,ENSG00000186815,TPCN1,Q9ULQ1,S,808,0.291548379527562
38296,ENSG00000107902,LHPP,Q9H008,S,241,0.213784445479163
38298,ENSG00000105993,DNAJB6,O75190,S,277,0.520520420898725
38299,ENSG00000047849,MAP4,P27816,T,927,0.201194970468464
38300,ENSG00000197043,ANXA6,P08133,S,658,0.132661430787437
38305,ENSG00000164930,FZD6,O60353,S,626,0.286575726086501
38306,ENSG00000077235,GTF3C1,Q12789,S,848,0.0635825912913344
38307,ENSG00000206190,ATP10A,O60312,S,466,0.253203769882656
38308,ENSG00000039523,RIPOR1,Q6ZS17,T,355,0.485772251270022
38310,ENSG00000164830,OXR1,Q8N573,S,381,0.0872465077977456
38311,ENSG00000019102,VSIG2,Q96IQ7,S,303,0.295837673085957
38312,ENSG00000133392,MYH11,P35749,S,605,0.0536241989708281
38315,ENSG00000032219,ARID4A,P29374,S,1140,0.361327051575733
38318,ENSG00000113758,DBN1,Q16643,T,335,0.267426523494529
38321,ENSG00000160469,BRSK1,Q8TDC3,S,587,0.564598470914872
38322,ENSG00000086730,LAT2,Q9GZY6,S,102,0.402246356907626
38323,ENSG00000162614,NEXN,Q0ZGT2,S,241,0.266564624333124
38324,ENSG00000127483,HP1BP3,Q5SSJ5,S,140,0.253539850540726
38326,ENSG00000135597,REPS1,Q96D71,T,694,0.266594731997713
38328,ENSG00000155438,NIFK,Q9BYG3,S,230,0.964794730521889
38330,ENSG00000140990,NDUFB10,O96000,S,145,0.326999138871145
38331,ENSG00000120733,KDM3B,Q7LBC6,S,743,0.251888669321826
38332,ENSG00000143167,GPA33,Q99795,S,292,0.203184341451437
38333,ENSG00000182742,HOXB4,P17483,S,116,0.281478678285629
38337,ENSG00000077097,TOP2B,Q02880,S,1596,0.139462075726977
38340,ENSG00000198924,DCLRE1A,Q6PJP8,S,340,0.240126256546476
38341,ENSG00000127152,BCL11B,Q9C0K0,T,406,0.431864108633231
38342,ENSG00000170807,LMOD2,Q6P5Q4,S,416,0.575705475524078
38344,ENSG00000163848,ZNF148,Q9UQR1,S,627,0.101922347770924
38345,ENSG00000004478,FKBP4,Q02790,S,258,0.354263683007197
38347,ENSG00000180370,PAK2,Q13177,S,381,0.173658947359206
38354,ENSG00000139697,SBNO1,A3KN83,S,815,0.284757731483188
38355,ENSG00000099968,BCL2L13,Q9BXK5,S,410,0.296313114584167
38356,ENSG00000181555,SETD2,Q9BYW2,S,1891,0.207068795578292
38359,ENSG00000018408,WWTR1,Q9GZV5,S,117,0.80950816954097
38362,ENSG00000022567,SLC45A4,Q5BKX6,S,43,0.126205149670604
38363,ENSG00000142039,CCDC97,Q96F63,S,275,0.16156224333444
38364,ENSG00000080503,SMARCA2,P51531,S,698,0.184248083186025
38365,ENSG00000136143,SUCLA2,Q9P2R7,S,279,0.329414878385904
38366,ENSG00000167880,EVPL,Q92817,S,1794,0.0495326063255911
38367,ENSG00000176994,SMCR8,Q8TEV9,S,471,0.352553063162477
38368,ENSG00000145388,METTL14,Q9HCE5,T,72,0.345502266003138
38370,ENSG00000078674,PCM1,Q15154,S,866,0.2362837501296
38379,ENSG00000111912,NCOA7,Q8NI08,S,183,0.359133346791129
38381,ENSG00000177463,NR2C2,P49116,S,19,0.312165692957899
38382,ENSG00000144218,AFF3,P51826,S,878,0.335218854164925
38384,ENSG00000099290,WASHC2A,Q641Q2,S,1087,0.286730557499272
38386,ENSG00000168303,MPLKIP,Q8TAP9,T,51,0.499384502810651
38387,ENSG00000106460,TMEM106B,Q9NUM4,S,13,0.107940011541587
38388,ENSG00000049759,NEDD4L,Q96PU5,S,483,0.421937499569376
38389,ENSG00000137942,FNBP1L,Q5T0N5,T,496,0.512353221184779
38390,ENSG00000138160,KIF11,P52732,T,925,0.240195213814235
38391,ENSG00000111961,SASH1,O94885,S,285,0.132737649010968
38392,ENSG00000165912,PACSIN3,Q9UKS6,S,319,0.510234795255879
38393,ENSG00000137145,DENND4C,Q5VZ89,S,1327,0.047706412164944
38395,ENSG00000173276,ZBTB21,Q9ULJ3,S,202,0.131222082109911
38396,ENSG00000166716,ZNF592,Q92610,S,1264,0.399065587151326
38399,ENSG00000153048,CARHSP1,Q9Y2V2,S,147,0.387526112514589
38401,ENSG00000143167,GPA33,Q99795,S,313,0.235953215983672
38403,ENSG00000163875,MEAF6,Q9HAF1,S,122,0.417964543425348
38404,ENSG00000135069,PSAT1,Q9Y617,S,331,0.338963046477442
38406,ENSG00000145088,EAF2,Q96CJ1,S,146,0.285755655010165
38408,ENSG00000173327,MAP3K11,Q16584,S,789,0.495920676644424
38410,ENSG00000149761,NUDT22,Q9BRQ3,S,296,0.230822862166625
38411,ENSG00000110931,CAMKK2,Q96RR4,Y,128,0.451042755084809
38415,ENSG00000116793,PHTF1,Q9UMS5,S,276,0.434467922977364
38416,ENSG00000156113,KCNMA1,Q12791,T,1088,0.155430410633852
38417,ENSG00000135341,MAP3K7,O43318,S,375,0.420596761092029
38418,ENSG00000115464,USP34,Q70CQ2,T,3364,0.157129551122383
38420,ENSG00000074054,CLASP1,Q7Z460,S,576,0.18067423670297
38422,ENSG00000106078,COBL,O75128,S,974,0.157674665764196
38427,ENSG00000089234,BRAP,Q7Z569,S,93,0.365464340222699
38429,ENSG00000169891,REPS2,Q8NFH8,S,464,0.311141915516901
38433,ENSG00000163449,TMEM169,Q96HH4,S,57,0.218285840429096
38435,ENSG00000167513,CDT1,Q9H211,S,391,0.474233417130707
38438,ENSG00000179604,CDC42EP4,Q9H3Q1,S,138,0.479255079426661
38439,ENSG00000100823,APEX1,P27695,S,54,0.45685044463885
38441,ENSG00000175115,PACS1,Q6VY07,S,486,0.0843554110884316
38442,ENSG00000124789,NUP153,P49790,S,192,0.526031643084406
38446,ENSG00000196628,TCF4,P15884,S,351,0.348327482493049
38447,ENSG00000176986,SEC24C,P53992,S,888,0.417265072886193
38450,ENSG00000173327,MAP3K11,Q16584,S,569,0.0812367679145178
38452,ENSG00000198467,TPM2,P07951,T,252,0.354591804482732
38454,ENSG00000197321,SVIL,O95425,S,253,0.181471812269989
38455,ENSG00000180611,MB21D2,Q8IYB1,S,439,0.516726297112149
38456,ENSG00000130528,HRC,P23327,S,563,0.360979641752329
38457,ENSG00000181555,SETD2,Q9BYW2,S,321,0.283608927653075
38458,ENSG00000018408,WWTR1,Q9GZV5,S,89,0.997457538410602
38461,ENSG00000149577,SIDT2,Q8NBJ9,S,403,0.444129175958557
38462,ENSG00000143702,CEP170,Q5SW79,T,632,0.165743315828746
38465,ENSG00000140563,MCTP2,Q6DN12,S,49,0.353968133775527
38466,ENSG00000148429,USP6NL,Q92738,S,546,0.225637197033531
38468,ENSG00000170776,AKAP13,Q12802,S,345,0.174896708448416
38469,ENSG00000104529,EEF1D,P29692,S,65,0.382660131660285
38470,ENSG00000174672,BRSK2,Q8IWQ3,S,455,0.168513936945965
38471,ENSG00000115183,TANC1,Q9C0D5,T,1713,0.0477523813697046
38473,ENSG00000011304,PTBP1,P26599,Y,127,0.53342437946663
38477,ENSG00000065243,PKN2,Q16513,S,367,0.37752259938222
38480,ENSG00000151746,BICD1,Q96G01,S,569,0.347977900089703
38481,ENSG00000130396,AFDN,P55196,S,240,0.123670705223313
38482,ENSG00000105538,RASIP1,Q5U651,T,111,0.341352654175014
38485,ENSG00000275342,PRAG1,Q86YV5,S,507,0.245645831529345
38486,ENSG00000151131,C12orf45,Q8N5I9,S,56,0.44573350644055
38487,ENSG00000132356,PRKAA1,Q13131,T,382,0.460044203440319
38488,ENSG00000161714,PLCD3,Q8N3E9,S,105,0.250019783838609
38490,ENSG00000084652,TXLNA,P40222,T,497,0.247401972074332
38493,ENSG00000064393,HIPK2,Q9H2X6,S,827,0.494419545439542
38494,ENSG00000106948,AKNA,Q7Z591,S,159,0.235860526803581
38496,ENSG00000151131,C12orf45,Q8N5I9,S,15,0.463882094744487
38497,ENSG00000139083,ETV6,P41212,T,161,0.273014213081234
38501,ENSG00000168488,ATXN2L,Q8WWM7,T,632,0.263287407694946
38505,ENSG00000065613,SLK,Q9H2G2,S,354,0.365327361454515
38506,ENSG00000112983,BRD8,Q9H0E9,S,579,0.200770405738483
38508,ENSG00000171634,BPTF,Q12830,S,1133,0.201191164769862
38509,ENSG00000170579,DLGAP1,O14490,T,590,0.112487582719169
38510,ENSG00000149532,CPSF7,Q8N684,S,416,0.32225058134106
38511,ENSG00000085224,ATRX,P46100,S,60,0.202235998536402
38515,ENSG00000106948,AKNA,Q7Z591,S,935,0.201437626100255
38516,ENSG00000140682,TGFB1I1,O43294,S,82,0.126204353038196
38518,ENSG00000120049,KCNIP2,Q9NS61,S,19,0.147861865408237
38522,ENSG00000138709,LARP1B,Q659C4,S,863,0.260474883081379
38525,ENSG00000125633,CCDC93,Q567U6,S,301,0.398818446145302
38529,ENSG00000110395,CBL,P22681,S,791,0.414719967998609
38530,ENSG00000166912,MTMR10,Q9NXD2,T,772,0.135372366497336
38531,ENSG00000014123,UFL1,O94874,S,413,0.243507170964577
38538,ENSG00000075292,ZNF638,Q14966,S,1882,0.24026838137905
38539,ENSG00000124191,TOX2,Q96NM4,S,201,0.693161080240371
38542,ENSG00000137501,SYTL2,Q9HCH5,S,322,0.308361766681395
38543,ENSG00000196954,CASP4,P49662,S,83,0.299984532754394
38545,ENSG00000087589,CASS4,Q9NQ75,Y,98,0.567787357942811
38546,ENSG00000172530,BANP,Q8N9N5,S,100,0.416721768368014
38547,ENSG00000064703,DDX20,Q9UHI6,S,677,0.356958629126133
38550,ENSG00000176842,IRX5,P78411,S,246,0.199868964115594
38551,ENSG00000214212,C19orf38,A8MVS5,S,213,0.35420871697522
38553,ENSG00000143952,VPS54,Q9P1Q0,S,541,0.202037010801839
38554,ENSG00000197555,SIPA1L1,O43166,S,1087,0.249432340963432
38556,ENSG00000176435,CLEC14A,Q86T13,S,437,0.193147583643097
38558,ENSG00000092201,SUPT16H,Q9Y5B9,S,365,0.0914622443798128
38559,ENSG00000108953,YWHAE,P62258,T,208,0.408971669293773
38561,ENSG00000006453,BAIAP2L1,Q9UHR4,T,294,0.332137059401837
38562,ENSG00000102119,EMD,P50402,S,143,0.524372238962755
38563,ENSG00000143924,EML4,Q9HC35,S,97,0.0689117473996517
38567,ENSG00000130726,TRIM28,Q13263,S,824,0.438243724602277
38570,ENSG00000105220,GPI,P06744,S,532,0.152866797208622
38571,ENSG00000147027,TMEM47,Q9BQJ4,S,3,0.300472700868609
38572,ENSG00000114857,NKTR,P30414,S,467,0.202378142858362
38574,ENSG00000163635,ATXN7,O15265,S,783,0.431689991778566
38575,ENSG00000174106,LEMD3,Q9Y2U8,S,777,0.706793049008251
38576,ENSG00000111647,UHRF1BP1L,A0JNW5,T,775,0.0982006173164963
38578,ENSG00000188112,C6orf132,Q5T0Z8,S,1087,0.189758278744863
38579,ENSG00000168517,HEXIM2,Q96MH2,S,81,0.304559675243953
38581,ENSG00000112658,SRF,P11831,S,228,0.334248269369024
38584,ENSG00000175311,ANKS4B,Q8N8V4,S,184,0.532218840939456
38585,ENSG00000002586,CD99,P14209,S,91,0.12327325932409
38586,ENSG00000119042,SATB2,Q9UPW6,S,39,0.400841718611192
38589,ENSG00000113282,CLINT1,Q14677,S,624,0.294719848676306
38596,ENSG00000174437,ATP2A2,P16615,S,553,0.262167856888176
38599,ENSG00000114383,TUSC2,O75896,Y,53,0.33960978852418
38601,ENSG00000068308,OTUD5,Q96G74,Y,175,0.690940020839978
38604,ENSG00000163539,CLASP2,O75122,S,994,0.25222182353225
38605,ENSG00000204120,GIGYF2,Q6Y7W6,S,242,0.344880781792716
38606,ENSG00000109971,HSPA8,P11142,S,340,0.225711021605923
38608,ENSG00000145362,ANK2,Q01484,S,2243,0.271873334092608
38610,ENSG00000141447,OSBPL1A,Q9BXW6,S,481,0.293472378982674
38611,ENSG00000149115,TNKS1BP1,Q9C0C2,S,592,0.287390732019353
38613,ENSG00000120549,KIAA1217,Q5T5P2,T,345,0.297109998214672
38615,ENSG00000166963,MAP1A,P78559,T,1674,0.204571000612892
38616,ENSG00000166689,PLEKHA7,Q6IQ23,T,538,0.310413892472593
38617,ENSG00000236609,ZNF853,P0CG23,S,63,0.236198158367291
38618,ENSG00000091039,OSBPL8,Q9BZF1,S,65,0.482690561533742
38619,ENSG00000196535,MYO18A,Q92614,S,74,0.306865734378914
38621,ENSG00000169057,MECP2,P51608,S,426,0.372159608178884
38623,ENSG00000074054,CLASP1,Q7Z460,S,727,0.270362544966755
38624,ENSG00000167548,KMT2D,O14686,S,2719,0.0355445210772624
38625,ENSG00000106305,AIMP2,Q13155,T,82,0.511069010550839
38627,ENSG00000104863,LIN7B,Q9HAP6,S,202,0.106395710347676
38628,ENSG00000137947,GTF2B,Q00403,S,76,0.371679454495051
38630,ENSG00000006576,PHTF2,Q8N3S3,S,331,0.3549131698834
38631,ENSG00000121289,CEP89,Q96ST8,S,114,0.497820755588127
38633,ENSG00000136715,SAP130,Q9H0E3,T,856,0.471252031278956
38635,ENSG00000105221,AKT2,P31751,S,474,0.81121096484497
38636,ENSG00000100226,GTPBP1,O00178,S,12,0.438422933849749
38637,ENSG00000154222,CC2D1B,Q5T0F9,S,593,0.40355794494531
38639,ENSG00000188419,CHM,P24386,S,651,0.375337792802852
38640,ENSG00000169213,RAB3B,P20337,S,188,0.327046319925733
38643,ENSG00000104093,DMXL2,Q8TDJ6,S,2640,0.17867472576022
38644,ENSG00000129317,PUS7L,Q9H0K6,S,293,0.184297695743521
38646,ENSG00000161202,DVL3,Q92997,S,697,0.454299410921749
38647,ENSG00000157107,FCHO2,Q0JRZ9,T,453,0.286700486142664
38649,ENSG00000072134,EPN2,O95208,S,173,0.64947459483147
38650,ENSG00000204209,DAXX,Q9UER7,S,647,0.383431478891541
38652,ENSG00000105738,SIPA1L3,O60292,S,1306,0.0970348805249621
38654,ENSG00000085185,BCORL1,Q5H9F3,S,155,0.0997886863667748
38655,ENSG00000167193,CRK,P46108,S,96,0.147947371683998
38656,ENSG00000046889,PREX2,Q70Z35,S,1073,0.113528940191673
38657,ENSG00000121486,TRMT1L,Q7Z2T5,S,707,0.27349988672786
38660,ENSG00000139970,RTN1,Q16799,S,336,0.121200424538156
38662,ENSG00000154358,OBSCN,Q5VST9,S,5573,0.234484859327658
38663,ENSG00000154310,TNIK,Q9UKE5,S,560,0.378339141900658
38665,ENSG00000120896,SORBS3,O60504,T,562,0.315106117586517
38666,ENSG00000166716,ZNF592,Q92610,S,679,0.0927910465185452
38667,ENSG00000197860,SGTB,Q96EQ0,S,295,0.65922938313183
38668,ENSG00000174718,KIAA1551,Q9HCM1,S,1208,0.193714378040139
38669,ENSG00000146242,TPBG,Q13641,S,418,0.364049116509008
38670,ENSG00000089916,GPATCH2L,Q9NWQ4,S,137,0.385327951028612
38671,ENSG00000146247,PHIP,Q8WWQ0,S,136,0.307425884710282
38673,ENSG00000144747,TMF1,P82094,S,160,0.175644002069579
38676,ENSG00000179295,PTPN11,Q06124,S,142,0.264165306406706
38677,ENSG00000177119,ANO6,Q4KMQ2,S,169,0.109058615477214
38679,ENSG00000170807,LMOD2,Q6P5Q4,T,59,0.256209859368454
38680,ENSG00000198498,TMA16,Q96EY4,S,97,0.208213203070208
38683,ENSG00000132155,RAF1,P04049,T,641,0.242751423022425
38684,ENSG00000090905,TNRC6A,Q8NDV7,S,771,0.0762978547648893
38685,ENSG00000054654,SYNE2,Q8WXH0,S,166,0.381499833778296
38686,ENSG00000108963,DPH1,Q9BZG8,S,212,0.659776620474735
38688,ENSG00000138434,SSFA2,P28290,S,869,0.293719758572925
38689,ENSG00000101856,PGRMC1,O00264,S,190,0.315174883876662
38693,ENSG00000134516,DOCK2,Q92608,T,1786,0.166319071573729
38694,ENSG00000121297,TSHZ3,Q63HK5,S,600,0.34663760642824
38697,ENSG00000168395,ING5,Q8WYH8,T,147,0.503997435620369
38698,ENSG00000111640,GAPDH,P04406,T,229,0.385267320084911
38701,ENSG00000145362,ANK2,Q01484,S,3833,0.187064318913392
38702,ENSG00000143376,SNX27,Q96L92,S,62,0.351927690132753
38703,ENSG00000171408,PDE7B,Q9NP56,S,45,0.53585995899264
38705,ENSG00000161011,SQSTM1,Q13501,S,306,0.335286798466747
38707,ENSG00000177469,CAVIN1,Q6NZI2,S,169,0.417656049560956
38708,ENSG00000104290,FZD3,Q9NPG1,S,561,0.107379707836235
38709,ENSG00000138834,MAPK8IP3,Q9UPT6,S,273,0.188043630245322
38712,ENSG00000109971,HSPA8,P11142,S,329,0.549408890336525
38713,ENSG00000124789,NUP153,P49790,S,330,0.276886752629282
38715,ENSG00000205436,EXOC3L4,Q17RC7,S,79,0.167283631731418
38716,ENSG00000110075,PPP6R3,Q5H9R7,S,851,0.301257150722529
38717,ENSG00000163125,RPRD2,Q5VT52,S,638,0.130782710666371
38718,ENSG00000135837,CEP350,Q5VT06,T,1253,0.36271112215325
38720,ENSG00000135842,FAM129A,Q9BZQ8,S,920,0.223772566345857
38725,ENSG00000162227,TAF6L,Q9Y6J9,S,495,0.403310220106722
38726,ENSG00000105939,ZC3HAV1,Q7Z2W4,S,267,0.209536583984087
38730,ENSG00000054690,PLEKHH1,Q9ULM0,S,263,0.144415203590312
38731,ENSG00000071051,NCK2,O43639,S,94,0.353223160532796
38732,ENSG00000179820,MYADM,Q96S97,S,17,0.130720857468059
38734,ENSG00000197077,KIAA1671,Q9BY89,S,1577,0.151508684056827
38735,ENSG00000133083,DCLK1,O15075,S,363,0.154452857314556
38743,ENSG00000006453,BAIAP2L1,Q9UHR4,T,412,0.421412890642933
38744,ENSG00000099889,ARVCF,O00192,T,885,0.145562769482064
38749,ENSG00000107890,ANKRD26,Q9UPS8,S,23,0.197891941797986
38750,ENSG00000204371,EHMT2,Q96KQ7,S,118,0.115779146002452
38752,ENSG00000006607,FARP2,O94887,T,28,0.238981997212964
38753,ENSG00000008086,CDKL5,O76039,S,343,0.345695002510847
38756,ENSG00000115020,PIKFYVE,Q9Y2I7,S,1544,0.292254466197931
38758,ENSG00000177963,RIC8A,Q9NPQ8,S,32,0.268410877739096
38760,ENSG00000091732,ZC3HC1,Q86WB0,T,387,0.4390122337844
38761,ENSG00000143970,ASXL2,Q76L83,S,600,0.165913390570491
38764,ENSG00000143772,ITPKB,P27987,T,271,0.0982211418284236
38765,ENSG00000160299,PCNT,O95613,T,2155,0.11027777758305
38766,ENSG00000167881,SRP68,Q9UHB9,S,16,0.29191116115168
38768,ENSG00000170776,AKAP13,Q12802,S,2390,0.198177592314305
38769,ENSG00000019144,PHLDB1,Q86UU1,T,1015,0.0711334253700968
38774,ENSG00000198586,TLK1,Q9UKI8,S,159,0.581533088789978
38775,ENSG00000064999,ANKS1A,Q92625,S,649,0.19788608389888
38776,ENSG00000130723,PRRC2B,Q5JSZ5,S,1358,0.11136830505359
38780,ENSG00000052749,RRP12,Q5JTH9,S,26,0.170462586620219
38781,ENSG00000104765,BNIP3L,O60238,S,82,0.193217997714778
38782,ENSG00000121060,TRIM25,Q14258,S,46,0.324431289973249
38783,ENSG00000126062,TMEM115,Q12893,S,340,0.117229420791986
38786,ENSG00000001629,ANKIB1,Q9P2G1,S,884,0.192869176470776
38787,ENSG00000167394,ZNF668,Q96K58,S,10,0.404207510493291
38789,ENSG00000110274,CEP164,Q9UPV0,S,452,0.198367482467664
38791,ENSG00000163781,TOPBP1,Q92547,S,805,0.151148537911706
38792,ENSG00000099991,CABIN1,Q9Y6J0,T,1776,0.191164901553394
38793,ENSG00000023697,DERA,Q9Y315,T,292,0.316105057250627
38794,ENSG00000142687,KIAA0319L,Q8IZA0,S,1043,0.336203303120374
38795,ENSG00000155827,RNF20,Q5VTR2,S,138,0.367094070003585
38799,ENSG00000129422,MTUS1,Q9ULD2,S,1259,0.291733337614706
38801,ENSG00000054118,THRAP3,Q9Y2W1,S,310,0.664392190763174
38802,ENSG00000138688,KIAA1109,Q2LD37,S,3706,0.261964875532494
38803,ENSG00000160293,VAV2,P52735,S,583,0.220297245875918
38807,ENSG00000176842,IRX5,P78411,S,248,0.222929992336046
38808,ENSG00000120549,KIAA1217,Q5T5P2,S,1877,0.0508429404844661
38812,ENSG00000120899,PTK2B,Q14289,T,751,0.0811458568079676
38813,ENSG00000122557,HERPUD2,Q9BSE4,S,365,0.179138392210304
38814,ENSG00000124942,AHNAK,Q09666,S,5499,0.0438607000945801
38815,ENSG00000163939,PBRM1,Q86U86,S,934,0.178873992795566
38817,ENSG00000144711,IQSEC1,Q6DN90,T,362,0.139833735954772
38820,ENSG00000124942,AHNAK,Q09666,S,5190,0.144475383600717
38821,ENSG00000124496,TRERF1,Q96PN7,T,743,0.456719827280694
38822,ENSG00000110104,CCDC86,Q9H6F5,S,21,0.349944102179304
38823,ENSG00000141298,SSH2,Q76I76,T,1422,0.352709217003451
38824,ENSG00000174485,DENND4A,Q7Z401,T,1103,0.0732505622876676
38828,ENSG00000148737,TCF7L2,Q9NQB0,S,60,0.426975993410803
38829,ENSG00000180818,HOXC10,Q9NYD6,T,8,0.282191351410348
38831,ENSG00000163939,PBRM1,Q86U86,S,371,0.327789265023388
38834,ENSG00000182253,SYNM,O15061,S,904,0.0722941433612083
38835,ENSG00000141027,NCOR1,O75376,T,1594,0.199675562616116
38836,ENSG00000129474,AJUBA,Q96IF1,S,155,0.304437077836088
38839,ENSG00000113448,PDE4D,Q08499,S,171,0.308402527836008
38842,ENSG00000131626,PPFIA1,Q13136,S,793,0.291959921983293
38845,ENSG00000021574,SPAST,Q9UBP0,S,207,0.567424082306187
38846,ENSG00000073050,XRCC1,P18887,T,488,0.50900988584161
38847,ENSG00000168303,MPLKIP,Q8TAP9,S,115,0.553651903021211
38849,ENSG00000130202,NECTIN2,Q92692,S,524,0.352643603479665
38851,ENSG00000132688,NES,P48681,S,1441,0.200094247384452
38856,ENSG00000159753,CARMIL2,Q6F5E8,S,1362,0.300989459730751
38857,ENSG00000169902,TPST1,O60507,S,279,0.133082238843779
38859,ENSG00000137776,SLTM,Q9NWH9,S,789,0.122306658266593
38861,ENSG00000272886,DCP1A,Q9NPI6,S,522,0.5150613791417
38864,ENSG00000164880,INTS1,Q8N201,S,1142,0.272571040062455
38865,ENSG00000165801,ARHGEF40,Q8TER5,T,1074,0.270514974439009
38866,ENSG00000120694,HSPH1,Q92598,S,852,0.104915174000663
38867,ENSG00000102900,NUP93,Q8N1F7,S,82,0.183754362958585
38868,ENSG00000093167,LRRFIP2,Q9Y608,S,323,0.498707964507113
38869,ENSG00000184363,PKP3,Q9Y446,S,305,0.339865881727868
38870,ENSG00000105974,CAV1,Q03135,Y,25,0.658899462086198
38871,ENSG00000145388,METTL14,Q9HCE5,S,54,0.41227245537137
38872,ENSG00000119927,GPAM,Q9HCL2,T,605,0.156501893744596
38873,ENSG00000166833,NAV2,Q8IVL1,S,1480,0.336808408046838
38874,ENSG00000135387,CAPRIN1,Q14444,S,307,0.0941265169148621
38875,ENSG00000091732,ZC3HC1,Q86WB0,S,161,0.390123165454246
38876,ENSG00000166963,MAP1A,P78559,S,1190,0.249702166204696
38879,ENSG00000078674,PCM1,Q15154,S,1287,0.281014141497961
38880,ENSG00000115648,MLPH,Q9BV36,S,402,0.497189668838991
38881,ENSG00000130821,SLC6A8,P48029,T,42,0.496549162493806
38884,ENSG00000148572,NRBF2,Q96F24,S,268,0.373644712313503
38885,ENSG00000153774,CFDP1,Q9UEE9,S,102,0.135201809672823
38886,ENSG00000185000,DGAT1,O75907,S,17,0.517330400653669
38887,ENSG00000089351,GRAMD1A,Q96CP6,S,263,0.505946503955367
38891,ENSG00000104067,TJP1,Q07157,S,340,0.243510392053771
38892,ENSG00000157216,SSBP3,Q9BWW4,T,360,0.676224569263312
38893,ENSG00000175931,UBE2O,Q9C0C9,T,834,0.243145888209611
38894,ENSG00000197256,KANK2,Q63ZY3,S,172,0.489891325038544
38896,ENSG00000061273,HDAC7,Q8WUI4,S,507,0.367276016240728
38897,ENSG00000128585,MKLN1,Q9UL63,S,414,0.1821885689467
38900,ENSG00000164924,YWHAZ,P63104,S,114,0.271728241113297
38902,ENSG00000134909,ARHGAP32,A7KAX9,S,731,0.378154281725612
38905,ENSG00000068097,HEATR6,Q6AI08,S,337,0.275747556126844
38906,ENSG00000141905,NFIC,P08651,T,472,0.322997659655699
38908,ENSG00000253729,PRKDC,P78527,T,2638,0.368006300302454
38909,ENSG00000165959,CLMN,Q96JQ2,S,524,0.0963240123338436
38911,ENSG00000100852,ARHGAP5,Q13017,T,1129,0.308989491345618
38912,ENSG00000131381,RBSN,Q9H1K0,S,219,0.464388101561778
38914,ENSG00000099194,SCD,O00767,S,198,0.386736178049223
38916,ENSG00000136848,DAB2IP,Q5VWQ8,Y,729,0.458348189971652
38917,ENSG00000092148,HECTD1,Q9ULT8,S,1520,0.0471397545416573
38918,ENSG00000155657,TTN,Q14247,S,323,0.263729416795231
38922,ENSG00000101096,NFATC2,Q13469,S,255,0.48250583529415
38924,ENSG00000163848,ZNF148,Q9UQR1,S,784,0.309689451315034
38925,ENSG00000110693,SOX6,P35712,S,439,0.386212601084191
38929,ENSG00000144711,IQSEC1,Q6DN90,S,515,0.382051632590367
38933,ENSG00000165650,PDZD8,Q8NEN9,S,989,0.409647942632175
38934,ENSG00000077522,ACTN2,P35609,S,840,0.240300530306002
38936,ENSG00000104067,TJP1,Q07157,S,810,0.319580853666764
38937,ENSG00000104691,UBXN8,O00124,S,144,0.114578694536904
38939,ENSG00000213593,TMX2,Q9Y320,S,243,0.370957783385402
38940,ENSG00000070476,ZXDC,Q2QGD7,T,172,0.375651325839082
38941,ENSG00000163874,ZC3H12A,Q5D1E8,S,516,0.161225884074719
38943,ENSG00000065361,ERBB3,P21860,S,1104,0.295509228066869
38944,ENSG00000132780,NASP,P49321,S,397,0.251802703680243
38945,ENSG00000081913,PHLPP1,O60346,S,412,0.172100963061798
38946,ENSG00000196586,MYO6,Q9UM54,S,1146,0.420000945397221
38947,ENSG00000157483,MYO1E,Q12965,T,1011,0.272948113188315
38948,ENSG00000116641,DOCK7,Q96N67,S,414,0.0737457456461368
38949,ENSG00000130528,HRC,P23327,S,285,0.279734035489034
38951,ENSG00000105738,SIPA1L3,O60292,S,1385,0.0530078519723408
38952,ENSG00000119638,NEK9,Q8TD19,S,868,0.37869335399734
38953,ENSG00000182253,SYNM,O15061,T,834,0.145071024528579
38954,ENSG00000155393,HEATR3,Q7Z4Q2,T,17,0.287188146553895
38958,ENSG00000141027,NCOR1,O75376,S,1592,0.366431942931799
38959,ENSG00000175602,CCDC85B,Q15834,S,187,0.311085178882394
38960,ENSG00000146067,FAM193B,Q96PV7,S,393,0.202834384835524
38961,ENSG00000011523,CEP68,Q76N32,S,249,0.243378679576135
38962,ENSG00000129595,EPB41L4A,Q9HCS5,S,304,0.403132604455876
38964,ENSG00000163104,SMARCAD1,Q9H4L7,S,212,0.28413289514339
38965,ENSG00000174485,DENND4A,Q7Z401,S,1509,0.109120147192816
38966,ENSG00000130939,UBE4B,O95155,T,30,0.254113103060106
38967,ENSG00000197321,SVIL,O95425,S,65,0.241046695444548
38968,ENSG00000105287,PRKD2,Q9BZL6,S,518,0.154624328850723
38971,ENSG00000072954,TMEM38A,Q9H6F2,S,290,0.219014245765755
38974,ENSG00000152518,ZFP36L2,P47974,S,474,0.370539942840268
38975,ENSG00000106803,SEC61B,P60468,S,14,0.437887533006773
38977,ENSG00000174669,SLC29A2,Q14542,S,252,0.506195744836525
38981,ENSG00000160741,CRTC2,Q53ET0,S,623,0.479896669453048
38982,ENSG00000071564,TCF3,P15923,S,379,0.67278461892155
38984,ENSG00000163586,FABP1,P07148,S,11,0.219191503268733
38986,ENSG00000153250,RBMS1,P29558,S,213,0.287112081421118
38988,ENSG00000109458,GAB1,Q13480,S,417,0.3362876315938
38989,ENSG00000099331,MYO9B,Q13459,S,1329,0.281988973801615
38992,ENSG00000005700,IBTK,Q9P2D0,S,1004,0.452701060742024
38994,ENSG00000196199,MPHOSPH8,Q99549,S,272,0.382653151371334
38995,ENSG00000067369,TP53BP1,Q12888,T,694,0.0521011919135463
38998,ENSG00000058404,CAMK2B,Q13554,T,321,0.210618503342821
38999,ENSG00000138162,TACC2,O95359,S,749,0.094090245348725
39001,ENSG00000157214,STEAP2,Q8NFT2,S,12,0.311059335206688
39003,ENSG00000123240,OPTN,Q96CV9,S,281,0.099526807925734
39005,ENSG00000198561,CTNND1,O60716,Y,904,0.782565890422573
39006,ENSG00000110427,KIAA1549L,Q6ZVL6,S,1479,0.136735881374571
39009,ENSG00000067798,NAV3,Q8IVL0,S,560,0.208271468685129
39016,ENSG00000179335,CLK3,P49761,S,283,0.613906332433816
39017,ENSG00000060237,WNK1,Q9H4A3,S,2037,0.157290542354763
39020,ENSG00000115165,CYTIP,O60759,S,279,0.400836578962906
39021,ENSG00000084463,WBP11,Q9Y2W2,T,593,0.267157647608844
39022,ENSG00000166257,SCN3B,Q9NY72,S,196,0.139570579947693
39023,ENSG00000162069,BICDL2,A1A5D9,S,349,0.281479909876575
39026,ENSG00000239306,RBM14,Q96PK6,S,612,0.288165525421727
39027,ENSG00000198826,ARHGAP11A,Q6P4F7,S,559,0.329374301914278
39030,ENSG00000151835,SACS,Q9NZJ4,S,4257,0.24669461269569
39032,ENSG00000147874,HAUS6,Q7Z4H7,S,943,0.271134464908179
39035,ENSG00000117036,ETV3,P41162,S,29,0.286121129676865
39039,ENSG00000169925,BRD3,Q15059,Y,561,0.405956302040361
39040,ENSG00000109971,HSPA8,P11142,S,638,0.24974576794002
39041,ENSG00000166963,MAP1A,P78559,S,2104,0.195863592333639
39042,ENSG00000113916,BCL6,P41182,S,307,0.250271271848163
39049,ENSG00000196199,MPHOSPH8,Q99549,T,454,0.343826304254976
39051,ENSG00000143190,POU2F1,P14859,S,364,0.568139662429271
39053,ENSG00000147689,FAM83A,Q86UY5,Y,138,0.495046067154899
39055,ENSG00000020922,MRE11,P49959,S,678,0.476782303521697
39056,ENSG00000067334,DNTTIP2,Q5QJE6,T,341,0.416698846685095
39057,ENSG00000067836,ROGDI,Q9GZN7,S,227,0.176004139217416
39058,ENSG00000154723,ATP5PF,P18859,S,64,0.245633646582347
39059,ENSG00000066084,DIP2B,Q9P265,T,1430,0.17226857178334
39061,ENSG00000033327,GAB2,Q9UQC2,S,149,0.458704626635567
39063,ENSG00000156011,PSD3,Q9NYI0,S,387,0.238612288363114
39064,ENSG00000158941,CCAR2,Q8N163,T,454,0.355442572151838
39065,ENSG00000054523,KIF1B,O60333,S,1613,0.327583129170894
39067,ENSG00000134532,SOX5,P35711,T,108,0.336163082816378
39072,ENSG00000197386,HTT,P42858,S,2340,0.237437303579159
39073,ENSG00000170004,CHD3,Q12873,T,1547,0.173302303260034
39075,ENSG00000013364,MVP,Q14764,S,864,0.360649482926893
39077,ENSG00000134644,PUM1,Q14671,S,229,0.66663180679221
39082,ENSG00000037637,FBXO42,Q6P3S6,S,578,0.200629056065581
39084,ENSG00000141376,BCAS3,Q9H6U6,S,492,0.301665413992272
39085,ENSG00000090339,ICAM1,P05362,T,521,0.532929027301526
39086,ENSG00000137497,NUMA1,Q14980,S,1792,0.347340523108048
39088,ENSG00000180900,SCRIB,Q14160,S,1225,0.280122747372363
39091,ENSG00000078177,N4BP2,Q86UW6,S,1238,0.302550642708534
39093,ENSG00000078674,PCM1,Q15154,T,82,0.214523604319209
39094,ENSG00000188343,FAM92A,A1XBS5,S,243,0.379274999740387
39095,ENSG00000086967,MYBPC2,Q14324,S,1111,0.210580293146833
39096,ENSG00000010017,RANBP9,Q96S59,S,485,0.311282467219546
39098,ENSG00000205302,SNX2,O60749,S,226,0.452146259386908
39105,ENSG00000136492,BRIP1,Q9BX63,S,1032,0.416821204115355
39107,ENSG00000196935,SRGAP1,Q7Z6B7,S,410,0.128276936362763
39114,ENSG00000177156,TALDO1,P37837,S,75,0.539942538953441
39115,ENSG00000240184,PCDHGC3,Q9UN70,S,769,0.179417867786393
39116,ENSG00000160789,LMNA,P02545,S,616,0.493791642855027
39118,ENSG00000063046,EIF4B,P23588,S,597,0.427608774207131
39121,ENSG00000066084,DIP2B,Q9P265,S,145,0.240057629269032
39123,ENSG00000159217,IGF2BP1,Q9NZI8,S,314,0.121843406160107
39126,ENSG00000105357,MYH14,Q7Z406,S,42,0.062851767555702
39127,ENSG00000133104,SPART,Q8N0X7,S,102,0.2762713801202
39128,ENSG00000116117,PARD3B,Q8TEW8,S,352,0.343211974472317
39130,ENSG00000144476,ACKR3,P25106,S,347,0.390460183495854
39134,ENSG00000108443,RPS6KB1,P23443,S,394,0.820839170636084
39136,ENSG00000165795,NDRG2,Q9UN36,S,352,0.301928373425693
39139,ENSG00000115524,SF3B1,O75533,T,432,0.337446195523984
39141,ENSG00000103995,CEP152,O94986,T,1620,0.053138825621129
39144,ENSG00000125414,MYH2,Q9UKX2,S,1741,0.218205926311584
39145,ENSG00000106462,EZH2,Q15910,T,388,0.2802046574144
39146,ENSG00000204371,EHMT2,Q96KQ7,S,232,0.339079818629804
39148,ENSG00000171522,PTGER4,P35408,S,245,0.478180734482039
39150,ENSG00000127947,PTPN12,Q05209,T,574,0.213985413742374
39151,ENSG00000131746,TNS4,Q8IZW8,S,386,0.211803303095653
39153,ENSG00000112137,PHACTR1,Q9C0D0,S,67,0.319181066138003
39155,ENSG00000198925,ATG9A,Q7Z3C6,S,16,0.289926281789383
39162,ENSG00000204580,DDR1,Q08345,Y,520,0.589108098842899
39163,ENSG00000164916,FOXK1,P85037,T,247,0.492020500285335
39165,ENSG00000116731,PRDM2,Q13029,T,641,0.426228159168479
39166,ENSG00000137807,KIF23,Q02241,T,738,0.412879046066247
39168,ENSG00000204427,ABHD16A,O95870,T,32,0.40020399147733
39171,ENSG00000106665,CLIP2,Q9UDT6,T,175,0.0927873438202861
39172,ENSG00000077235,GTF3C1,Q12789,T,1873,0.170590878016152
39173,ENSG00000162104,ADCY9,O60503,S,354,0.386021372373726
39176,ENSG00000204574,ABCF1,Q8NE71,S,22,0.454879396007785
39177,ENSG00000138375,SMARCAL1,Q9NZC9,S,173,0.327229306305002
39178,ENSG00000065717,TLE2,Q04725,S,271,0.402801846127282
39179,ENSG00000180900,SCRIB,Q14160,S,875,0.590500993004043
39180,ENSG00000258366,RTEL1,Q9NZ71,S,791,0.209565854551439
39186,ENSG00000110756,HPS5,Q9UPZ3,S,463,0.329058608769189
39188,ENSG00000198780,FAM169A,Q9Y6X4,S,278,0.390177150985468
39191,ENSG00000100410,PHF5A,Q7RTV0,S,94,0.414910355544049
39192,ENSG00000165494,PCF11,O94913,T,175,0.275314242803119
39193,ENSG00000185475,TMEM179B,Q7Z7N9,S,205,0.323647063304715
39194,ENSG00000138709,LARP1B,Q659C4,S,593,0.329059499597985
39195,ENSG00000196924,FLNA,P21333,S,2053,0.344738905147967
39196,ENSG00000134317,GRHL1,Q9NZI5,S,95,0.207907588640378
39200,ENSG00000039560,RAI14,Q9P0K7,S,11,0.316919146048115
39201,ENSG00000165527,ARF6,P62330,T,41,0.191635523942259
39204,ENSG00000107290,SETX,Q7Z333,S,1686,0.0828418779837085
39206,ENSG00000157881,PANK4,Q9NVE7,S,393,0.291657819208859
39207,ENSG00000103091,WDR59,Q6PJI9,S,834,0.227080599951935
39208,ENSG00000111676,ATN1,P54259,S,81,0.186006531683914
39209,ENSG00000152104,PTPN14,Q15678,S,432,0.412262847678694
39211,ENSG00000130723,PRRC2B,Q5JSZ5,S,1690,0.0875205617615677
39212,ENSG00000049769,PPP1R3F,Q6ZSY5,S,18,0.437881940175861
39213,ENSG00000130150,MOSPD2,Q8NHP6,S,273,0.198356278410293
39218,ENSG00000174720,LARP7,Q4G0J3,S,300,0.745847278804893
39219,ENSG00000107651,SEC23IP,Q9Y6Y8,S,926,0.497031469903279
39221,ENSG00000182541,LIMK2,P53671,S,287,0.474159763192191
39223,ENSG00000198933,TBKBP1,A7MCY6,S,372,0.475946700601035
39224,ENSG00000006468,ETV1,P50549,S,216,0.48267700595053
39225,ENSG00000143476,DTL,Q9NZJ0,S,619,0.31342975886952
39227,ENSG00000157107,FCHO2,Q0JRZ9,S,513,0.273701508630294
39229,ENSG00000101213,PTK6,Q13882,Y,447,0.762714414802046
39230,ENSG00000178075,GRAMD1C,Q8IYS0,S,225,0.15329857605205
39231,ENSG00000143799,PARP1,P09874,S,519,0.264683934987453
39234,ENSG00000103335,PIEZO1,Q92508,S,165,0.227953818816395
39235,ENSG00000172020,GAP43,P17677,S,154,0.312242288314588
39237,ENSG00000170144,HNRNPA3,P51991,S,366,0.464838118579029
39240,ENSG00000163468,CCT3,P49368,S,534,0.373599877357591
39242,ENSG00000072195,SPEG,Q15772,T,375,0.341598397938422
39243,ENSG00000160145,KALRN,O60229,S,1817,0.112708217733923
39244,ENSG00000163872,YEATS2,Q9ULM3,T,132,0.305420426613152
39245,ENSG00000184368,MAP7D2,Q96T17,S,273,0.480637324919428
39246,ENSG00000117020,AKT3,Q9Y243,T,445,0.186147254099664
39250,ENSG00000197136,PCNX3,Q9H6A9,S,1947,0.249339438313908
39252,ENSG00000104738,MCM4,P33991,S,26,0.274837916131683
39254,ENSG00000061938,TNK2,Q07912,Y,827,0.73032055890957
39256,ENSG00000130940,CASZ1,Q86V15,S,57,0.186737659552696
39258,ENSG00000152503,TRIM36,Q9NQ86,S,73,0.128728601920813
39259,ENSG00000140750,ARHGAP17,Q68EM7,S,520,0.174433680531894
39263,ENSG00000152402,GUCY1A2,P33402,S,41,0.199195784033099
39264,ENSG00000025796,SEC63,Q9UGP8,S,488,0.280599232740939
39266,ENSG00000123360,PDE1B,Q01064,S,466,0.446208089202318
39268,ENSG00000153207,AHCTF1,Q8WYP5,T,1210,0.53421708396342
39269,ENSG00000163625,WDFY3,Q8IZQ1,S,970,0.133845349563749
39270,ENSG00000122741,DCAF10,Q5QP82,S,92,0.560591135883552
39271,ENSG00000089041,P2RX7,Q99572,T,449,0.204191259996377
39273,ENSG00000183576,SETD3,Q86TU7,S,513,0.267398848993738
39278,ENSG00000144283,PKP4,Q99569,S,512,0.481705066513171
39281,ENSG00000196504,PRPF40A,O75400,S,832,0.387308658496797
39282,ENSG00000105245,NUMBL,Q9Y6R0,S,224,0.620953209935356
39285,ENSG00000153207,AHCTF1,Q8WYP5,S,1278,0.185577227119141
39286,ENSG00000169564,PCBP1,Q15365,S,246,0.431645594936898
39288,ENSG00000135164,DMTF1,Q9Y222,S,656,0.180673869938283
39289,ENSG00000106443,PHF14,O94880,S,602,0.144336164531818
39291,ENSG00000139354,GAS2L3,Q86XJ1,S,438,0.386503004118411
39294,ENSG00000140577,CRTC3,Q6UUV7,S,368,0.444385437266392
39295,ENSG00000077150,NFKB2,Q00653,S,277,0.325208943918286
39297,ENSG00000160218,TRAPPC10,P48553,S,708,0.438843194603047
39298,ENSG00000137312,FLOT1,O75955,S,385,0.30631444746217
39300,ENSG00000147130,ZMYM3,Q14202,S,186,0.201762251234731
39301,ENSG00000015153,YAF2,Q8IY57,S,149,0.548030743144795
39303,ENSG00000080824,HSP90AA1,P07900,T,708,0.222738536025908
39305,ENSG00000157107,FCHO2,Q0JRZ9,S,493,0.318183503034657
39306,ENSG00000175931,UBE2O,Q9C0C9,S,322,0.21857806091117
39307,ENSG00000022976,ZNF839,A8K0R7,S,348,0.251709839180041
39311,ENSG00000048707,VPS13D,Q5THJ4,T,791,0.123870527429866
39312,ENSG00000164889,SLC4A2,P04920,T,120,0.0897214606506072
39314,ENSG00000140575,IQGAP1,P46940,Y,654,0.47543825065889
39316,ENSG00000018408,WWTR1,Q9GZV5,S,307,0.451369964399643
39317,ENSG00000087053,MTMR2,Q13614,S,6,0.248589410576289
39318,ENSG00000161021,MAML1,Q92585,S,932,0.166431510517915
39319,ENSG00000115306,SPTBN1,Q01082,S,778,0.221061795963262
39322,ENSG00000132153,DHX30,Q7L2E3,S,225,0.297043393502694
39323,ENSG00000196872,KIAA1211L,Q6NV74,S,321,0.104877283074519
39324,ENSG00000087253,LPCAT2,Q7L5N7,S,530,0.499552770392731
39326,ENSG00000089199,CHGB,P05060,S,146,0.171070409484617
39327,ENSG00000105559,PLEKHA4,Q9H4M7,S,552,0.417013126711513
39329,ENSG00000184481,FOXO4,P98177,S,230,0.625258007809049
39331,ENSG00000100266,PACSIN2,Q9UNF0,S,305,0.368008647685017
39332,ENSG00000130052,STARD8,Q92502,S,502,0.162297935515101
39334,ENSG00000185340,GAS2L1,Q99501,T,388,0.409585079195864
39335,ENSG00000198000,NOL8,Q76FK4,S,1098,0.239103836966627
39336,ENSG00000140280,LYSMD2,Q8IV50,S,31,0.476587430067344
39337,ENSG00000197380,DACT3,Q96B18,S,10,0.453014521992821
39338,ENSG00000169398,PTK2,Q05397,S,390,0.407308032356282
39342,ENSG00000055609,KMT2C,Q8NEZ4,S,1225,0.199774468021683
39344,ENSG00000064666,CNN2,Q99439,S,217,0.508926307916095
39346,ENSG00000189337,KAZN,Q674X7,S,332,0.263700071601125
39350,ENSG00000149564,ESAM,Q96AP7,S,339,0.228303209039028
39352,ENSG00000117676,RPS6KA1,Q15418,S,369,0.432039871247627
39355,ENSG00000133083,DCLK1,O15075,S,347,0.301882677574604
39357,ENSG00000067334,DNTTIP2,Q5QJE6,S,148,0.454195421476688
39358,ENSG00000165801,ARHGEF40,Q8TER5,S,961,0.281240705717608
39359,ENSG00000197111,PCBP2,Q15366,T,169,0.133530143674056
39361,ENSG00000101109,STK4,Q13043,S,21,0.204692268371491
39362,ENSG00000047849,MAP4,P27816,S,896,0.176816441393397
39364,ENSG00000107404,DVL1,O14640,S,194,0.219433597874165
39365,ENSG00000198945,L3MBTL3,Q96JM7,S,608,0.491680722605752
39366,ENSG00000137824,RMDN3,Q96TC7,S,46,0.569677810546782
39367,ENSG00000079308,TNS1,Q9HBL0,S,792,0.0547577404624805
39368,ENSG00000140829,DHX38,Q92620,S,513,0.316484674724018
39369,ENSG00000084676,NCOA1,Q15788,S,395,0.375474661748498
39371,ENSG00000116675,DNAJC6,O75061,S,563,0.352891775747422
39372,ENSG00000147164,SNX12,Q9UMY4,S,27,0.316109201454224
39373,ENSG00000151474,FRMD4A,Q9P2Q2,S,667,0.214677057633754
39374,ENSG00000116871,MAP7D1,Q3KQU3,T,455,0.190968230990505
39375,ENSG00000095951,HIVEP1,P15822,S,479,0.365748338251643
39378,ENSG00000153823,PID1,Q7Z2X4,S,236,0.340625875760898
39380,ENSG00000050820,BCAR1,P56945,Y,410,0.909194320234473
39381,ENSG00000163249,CCNYL1,Q8N7R7,S,124,0.359570490382556
39383,ENSG00000112739,PRPF4B,Q13523,S,285,0.23233299624595
39384,ENSG00000258890,CEP95,Q96GE4,S,229,0.126783581301344
39386,ENSG00000141577,CEP131,Q9UPN4,S,221,0.255472678293036
39391,ENSG00000130726,TRIM28,Q13263,S,453,0.238385813473744
39396,ENSG00000168137,SETD5,Q9C0A6,T,855,0.428921525040748
39397,ENSG00000110002,VWA5A,O00534,S,202,0.428605448498696
39398,ENSG00000171992,SYNPO,Q8N3V7,S,702,0.344390315143054
39399,ENSG00000155816,FMN2,Q9NZ56,T,749,0.0512440045101962
39402,ENSG00000149231,CCDC82,Q8N4S0,S,219,0.361539719150408
39403,ENSG00000072121,ZFYVE26,Q68DK2,S,1780,0.257596943632849
39405,ENSG00000102103,PQBP1,O60828,Y,245,0.615307632155543
39406,ENSG00000160007,ARHGAP35,Q9NRY4,S,1130,0.206305135530949
39407,ENSG00000112282,MED23,Q9ULK4,S,1352,0.16001774411187
39409,ENSG00000176994,SMCR8,Q8TEV9,S,468,0.334146196736111
39411,ENSG00000077684,JADE1,Q6IE81,S,703,0.360329665484403
39413,ENSG00000050405,LIMA1,Q9UHB6,S,371,0.318937872073411
39414,ENSG00000115350,POLE4,Q9NR33,S,9,0.156020902567067
39416,ENSG00000065618,COL17A1,Q9UMD9,S,374,0.236706110850626
39417,ENSG00000148426,PROSER2,Q86WR7,S,166,0.342291973851136
39420,ENSG00000109062,SLC9A3R1,O14745,S,299,0.530141973317813
39422,ENSG00000141441,GAREM1,Q9H706,S,610,0.349221201364573
39423,ENSG00000112531,QKI,Q96PU8,S,64,0.340403566521842
39425,ENSG00000141905,NFIC,P08651,S,275,0.363304138344346
39426,ENSG00000152193,RNF219,Q5W0B1,S,570,0.399926154933794
39429,ENSG00000119969,HELLS,Q9NRZ9,S,833,0.373115296977581
39430,ENSG00000050405,LIMA1,Q9UHB6,T,95,0.093899175560125
39438,ENSG00000146410,MTFR2,Q6P444,S,119,0.435581496659937
39439,ENSG00000205581,HMGN1,P05114,S,21,0.647616742639368
39441,ENSG00000133858,ZFC3H1,O60293,S,809,0.287066633115714
39442,ENSG00000133835,HSD17B4,P51659,T,317,0.36826942405951
39443,ENSG00000125779,PANK2,Q9BZ23,S,143,0.239682909837978
39444,ENSG00000164327,RICTOR,Q6R327,T,1332,0.285635360816252
39446,ENSG00000147140,NONO,Q15233,S,209,0.184627349462284
39447,ENSG00000198160,MIER1,Q8N108,S,492,0.37532364917677
39452,ENSG00000122367,LDB3,O75112,S,505,0.11579113680004
39454,ENSG00000157212,PAXIP1,Q6ZW49,S,235,0.214134488032738
39460,ENSG00000173801,JUP,P14923,S,671,0.265870767039868
39462,ENSG00000205250,E2F4,Q16254,S,218,0.204833150822283
39464,ENSG00000073712,FERMT2,Q96AC1,S,332,0.123341085969689
39466,ENSG00000205744,DENND1C,Q8IV53,S,715,0.203295528725324
39467,ENSG00000132613,MTSS1L,Q765P7,S,300,0.253698835589675
39468,ENSG00000103222,ABCC1,P33527,Y,920,0.334847304756077
39469,ENSG00000116128,BCL9,O00512,S,857,0.270154068817126
39470,ENSG00000154309,DISP1,Q96F81,S,1380,0.0959383106149436
39471,ENSG00000170632,ARMC10,Q8N2F6,S,79,0.223561280875113
39472,ENSG00000166923,GREM1,O60565,S,137,0.128549128239608
39473,ENSG00000139970,RTN1,Q16799,S,48,0.247505642287649
39475,ENSG00000198780,FAM169A,Q9Y6X4,S,358,0.362047623662736
39479,ENSG00000074660,SCARF1,Q14162,S,753,0.37614979424565
39480,ENSG00000148840,PPRC1,Q5VV67,S,771,0.0838284439362688
39483,ENSG00000130254,SAFB2,Q14151,S,507,0.229458065185249
39486,ENSG00000167658,EEF2,O00418,S,500,0.501093936048997
39487,ENSG00000196924,FLNA,P21333,T,1288,0.166703021010384
39489,ENSG00000060140,STYK1,Q6J9G0,S,74,0.189086807309768
39490,ENSG00000047849,MAP4,P27816,T,451,0.354087417160376
39491,ENSG00000213694,S1PR3,Q99500,S,335,0.163758390155433
39495,ENSG00000130779,CLIP1,P30622,T,50,0.366883545117473
39497,ENSG00000182952,HMGN4,O00479,S,29,0.680071134498757
39500,ENSG00000187189,TSPYL4,Q9UJ04,S,206,0.113632689056298
39502,ENSG00000115355,CCDC88A,Q3V6T2,S,1561,0.184417229505214
39503,ENSG00000135316,SYNCRIP,O60506,S,587,0.375009091580774
39504,ENSG00000151320,AKAP6,Q13023,S,610,0.112099195942772
39507,ENSG00000050405,LIMA1,Q9UHB6,S,583,0.634609571704335
39508,ENSG00000144711,IQSEC1,Q6DN90,S,262,0.267643069282593
39509,ENSG00000105220,GPI,P06744,T,251,0.244164150151521
39511,ENSG00000100813,ACIN1,Q9UKV3,S,598,0.079686779908496
39512,ENSG00000124942,AHNAK,Q09666,S,283,0.0392229456125508
39514,ENSG00000163939,PBRM1,Q86U86,S,10,0.538491572651651
39515,ENSG00000101940,WDR13,Q9H1Z4,S,86,0.180853316486096
39517,ENSG00000111011,RSRC2,Q7L4I2,S,36,0.172242788986351
39520,ENSG00000136872,ALDOB,P05062,S,276,0.369044889234385
39522,ENSG00000146376,ARHGAP18,Q8N392,S,74,0.138586411913938
39528,ENSG00000069275,NUCKS1,Q9H1E3,S,195,0.13488610402532
39529,ENSG00000196535,MYO18A,Q92614,S,112,0.203691834193452
39530,ENSG00000214944,ARHGEF28,Q8N1W1,S,478,0.2401650395105
39531,ENSG00000071564,TCF3,P15923,S,509,0.300533598254286
39535,ENSG00000105173,CCNE1,P24864,T,395,0.988619013386737
39536,ENSG00000198561,CTNND1,O60716,S,899,0.342168143716268
39537,ENSG00000176531,PHLDB3,Q6NSJ2,S,254,0.253917024863297
39538,ENSG00000097007,ABL1,P00519,T,781,0.281802542933387
39539,ENSG00000131018,SYNE1,Q8NF91,S,8277,0.309292109980892
39541,ENSG00000150457,LATS2,Q9NRM7,S,380,0.245279660503358
39543,ENSG00000133884,DPF2,Q92785,S,391,0.325688277411494
39544,ENSG00000146463,ZMYM4,Q5VZL5,T,107,0.194597338885556
39546,ENSG00000039560,RAI14,Q9P0K7,S,358,0.30984258966214
39547,ENSG00000111961,SASH1,O94885,S,486,0.298053030728628
39548,ENSG00000167625,ZNF526,Q8TF50,S,187,0.376301758117407
39549,ENSG00000160007,ARHGAP35,Q9NRY4,S,589,0.251308483603766
39550,ENSG00000102760,RGCC,Q9H4X1,S,107,0.279763950147051
39555,ENSG00000132549,VPS13B,Q7Z7G8,S,1018,0.220110499659054
39558,ENSG00000067369,TP53BP1,Q12888,S,894,0.277940030189899
39560,ENSG00000127124,HIVEP3,Q5T1R4,S,2255,0.258354970794593
39562,ENSG00000166783,MARF1,Q9Y4F3,S,1571,0.299310469922231
39563,ENSG00000163092,XIRP2,A4UGR9,S,2945,0.376250083395881
39564,ENSG00000155367,PPM1J,Q5JR12,S,76,0.676525081961499
39569,ENSG00000130396,AFDN,P55196,S,561,0.25230998354004
39570,ENSG00000158636,EMSY,Q7Z589,S,516,0.178456078279522
39571,ENSG00000183963,SMTN,P53814,S,503,0.086031151035592
39573,ENSG00000009950,MLXIPL,Q9NP71,S,23,0.314928936084353
39576,ENSG00000113282,CLINT1,Q14677,T,215,0.270879450684706
39577,ENSG00000159314,ARHGAP27,Q6ZUM4,S,84,0.158886158966742
39579,ENSG00000063176,SPHK2,Q9NRA0,S,484,0.400548626269347
39585,ENSG00000132382,MYBBP1A,Q9BQG0,T,1269,0.205161533540316
39586,ENSG00000072195,SPEG,Q15772,S,549,0.279590536435246
39590,ENSG00000111371,SLC38A1,Q9H2H9,S,25,0.331030436564012
39591,ENSG00000158417,EIF5B,O60841,S,222,0.193689916636426
39592,ENSG00000170291,ELP5,Q8TE02,S,268,0.173341478215778
39594,ENSG00000150477,KIAA1328,Q86T90,S,490,0.340095909876717
39595,ENSG00000136603,SKIL,P12757,S,514,0.17493655344192
39596,ENSG00000106346,USP42,Q9H9J4,S,1170,0.16785957115906
39597,ENSG00000015153,YAF2,Q8IY57,S,136,0.477132140610103
39599,ENSG00000197694,SPTAN1,Q13813,S,1041,0.166823029985809
39600,ENSG00000134755,DSC2,Q02487,S,864,0.565290852674996
39602,ENSG00000166004,CEP295,Q9C0D2,S,14,0.190056971809263
39605,ENSG00000166963,MAP1A,P78559,S,500,0.128848405506278
39606,ENSG00000159131,GART,P22102,S,796,0.308725995862849
39608,ENSG00000170776,AKAP13,Q12802,T,350,0.0534315356101184
39611,ENSG00000133961,NUMB,P49757,S,244,0.599305000950816
39612,ENSG00000111252,SH2B3,Q9UQQ2,S,120,0.240365430375111
39613,ENSG00000156599,ZDHHC5,Q9C0B5,S,398,0.577183733933145
39615,ENSG00000178209,PLEC,Q15149,S,4620,0.263733011659291
39618,ENSG00000073282,TP63,Q9H3D4,S,621,0.392240232927783
39620,ENSG00000066455,GOLGA5,Q8TBA6,S,189,0.1766410879235
39621,ENSG00000165175,MID1IP1,Q9NPA3,T,67,0.518602077803173
39626,ENSG00000149532,CPSF7,Q8N684,S,197,0.335457579045323
39627,ENSG00000101624,CEP76,Q8TAP6,S,75,0.101308820023058
39628,ENSG00000069974,RAB27A,P51159,T,207,0.116440749309406
39630,ENSG00000134369,NAV1,Q8NEY1,S,528,0.237480406389887
39631,ENSG00000167522,ANKRD11,Q6UB99,S,1814,0.246575596629172
39632,ENSG00000197106,SLC6A17,Q9H1V8,S,701,0.237960199788203
39635,ENSG00000198561,CTNND1,O60716,Y,228,0.907177345687801
39636,ENSG00000174373,RALGAPA1,Q6GYQ0,T,1002,0.405057683250035
39641,ENSG00000147010,SH3KBP1,Q96B97,S,502,0.344274778092786
39642,ENSG00000171560,FGA,P02671,S,546,0.134701031298005
39644,ENSG00000129515,SNX6,Q9UNH7,S,316,0.465985862706856
39646,ENSG00000163637,PRICKLE2,Q7Z3G6,S,731,0.145246457370506
39647,ENSG00000204209,DAXX,Q9UER7,S,690,0.37993859358485
39648,ENSG00000130749,ZC3H4,Q9UPT8,S,1110,0.241546340231155
39651,ENSG00000095637,SORBS1,Q9BX66,S,665,0.247558370359694
39652,ENSG00000167703,SLC43A2,Q8N370,S,563,0.122653638452406
39655,ENSG00000177352,CCDC71,Q8IV32,S,264,0.236817692520394
39661,ENSG00000065534,MYLK,Q15746,S,1091,0.0752825992435174
39662,ENSG00000148110,MFSD14B,Q5SR56,S,466,0.104640724201538
39665,ENSG00000079950,STX7,O15400,S,137,0.101034740098552
39666,ENSG00000180611,MB21D2,Q8IYB1,S,436,0.360483867616862
39669,ENSG00000169567,HINT1,P49773,S,72,0.185173445373846
39670,ENSG00000173705,SUSD5,O60279,S,105,0.138381630080639
39672,ENSG00000068400,GRIPAP1,Q4V328,S,318,0.0812681837208678
39673,ENSG00000204138,PHACTR4,Q8IZ21,T,246,0.151261331538181
39676,ENSG00000160113,NR2F6,P10588,S,32,0.129483503331966
39678,ENSG00000171853,TRAPPC12,Q8WVT3,T,107,0.385530748578938
39680,ENSG00000197037,ZSCAN25,Q6NSZ9,S,300,0.152854628451866
39681,ENSG00000177733,HNRNPA0,Q13151,S,119,0.205268578756767
39682,ENSG00000111816,FRK,P42685,T,178,0.315010080004367
39691,ENSG00000140374,ETFA,P13804,S,172,0.406548318618668
39692,ENSG00000077522,ACTN2,P35609,T,412,0.151352980188901
39695,ENSG00000164062,APEH,P13798,S,185,0.368941668663397
39696,ENSG00000144824,PHLDB2,Q86SQ0,S,384,0.375811231974756
39700,ENSG00000144028,SNRNP200,O75643,S,457,0.104288746589105
39701,ENSG00000108439,PNPO,Q9NVS9,S,241,0.493722557399582
39702,ENSG00000173175,ADCY5,O95622,S,155,0.172645153879011
39703,ENSG00000072163,LIMS2,Q7Z4I7,S,4,0.145249694086471
39705,ENSG00000185947,ZNF267,Q14586,S,105,0.185305524764536
39706,ENSG00000092010,PSME1,Q06323,S,38,0.134060246758328
39707,ENSG00000070367,EXOC5,O00471,T,122,0.240595645939782
39709,ENSG00000164309,CMYA5,Q8N3K9,S,155,0.31368168411752
39710,ENSG00000101079,NDRG3,Q9UGV2,S,349,0.309427788661239
39711,ENSG00000104881,PPP1R13L,Q8WUF5,S,291,0.430221339496965
39714,ENSG00000198825,INPP5F,Q9Y2H2,S,910,0.117357851405403
39715,ENSG00000137076,TLN1,Q9Y490,S,834,0.0615514657353112
39716,ENSG00000188176,SMTNL2,Q2TAL5,S,129,0.174301614453003
39717,ENSG00000105784,RUNDC3B,Q96NL0,S,233,0.223305135389484
39718,ENSG00000149798,CDC42EP2,O14613,T,137,0.447005093679762
39720,ENSG00000117036,ETV3,P41162,S,245,0.609129440477175
39722,ENSG00000174485,DENND4A,Q7Z401,S,1250,0.0902143438549704
39723,ENSG00000164144,ARFIP1,P53367,S,44,0.414950021459937
39724,ENSG00000019995,ZRANB1,Q9UGI0,S,115,0.247318448435598
39726,ENSG00000110619,CARS,P49589,S,34,0.475576533244878
39727,ENSG00000182809,CRIP2,P52943,T,125,0.275687188009763
39730,ENSG00000148773,MKI67,P46013,T,588,0.269486166285671
39733,ENSG00000198231,DDX42,Q86XP3,S,717,0.23002533702935
39737,ENSG00000168005,SPINDOC,Q9BUA3,S,121,0.267729001245701
39738,ENSG00000125755,SYMPK,Q92797,S,1175,0.381664153021996
39739,ENSG00000177106,EPS8L2,Q9H6S3,S,442,0.107736443898154
39740,ENSG00000145569,FAM105A,Q9NUU6,S,6,0.235318979264835
39741,ENSG00000174106,LEMD3,Q9Y2U8,S,280,0.270452152967792
39744,ENSG00000174437,ATP2A2,P16615,S,580,0.289904498096381
39746,ENSG00000137776,SLTM,Q9NWH9,S,1002,0.397238340821207
39750,ENSG00000196453,ZNF777,Q9ULD5,S,496,0.352858539515512
39751,ENSG00000137145,DENND4C,Q5VZ89,S,973,0.343786373928034
39753,ENSG00000130052,STARD8,Q92502,S,498,0.233096340209527
39757,ENSG00000178607,ERN1,O75460,S,548,0.274959091779874
39759,ENSG00000167676,PLIN4,Q96Q06,Y,621,0.427733937101393
39761,ENSG00000180900,SCRIB,Q14160,S,1298,0.300411157674592
39765,ENSG00000170471,RALGAPB,Q86X10,S,724,0.121039611339291
39766,ENSG00000142546,NOSIP,Q9Y314,T,168,0.472676794834371
39767,ENSG00000155099,PIP4P2,Q8N4L2,S,33,0.46428396274433
39768,ENSG00000149136,SSRP1,Q08945,Y,438,0.373252237810289
39770,ENSG00000135837,CEP350,Q5VT06,S,2839,0.351398850053556
39771,ENSG00000125534,PPDPF,Q9H3Y8,S,28,0.428739295432833
39772,ENSG00000090674,MCOLN1,Q9GZU1,T,34,0.464977971073895
39773,ENSG00000136205,TNS3,Q68CZ2,Y,354,0.816152537568601
39775,ENSG00000067369,TP53BP1,Q12888,T,357,0.0417293825710475
39776,ENSG00000050405,LIMA1,Q9UHB6,S,266,0.272034022304278
39777,ENSG00000144320,LNPK,Q9C0E8,T,179,0.445775471782579
39779,ENSG00000092067,CEBPE,Q15744,S,188,0.600140134646069
39780,ENSG00000186566,GPATCH8,Q9UKJ3,S,1107,0.36035963828759
39781,ENSG00000143614,GATAD2B,Q8WXI9,S,129,0.70126261081193
39782,ENSG00000149115,TNKS1BP1,Q9C0C2,S,1248,0.225645511903204
39783,ENSG00000164144,ARFIP1,P53367,S,69,0.507813100872017
39784,ENSG00000144426,NBEAL1,Q6ZS30,S,734,0.115819221196715
39785,ENSG00000143850,PLEKHA6,Q9Y2H5,S,962,0.0938962119343341
39786,ENSG00000167645,YIF1B,Q5BJH7,T,67,0.423425397745722
39788,ENSG00000187957,DNER,Q8NFT8,S,714,0.551564128176075
39790,ENSG00000198242,RPL23A,P62750,S,43,0.667834442621285
39792,ENSG00000157734,SNX22,Q96L94,S,19,0.311639387686526
39798,ENSG00000162373,BEND5,Q7L4P6,S,53,0.278665474519425
39799,ENSG00000145362,ANK2,Q01484,S,896,0.0651030352999452
39800,ENSG00000156471,PTDSS1,P48651,S,454,0.400242883566576
39801,ENSG00000143393,PI4KB,Q9UBF8,T,263,0.285281111183644
39802,ENSG00000073350,LLGL2,Q6P1M3,S,480,0.167346330381353
39806,ENSG00000197442,MAP3K5,Q99683,S,986,0.363239125295853
39807,ENSG00000112305,SMAP1,Q8IYB5,S,152,0.234386756522692
39810,ENSG00000171316,CHD7,Q9P2D1,S,2255,0.334351951440224
39814,ENSG00000143258,USP21,Q9UK80,S,115,0.345749587728015
39816,ENSG00000174106,LEMD3,Q9Y2U8,T,365,0.168366449618098
39818,ENSG00000196235,SUPT5H,O00267,T,806,0.705226424837465
39819,ENSG00000115524,SF3B1,O75533,S,190,0.451344548284553
39821,ENSG00000163625,WDFY3,Q8IZQ1,S,3326,0.277700462539549
39822,ENSG00000111077,TNS2,Q63HR2,S,916,0.38504551308978
39823,ENSG00000157212,PAXIP1,Q6ZW49,T,267,0.221685978345088
39826,ENSG00000174780,SRP72,O76094,S,524,0.189007314569986
39830,ENSG00000172216,CEBPB,P17676,S,231,0.63686895441479
39833,ENSG00000105085,MED26,O95402,S,535,0.261058066952004
39834,ENSG00000106346,USP42,Q9H9J4,S,432,0.336676523971656
39837,ENSG00000084676,NCOA1,Q15788,S,698,0.436574507182615
39839,ENSG00000139263,LRIG3,Q6UXM1,S,984,0.216350597807312
39840,ENSG00000125637,PSD4,Q8NDX1,S,447,0.0945798533766428
39841,ENSG00000071967,CYBRD1,Q53TN4,S,232,0.302551473459811
39844,ENSG00000141564,RPTOR,Q8N122,T,714,0.325984531201458
39848,ENSG00000118058,KMT2A,Q03164,T,3213,0.271205512541442
39849,ENSG00000088305,DNMT3B,Q9UBC3,S,136,0.306755177559592
39850,ENSG00000118412,CASP8AP2,Q9UKL3,S,942,0.095702805928053
39851,ENSG00000104866,PPP1R37,O75864,S,544,0.236143243355131
39852,ENSG00000167110,GOLGA2,Q08379,S,438,0.10569600450467
39855,ENSG00000197822,OCLN,Q16625,S,302,0.354507679843162
39856,ENSG00000068784,SRBD1,Q8N5C6,S,152,0.0794142990930547
39857,ENSG00000086102,NFX1,Q12986,S,123,0.164858742238346
39858,ENSG00000088038,CNOT3,O75175,T,292,0.432587727167687
39859,ENSG00000118946,PCDH17,O14917,S,1026,0.320181004298963
39860,ENSG00000075539,FRYL,O94915,S,1923,0.316983512218663
39861,ENSG00000105738,SIPA1L3,O60292,T,1542,0.306804162461085
39862,ENSG00000164327,RICTOR,Q6R327,S,1313,0.21109834202531
39863,ENSG00000149115,TNKS1BP1,Q9C0C2,T,578,0.0963946402302299
39865,ENSG00000215114,UBXN2B,Q14CS0,S,66,0.543514138572667
39866,ENSG00000164867,NOS3,P29474,S,57,0.148486679344891
39867,ENSG00000158856,DMTN,Q08495,S,11,0.595585377394664
39869,ENSG00000205476,CCDC85C,A6NKD9,S,246,0.357230015215097
39870,ENSG00000127445,PIN1,O14828,S,41,0.690034321993196
39872,ENSG00000167548,KMT2D,O14686,S,2296,0.286416947403876
39874,ENSG00000185950,IRS2,Q9Y4H2,T,779,0.442567823304668
39875,ENSG00000163995,ABLIM2,Q6H8Q1,S,285,0.16775026332975
39876,ENSG00000116128,BCL9,O00512,S,291,0.299207682159782
39879,ENSG00000134532,SOX5,P35711,S,414,0.532695864967941
39880,ENSG00000072778,ACADVL,P49748,S,590,0.199877883315837
39881,ENSG00000105202,FBL,P22087,S,126,0.352204227038471
39882,ENSG00000119508,NR4A3,Q92570,S,380,0.525206480015715
39884,ENSG00000177600,RPLP2,P05387,S,44,0.109929741410237
39888,ENSG00000165819,METTL3,Q86U44,S,350,0.526842583707294
39889,ENSG00000180329,CCDC43,Q96MW1,S,151,0.270084460256037
39890,ENSG00000173517,PEAK1,Q9H792,T,852,0.292551445124443
39891,ENSG00000158636,EMSY,Q7Z589,S,211,0.266387315177644
39893,ENSG00000111667,USP5,P45974,S,787,0.220422656133961
39894,ENSG00000131711,MAP1B,P46821,S,1816,0.166299551302068
39895,ENSG00000186212,SOWAHB,A6NEL2,S,509,0.27824892315594
39898,ENSG00000072778,ACADVL,P49748,S,522,0.299379534216461
39899,ENSG00000116128,BCL9,O00512,S,107,0.269153440416244
39902,ENSG00000099204,ABLIM1,O14639,S,363,0.375728332049719
39904,ENSG00000184524,CEND1,Q8N111,S,9,0.18042142450572
39905,ENSG00000079819,EPB41L2,O43491,S,55,0.434009066694
39906,ENSG00000187514,PTMA,P06454,S,2,0.577550959779854
39907,ENSG00000198961,PJA2,O43164,S,88,0.117000553137002
39908,ENSG00000173744,AGFG1,P52594,T,170,0.460357738587859
39909,ENSG00000106948,AKNA,Q7Z591,S,534,0.318473953127471
39912,ENSG00000137145,DENND4C,Q5VZ89,T,1209,0.0697449135407846
39914,ENSG00000187672,ERC2,O15083,S,14,0.41419871908838
39916,ENSG00000164209,SLC25A46,Q96AG3,S,61,0.256949941632745
39917,ENSG00000085872,CHERP,Q8IWX8,S,857,0.222581372141441
39918,ENSG00000130939,UBE4B,O95155,S,31,0.499125678799165
39919,ENSG00000127831,VIL1,P09327,S,366,0.251963404369505
39920,ENSG00000143190,POU2F1,P14859,S,370,0.468219451133612
39924,ENSG00000162105,SHANK2,Q9UPX8,S,967,0.0630118891017587
39926,ENSG00000174373,RALGAPA1,Q6GYQ0,S,371,0.177546894517262
39927,ENSG00000176046,NUPR1,O60356,S,58,0.458459178254961
39928,ENSG00000137161,CNPY3,Q9BT09,S,257,0.230261248776778
39929,ENSG00000136068,FLNB,O75369,Y,1687,0.327252472380261
39930,ENSG00000180488,MIGA1,Q8NAN2,S,147,0.214780058055765
39932,ENSG00000187866,FAM122A,Q96E09,S,143,0.532848889905312
39933,ENSG00000213672,NCKIPSD,Q9NZQ3,T,118,0.124751122659761
39935,ENSG00000197136,PCNX3,Q9H6A9,S,2023,0.139840982898552
39936,ENSG00000140280,LYSMD2,Q8IV50,S,29,0.387788213231359
39938,ENSG00000105618,PRPF31,Q8WWY3,T,448,0.391405653979919
39939,ENSG00000074047,GLI2,P10070,S,252,0.29339876100394
39941,ENSG00000147649,MTDH,Q86UE4,S,146,0.365099507914576
39944,ENSG00000272886,DCP1A,Q9NPI6,S,142,0.302668197216518
39945,ENSG00000173230,GOLGB1,Q14789,S,1567,0.0792645732956188
39946,ENSG00000034510,TMSB10,P63313,S,44,0.331399281183187
39948,ENSG00000139718,SETD1B,Q9UPS6,S,1283,0.289418051869047
39950,ENSG00000141736,ERBB2,P04626,S,1107,0.385686459844067
39952,ENSG00000185697,MYBL1,P10243,S,458,0.258136007214315
39953,ENSG00000137770,CTDSPL2,Q05D32,S,134,0.583813326002878
39956,ENSG00000180776,ZDHHC20,Q5W0Z9,S,328,0.355437179005351
39957,ENSG00000136546,SCN7A,Q01118,S,843,0.140674894707405
39959,ENSG00000147642,SYBU,Q9NX95,S,94,0.393129551508679
39963,ENSG00000131711,MAP1B,P46821,S,25,0.20945969031932
39964,ENSG00000137944,KYAT3,Q6YP21,S,76,0.185743933860209
39966,ENSG00000133961,NUMB,P49757,T,636,0.382979893300672
39967,ENSG00000114439,BBX,Q8WY36,T,568,0.281945773135057
39968,ENSG00000129675,ARHGEF6,Q15052,S,565,0.355729119552379
39970,ENSG00000168653,NDUFS5,O43920,T,93,0.192203618706541
39971,ENSG00000140836,ZFHX3,Q15911,S,2900,0.154680968331003
39972,ENSG00000141002,TCF25,Q9BQ70,S,81,0.154483683848552
39973,ENSG00000204469,PRRC2A,P48634,S,759,0.320485389780439
39976,ENSG00000084710,EFR3B,Q9Y2G0,S,216,0.276252631058934
39979,ENSG00000107957,SH3PXD2A,Q5TCZ1,S,820,0.183840256275017
39980,ENSG00000185049,NELFA,Q9H3P2,S,330,0.108244757872716
39981,ENSG00000162104,ADCY9,O60503,S,610,0.236864434339955
39982,ENSG00000055609,KMT2C,Q8NEZ4,S,1228,0.179906617800085
39983,ENSG00000160062,ZBTB8A,Q96BR9,S,167,0.413603232913227
39987,ENSG00000163161,ERCC3,P19447,S,686,0.151786895327465
39989,ENSG00000129173,E2F8,A0AVK6,S,358,0.389225514396208
39990,ENSG00000085224,ATRX,P46100,T,102,0.0644601330481901
39991,ENSG00000133639,BTG1,P62324,T,158,0.159930411789579
39993,ENSG00000136059,VILL,O15195,T,238,0.231817523700946
39994,ENSG00000168137,SETD5,Q9C0A6,S,865,0.377749660776795
39995,ENSG00000103404,USP31,Q70CQ4,S,54,0.268409410918314
39996,ENSG00000161929,SCIMP,Q6UWF3,S,76,0.155043597534783
39998,ENSG00000146776,ATXN7L1,Q9ULK2,S,134,0.447565565843717
40002,ENSG00000079950,STX7,O15400,S,205,0.209708230504953
40003,ENSG00000142765,SYTL1,Q8IYJ3,S,216,0.249185901829006
40005,ENSG00000186994,KANK3,Q6NY19,S,167,0.324347200875311
40008,ENSG00000169251,NMD3,Q96D46,T,433,0.489707104746791
40011,ENSG00000178385,PLEKHM3,Q6ZWE6,S,132,0.625258303566428
40012,ENSG00000148019,CEP78,Q5JTW2,S,644,0.363499122273671
40013,ENSG00000104714,ERICH1,Q86X53,T,259,0.147327369979752
40015,ENSG00000079482,OPHN1,O60890,S,652,0.406065279618972
40016,ENSG00000057704,TMCC3,Q9ULS5,S,36,0.201535036830637
40017,ENSG00000169727,GPS1,Q13098,S,240,0.547726089456431
40022,ENSG00000105357,MYH14,Q7Z406,S,1980,0.187918655489625
40023,ENSG00000162636,FAM102B,Q5T8I3,S,320,0.53141380957845
40024,ENSG00000144366,GULP1,Q9UBP9,S,206,0.111786795802725
40026,ENSG00000094631,HDAC6,Q9UBN7,S,16,0.289343880222611
40028,ENSG00000124659,TBCC,Q15814,S,80,0.240516865138807
40030,ENSG00000172493,AFF1,P51825,S,620,0.146814838089981
40031,ENSG00000165671,NSD1,Q96L73,S,760,0.0722223334345163
40032,ENSG00000174600,CMKLR1,Q99788,T,342,0.386134047597136
40034,ENSG00000125414,MYH2,Q9UKX2,S,1308,0.208622731823825
40035,ENSG00000079313,REXO1,Q8N1G1,S,287,0.31836945881532
40036,ENSG00000118596,SLC16A7,O60669,S,469,0.410896749666025
40039,ENSG00000196367,TRRAP,Q9Y4A5,S,2054,0.421401811939874
40040,ENSG00000104897,SF3A2,Q15428,S,13,0.279287456390265
40041,ENSG00000093000,NUP50,Q9UKX7,S,52,0.356418317045615
40044,ENSG00000092439,TRPM7,Q96QT4,S,1527,0.271800930930671
40045,ENSG00000136628,EPRS,P07814,S,688,0.417956329278744
40047,ENSG00000139436,GIT2,Q14161,T,401,0.444010873618222
40049,ENSG00000164830,OXR1,Q8N573,S,354,0.310706191592129
40051,ENSG00000169994,MYO7B,Q6PIF6,S,1582,0.579822914627171
40052,ENSG00000155629,PIK3AP1,Q6ZUJ8,S,149,0.249822999215733
40054,ENSG00000075539,FRYL,O94915,S,2553,0.132279142371038
40055,ENSG00000172935,MRGPRF,Q96AM1,T,327,0.183275353101058
40056,ENSG00000006607,FARP2,O94887,S,401,0.206147329113113
40057,ENSG00000104450,SPAG1,Q07617,S,565,0.145416783373099
40058,ENSG00000168488,ATXN2L,Q8WWM7,S,32,0.382522406646415
40060,ENSG00000112877,CEP72,Q9P209,S,404,0.385737315381213
40061,ENSG00000100813,ACIN1,Q9UKV3,S,661,0.190812794622434
40062,ENSG00000100888,CHD8,Q9HCK8,S,1679,0.133437278610307
40066,ENSG00000162430,SELENON,Q9NZV5,S,13,0.274823747946307
40067,ENSG00000167880,EVPL,Q92817,S,23,0.302570085422318
40069,ENSG00000215301,DDX3X,O00571,S,591,0.317370194261336
40070,ENSG00000155846,PPARGC1B,Q86YN6,S,384,0.222771035762034
40072,ENSG00000151748,SAV1,Q9H4B6,T,76,0.455454780962835
40075,ENSG00000077235,GTF3C1,Q12789,S,1062,0.395566019281699
40076,ENSG00000055917,PUM2,Q8TB72,S,178,0.425727871321646
40079,ENSG00000120913,PDLIM2,Q96JY6,S,154,0.335132562719601
40080,ENSG00000113645,WWC1,Q8IX03,S,834,0.143433430522694
40084,ENSG00000198780,FAM169A,Q9Y6X4,S,635,0.504587530105219
40085,ENSG00000078668,VDAC3,Q9Y277,S,55,0.141920653783922
40086,ENSG00000131023,LATS1,O95835,T,262,0.432863467808703
40088,ENSG00000059145,UNKL,Q9H9P5,S,15,0.284669608652415
40092,ENSG00000187479,C11orf96,Q7Z7L8,S,425,0.472751702261907
40093,ENSG00000196684,HSH2D,Q96JZ2,S,276,0.172092846831984
40094,ENSG00000061273,HDAC7,Q8WUI4,T,286,0.46921192956143
40097,ENSG00000167100,SAMD14,Q8IZD0,S,64,0.155959393400177
40098,ENSG00000120334,CENPL,Q8N0S6,S,53,0.434399521081679
40101,ENSG00000111554,MDM1,Q8TC05,S,584,0.513235388675196
40103,ENSG00000148291,SURF2,Q15527,S,166,0.182673656612829
40105,ENSG00000123636,BAZ2B,Q9UIF8,S,1594,0.143010741770033
40107,ENSG00000166598,HSP90B1,P14625,S,169,0.45395911820717
40109,ENSG00000134313,KIDINS220,Q9ULH0,S,1631,0.212041655386506
40110,ENSG00000111371,SLC38A1,Q9H2H9,S,56,0.501770565734284
40112,ENSG00000110344,UBE4A,Q14139,S,74,0.336047684017478
40114,ENSG00000105176,URI1,O94763,S,243,0.398436329934848
40117,ENSG00000119242,CCDC92,Q53HC0,S,179,0.488500202101578
40121,ENSG00000147010,SH3KBP1,Q96B97,S,193,0.274911906795997
40122,ENSG00000181826,RELL1,Q8IUW5,S,109,0.467562828812479
40123,ENSG00000114738,MAPKAPK3,Q16644,T,201,0.963094874070214
40128,ENSG00000151612,ZNF827,Q17R98,S,965,0.270608447676196
40130,ENSG00000067113,PLPP1,O14494,T,266,0.300968710109885
40131,ENSG00000169047,IRS1,P35568,T,530,0.283385299060272
40133,ENSG00000124203,ZNF831,Q5JPB2,S,439,0.174131312694454
40134,ENSG00000155393,HEATR3,Q7Z4Q2,T,31,0.158311666634357
40136,ENSG00000151320,AKAP6,Q13023,S,481,0.0714827110611147
40138,ENSG00000009413,REV3L,O60673,S,2171,0.128879838652876
40139,ENSG00000037637,FBXO42,Q6P3S6,S,373,0.45239197005363
40141,ENSG00000151746,BICD1,Q96G01,S,593,0.374940816706794
40142,ENSG00000171564,FGB,P02675,S,67,0.186932878214659
40143,ENSG00000166250,CLMP,Q9H6B4,T,320,0.30027361072662
40145,ENSG00000077157,PPP1R12B,O60237,S,504,0.231817962141997
40147,ENSG00000134982,APC,O75971,S,98,0.500103198329333
40150,ENSG00000183624,HMCES,Q96FZ2,S,322,0.426592271333447
40151,ENSG00000138434,SSFA2,P28290,S,1175,0.250983640269079
40154,ENSG00000141425,RPRD1A,Q96P16,S,285,0.419927601308481
40155,ENSG00000130675,MNX1,P50219,S,79,0.621311243479357
40156,ENSG00000122367,LDB3,O75112,T,132,0.223879524770477
40157,ENSG00000177463,NR2C2,P49116,T,224,0.495166019557699
40158,ENSG00000120549,KIAA1217,Q5T5P2,S,1461,0.258464226399242
40159,ENSG00000143442,POGZ,Q7Z3K3,T,439,0.318009244665687
40160,ENSG00000135541,AHI1,Q8N157,S,1127,0.354243079153389
40161,ENSG00000163125,RPRD2,Q5VT52,S,1021,0.315284539383806
40162,ENSG00000166348,USP54,Q70EL1,S,1189,0.0479784098349413
40164,ENSG00000140829,DHX38,Q92620,T,117,0.299318759063481
40166,ENSG00000198231,DDX42,Q86XP3,S,751,0.405649110953072
40168,ENSG00000006432,MAP3K9,P80192,S,533,0.400557315881805
40170,ENSG00000177034,MTX3,Q5HYI7,S,284,0.448959471605639
40172,ENSG00000101150,TPD52L2,O43399,S,134,0.432234460785362
40175,ENSG00000105072,C19orf44,Q9H6X5,S,375,0.101748269620085
40177,ENSG00000141027,NCOR1,O75376,S,2335,0.399309075703646
40178,ENSG00000066739,ATG2B,Q96BY7,S,1018,0.312929159754774
40179,ENSG00000069869,NEDD4,P46934,S,670,0.420538864112446
40180,ENSG00000007545,CRAMP1,Q96RY5,S,27,0.181082852830105
40181,ENSG00000143801,PSEN2,P49810,S,25,0.594420951283749
40183,ENSG00000136848,DAB2IP,Q5VWQ8,S,728,0.379592912853491
40186,ENSG00000102109,PCSK1N,Q9UHG2,S,44,0.221517010106898
40187,ENSG00000100139,MICALL1,Q8N3F8,S,538,0.200995703767871
40188,ENSG00000109079,TNFAIP1,Q13829,S,278,0.473638065856809
40189,ENSG00000130684,ZNF337,Q9Y3M9,S,148,0.266018326459904
40191,ENSG00000137843,PAK6,Q9NQU5,S,113,0.497313504130001
40194,ENSG00000104147,OIP5,O43482,S,225,0.394231814917966
40196,ENSG00000095951,HIVEP1,P15822,S,1213,0.090749393064559
40198,ENSG00000164081,TEX264,Q9Y6I9,S,272,0.163570955993029
40200,ENSG00000117523,PRRC2C,Q9Y520,S,189,0.19564623265488
40201,ENSG00000128298,BAIAP2L2,Q6UXY1,S,302,0.123553420205144
40202,ENSG00000115183,TANC1,Q9C0D5,S,207,0.310245817988775
40203,ENSG00000181163,NPM1,P06748,S,4,0.664284114807287
40205,ENSG00000099625,CBARP,Q8N350,S,200,0.197744314781435
40206,ENSG00000181404,WASHC1,A8K0Z3,S,345,0.441886140982635
40208,ENSG00000141568,FOXK2,Q01167,S,239,0.489875595716936
40211,ENSG00000102699,PARP4,Q9UKK3,S,1491,0.035118473023509
40212,ENSG00000124507,PACSIN1,Q9BY11,S,349,0.135156558424184
40214,ENSG00000168488,ATXN2L,Q8WWM7,T,31,0.280049356600189
40215,ENSG00000205531,NAP1L4,Q99733,S,304,0.512069938605352
40216,ENSG00000141298,SSH2,Q76I76,S,36,0.26098878876634
40218,ENSG00000120451,SNX19,Q92543,S,737,0.128884738284131
40219,ENSG00000075218,GTSE1,Q9NYZ3,S,345,0.238755706401413
40220,ENSG00000048707,VPS13D,Q5THJ4,S,1027,0.171785898995
40221,ENSG00000136848,DAB2IP,Q5VWQ8,S,1140,0.331787526915044
40225,ENSG00000160688,FLAD1,Q8NFF5,S,563,0.405497553045916
40226,ENSG00000136861,CDK5RAP2,Q96SN8,S,1020,0.234002541933002
40228,ENSG00000174485,DENND4A,Q7Z401,T,1197,0.310332345711573
40229,ENSG00000146674,IGFBP3,P17936,S,145,0.409380003212875
40230,ENSG00000071967,CYBRD1,Q53TN4,S,266,0.129584584751945
40231,ENSG00000275835,TUBGCP5,Q96RT8,S,182,0.320182713888439
40234,ENSG00000044090,CUL7,Q14999,S,1129,0.186445992322436
40237,ENSG00000085433,WDR47,O94967,S,396,0.0968433575931245
40239,ENSG00000113161,HMGCR,P04035,S,504,0.488184467590869
40240,ENSG00000111676,ATN1,P54259,S,39,0.200036385862372
40241,ENSG00000070081,NUCB2,P80303,Y,169,0.382208929282931
40243,ENSG00000100364,KIAA0930,Q6ICG6,S,276,0.407503854595393
40244,ENSG00000007520,TSR3,Q9UJK0,S,228,0.222641667947018
40247,ENSG00000161714,PLCD3,Q8N3E9,S,39,0.0879064378139449
40250,ENSG00000119042,SATB2,Q9UPW6,S,13,0.603007093093092
40251,ENSG00000115935,WIPF1,O43516,S,342,0.115675617855695
40252,ENSG00000120318,ARAP3,Q8WWN8,S,1338,0.142427437380925
40253,ENSG00000115306,SPTBN1,Q01082,S,1555,0.0679706719161743
40254,ENSG00000107159,CA9,Q16790,S,102,0.191785966403813
40255,ENSG00000169682,SPNS1,Q9H2V7,S,505,0.130451859540099
40256,ENSG00000099625,CBARP,Q8N350,S,378,0.261893241620553
40263,ENSG00000140320,BAHD1,Q8TBE0,S,679,0.176177013697802
40264,ENSG00000132510,KDM6B,O15054,T,637,0.255577437138792
40265,ENSG00000275342,PRAG1,Q86YV5,S,759,0.0996419481065619
40266,ENSG00000204128,C2orf72,A6NCS6,S,294,0.131882519522061
40267,ENSG00000168071,CCDC88B,A6NC98,S,1380,0.101725727794886
40268,ENSG00000155816,FMN2,Q9NZ56,S,400,0.284315447963176
40269,ENSG00000084112,SSH1,Q8WYL5,S,910,0.250803751648773
40273,ENSG00000135111,TBX3,O15119,S,705,0.194628793955873
40274,ENSG00000116786,PLEKHM2,Q8IWE5,S,327,0.222235178604906
40275,ENSG00000162409,PRKAA2,P54646,S,344,0.364417445512977
40277,ENSG00000126767,ELK1,P19419,S,304,0.412599665845133
40278,ENSG00000126934,MAP2K2,P36507,S,76,0.217012542652632
40280,ENSG00000188559,RALGAPA2,Q2PPJ7,S,1593,0.230041010017249
40281,ENSG00000147642,SYBU,Q9NX95,S,195,0.587958373309732
40283,ENSG00000023287,RB1CC1,Q8TDY2,S,261,0.278132446622558
40285,ENSG00000171634,BPTF,Q12830,S,1251,0.238830060787652
40288,ENSG00000115977,AAK1,Q2M2I8,S,21,0.284516481933403
40290,ENSG00000007384,RHBDF1,Q96CC6,S,51,0.620042632284844
40293,ENSG00000171163,ZNF692,Q9BU19,S,251,0.219035166409625
40294,ENSG00000164715,LMTK2,Q8IWU2,S,617,0.111748720999231
40295,ENSG00000100425,BRD1,O95696,S,1055,0.381225846602768
40297,ENSG00000275066,SYNRG,Q9UMZ2,S,475,0.195464609184575
40298,ENSG00000132952,USPL1,Q5W0Q7,S,200,0.144642101115154
40299,ENSG00000089048,ESF1,Q9H501,S,313,0.488101330134603
40301,ENSG00000146648,EGFR,P00533,Y,1016,0.945125282512008
40303,ENSG00000149115,TNKS1BP1,Q9C0C2,S,494,0.338390140855128
40304,ENSG00000174485,DENND4A,Q7Z401,S,1303,0.081199720084585
40305,ENSG00000114541,FRMD4B,Q9Y2L6,S,662,0.363366222759252
40307,ENSG00000124067,SLC12A4,Q9UP95,S,88,0.271859488984235
40308,ENSG00000170390,DCLK2,Q8N568,S,344,0.541040258177698
40309,ENSG00000131626,PPFIA1,Q13136,S,530,0.215620990279713
40311,ENSG00000148468,FAM171A1,Q5VUB5,T,421,0.311205849411546
40312,ENSG00000107554,DNMBP,Q6XZF7,S,458,0.0947898247705056
40313,ENSG00000135365,PHF21A,Q96BD5,S,447,0.502971955416984
40315,ENSG00000126777,KTN1,Q86UP2,S,906,0.109173076519477
40318,ENSG00000136295,TTYH3,Q9C0H2,S,519,0.511225707413721
40319,ENSG00000253729,PRKDC,P78527,S,314,0.162871730466818
40320,ENSG00000228300,C19orf24,Q9BVV8,T,113,0.305977696103051
40321,ENSG00000140750,ARHGAP17,Q68EM7,S,610,0.207815683924333
40324,ENSG00000083844,ZNF264,O43296,S,150,0.430871807207394
40325,ENSG00000083290,ULK2,Q8IYT8,S,528,0.263965507726097
40326,ENSG00000166341,DCHS1,Q96JQ0,S,3031,0.188601069308132
40329,ENSG00000101076,HNF4A,P41235,S,436,0.598784137904738
40331,ENSG00000184363,PKP3,Q9Y446,S,208,0.244893521249555
40332,ENSG00000164879,CA3,P07451,S,50,0.289782798082015
40333,ENSG00000162869,PPP1R21,Q6ZMI0,S,93,0.122217135150155
40336,ENSG00000171777,RASGRP4,Q8TDF6,S,184,0.28236463477857
40337,ENSG00000146830,GIGYF1,O75420,S,862,0.47988692690523
40338,ENSG00000171467,ZNF318,Q5VUA4,S,1971,0.304430467658579
40345,ENSG00000168014,C2CD3,Q4AC94,S,2099,0.113663931361276
40347,ENSG00000166439,RNF169,Q8NCN4,S,644,0.365491736007767
40348,ENSG00000163092,XIRP2,A4UGR9,S,497,0.181903123430904
40352,ENSG00000124766,SOX4,Q06945,S,136,0.343804994591439
40353,ENSG00000083642,PDS5B,Q9NTI5,S,1257,0.427373743791666
40358,ENSG00000118640,VAMP8,Q9BV40,T,54,0.575100395898184
40359,ENSG00000089639,GMIP,Q9P107,S,886,0.120692832607416
40362,ENSG00000154310,TNIK,Q9UKE5,S,572,0.142101527097491
40363,ENSG00000074590,NUAK1,O60285,T,414,0.0903378520207856
40364,ENSG00000103257,SLC7A5,Q01650,S,35,0.351470396979151
40370,ENSG00000250423,KIAA1210,Q9ULL0,S,915,0.126765852956939
40371,ENSG00000138688,KIAA1109,Q2LD37,S,4539,0.0513909644914104
40377,ENSG00000151150,ANK3,Q12955,S,4350,0.214981090932693
40381,ENSG00000143479,DYRK3,O43781,Y,369,0.619814878703561
40382,ENSG00000067369,TP53BP1,Q12888,S,349,0.125695168415763
40383,ENSG00000167258,CDK12,Q9NYV4,S,32,0.244824506727206
40385,ENSG00000130701,RBBP8NL,Q8NC74,S,190,0.279330351685183
40392,ENSG00000145555,MYO10,Q9HD67,S,1148,0.331237725469079
40395,ENSG00000159733,ZFYVE28,Q9HCC9,S,394,0.472591098029941
40397,ENSG00000186638,KIF24,Q5T7B8,S,574,0.297863332196909
40399,ENSG00000167183,PRR15L,Q9BU68,S,73,0.294311551442473
40400,ENSG00000060237,WNK1,Q9H4A3,S,11,0.152042752005819
40401,ENSG00000142534,RPS11,P62280,S,67,0.427739578403952
40402,ENSG00000135298,ADGRB3,O60242,S,1417,0.410172895615538
40403,ENSG00000113282,CLINT1,Q14677,T,284,0.078166943557917
40407,ENSG00000135974,C2orf49,Q9BVC5,S,150,0.459963016503034
40410,ENSG00000135905,DOCK10,Q96BY6,T,1231,0.0640936509227647
40411,ENSG00000109458,GAB1,Q13480,S,206,0.212557465293424
40413,ENSG00000099331,MYO9B,Q13459,S,1325,0.0630372931941845
40415,ENSG00000061273,HDAC7,Q8WUI4,S,464,0.287233899456216
40419,ENSG00000146063,TRIM41,Q8WV44,S,571,0.461061844682288
40422,ENSG00000131620,ANO1,Q5XXA6,S,196,0.251855766444251
40423,ENSG00000114867,EIF4G1,Q04637,S,1097,0.225521442028545
40424,ENSG00000157978,LDLRAP1,Q5SW96,S,186,0.410045007743202
40426,ENSG00000075151,EIF4G3,O43432,S,304,0.0616549924833699
40427,ENSG00000008128,CDK11A,Q9UQ88,Y,582,0.54698159422832
40428,ENSG00000135905,DOCK10,Q96BY6,S,1236,0.239767078744859
40432,ENSG00000148516,ZEB1,P37275,S,317,0.22014034740826
40433,ENSG00000130429,ARPC1B,O15143,S,336,0.312686656663155
40434,ENSG00000132688,NES,P48681,T,845,0.221094764473994
40436,ENSG00000176208,ATAD5,Q96QE3,S,356,0.254686349385737
40438,ENSG00000169129,AFAP1L2,Q8N4X5,S,408,0.332832866811791
40440,ENSG00000198945,L3MBTL3,Q96JM7,S,624,0.267410325726422
40442,ENSG00000107957,SH3PXD2A,Q5TCZ1,S,544,0.185564653446651
40444,ENSG00000268104,SLC6A14,Q9UN76,S,22,0.115930145983165
40446,ENSG00000156030,ELMSAN1,Q6PJG2,S,700,0.471113041137083
40447,ENSG00000171055,FEZ2,Q9UHY8,S,217,0.533421595833283
40448,ENSG00000142655,PEX14,O75381,S,247,0.203760506633864
40449,ENSG00000181722,ZBTB20,Q9HC78,S,225,0.184741841662058
40450,ENSG00000171467,ZNF318,Q5VUA4,S,670,0.136138463275057
40453,ENSG00000119866,BCL11A,Q9H165,S,332,0.513341115856454
40456,ENSG00000165886,UBTD1,Q9HAC8,S,164,0.164149406771552
40457,ENSG00000134369,NAV1,Q8NEY1,S,1265,0.309689490422468
40458,ENSG00000113845,TIMMDC1,Q9NPL8,S,253,0.309503558411811
40459,ENSG00000100292,HMOX1,P09601,S,241,0.220310878503561
40462,ENSG00000107929,LARP4B,Q92615,S,526,0.373613166140615
40464,ENSG00000009950,MLXIPL,Q9NP71,S,631,0.204354002641128
40465,ENSG00000126822,PLEKHG3,A1L390,S,1011,0.301374664541973
40468,ENSG00000105662,CRTC1,Q6UUV9,S,73,0.114791040521377
40469,ENSG00000178075,GRAMD1C,Q8IYS0,S,531,0.146425294306353
40470,ENSG00000004897,CDC27,P30260,S,369,0.320066405501352
40471,ENSG00000116830,TTF2,Q9UNY4,S,368,0.193414609247466
40475,ENSG00000183723,CMTM4,Q8IZR5,S,199,0.167859860273617
40477,ENSG00000112297,CRYBG1,Q9Y4K1,T,524,0.241720703043352
40478,ENSG00000168646,AXIN2,Q9Y2T1,S,244,0.154777665106086
40479,ENSG00000138771,SHROOM3,Q8TF72,S,1135,0.0512028413968274
40480,ENSG00000198947,DMD,P11532,T,3609,0.0474797229421148
40481,ENSG00000197323,TRIM33,Q9UPN9,S,622,0.264411687299418
40482,ENSG00000167106,FAM102A,Q5T9C2,S,227,0.220413108416281
40483,ENSG00000132694,ARHGEF11,O15085,S,658,0.256175399887466
40484,ENSG00000064651,SLC12A2,P55011,T,986,0.173211415246098
40485,ENSG00000111816,FRK,P42685,S,92,0.403604912869616
40487,ENSG00000069248,NUP133,Q8WUM0,S,501,0.092255202790825
40488,ENSG00000197555,SIPA1L1,O43166,S,1568,0.506742103304694
40489,ENSG00000170776,AKAP13,Q12802,S,1857,0.142730071663366
40490,ENSG00000196141,SPATS2L,Q9NUQ6,S,120,0.344613753803524
40492,ENSG00000102181,CD99L2,Q8TCZ2,T,245,0.338095690651147
40493,ENSG00000107140,TESK1,Q15569,S,441,0.614270368290732
40494,ENSG00000126003,PLAGL2,Q9UPG8,S,273,0.503095861788835
40495,ENSG00000137770,CTDSPL2,Q05D32,S,12,0.24537400327468
40502,ENSG00000164040,PGRMC2,O15173,S,90,0.493585920876664
40503,ENSG00000133477,FAM83F,Q8NEG4,S,61,0.218258999689739
40505,ENSG00000133835,HSD17B4,P51659,S,198,0.137382619649002
40507,ENSG00000130158,DOCK6,Q96HP0,S,2041,0.232722194008658
40509,ENSG00000074660,SCARF1,Q14162,S,610,0.116313945926718
40515,ENSG00000196544,BORCS6,Q96GS4,S,199,0.521782444469939
40516,ENSG00000136636,KCTD3,Q9Y597,S,738,0.14206799060278
40517,ENSG00000120549,KIAA1217,Q5T5P2,S,1245,0.0660147850157985
40518,ENSG00000177200,CHD9,Q3L8U1,S,2059,0.247591733705434
40520,ENSG00000149115,TNKS1BP1,Q9C0C2,S,695,0.180395992121163
40521,ENSG00000072195,SPEG,Q15772,S,2933,0.241207943625798
40522,ENSG00000118762,PKD2,Q13563,S,795,0.29929848789604
40523,ENSG00000108798,ABI3,Q9P2A4,S,161,0.11398016198885
40526,ENSG00000166925,TSC22D4,Q9Y3Q8,S,189,0.206549138168415
40529,ENSG00000088387,DOCK9,Q9BZ29,S,1252,0.235768611245793
40532,ENSG00000132854,KANK4,Q5T7N3,S,92,0.221590508388153
40535,ENSG00000174373,RALGAPA1,Q6GYQ0,S,1000,0.335353139548681
40536,ENSG00000178409,BEND3,Q5T5X7,T,124,0.354140730886246
40537,ENSG00000112297,CRYBG1,Q9Y4K1,S,19,0.21713503395561
40538,ENSG00000217128,FNIP1,Q8TF40,S,292,0.357347335118006
40539,ENSG00000132604,TERF2,Q15554,S,412,0.122047960329481
40541,ENSG00000111252,SH2B3,Q9UQQ2,S,511,0.223649940156914
40542,ENSG00000119318,RAD23B,P54727,S,168,0.0999344530303232
40543,ENSG00000147548,NSD3,Q9BZ95,S,424,0.294490923073837
40544,ENSG00000146648,EGFR,P00533,S,1153,0.321353866780709
40547,ENSG00000111859,NEDD9,Q14511,S,298,0.317690329847282
40552,ENSG00000169057,MECP2,P51608,T,160,0.263345753824264
40553,ENSG00000125450,NUP85,Q9BW27,S,223,0.31830316926601
40554,ENSG00000167971,CASKIN1,Q8WXD9,T,1065,0.397883746558688
40555,ENSG00000013588,GPRC5A,Q8NFJ5,Y,317,0.692350965949904
40556,ENSG00000100485,SOS2,Q07890,S,1132,0.180145032932489
40557,ENSG00000099204,ABLIM1,O14639,T,429,0.355644065156518
40558,ENSG00000176973,FAM89B,Q8N5H3,S,37,0.225995924221566
40561,ENSG00000107554,DNMBP,Q6XZF7,S,324,0.168785993048911
40562,ENSG00000072110,ACTN1,P12814,Y,193,0.604834162709207
40563,ENSG00000180251,SLC9A4,Q6AI14,S,792,0.176847546669598
40564,ENSG00000167716,WDR81,Q562E7,S,1136,0.153561912052423
40568,ENSG00000158445,KCNB1,Q14721,S,520,0.17647641914327
40569,ENSG00000131018,SYNE1,Q8NF91,S,8280,0.258123795560972
40572,ENSG00000112297,CRYBG1,Q9Y4K1,S,529,0.177337146610666
40575,ENSG00000070047,PHRF1,Q9P1Y6,S,1128,0.235856532708814
40577,ENSG00000239306,RBM14,Q96PK6,S,649,0.446603075487667
40578,ENSG00000047188,YTHDC2,Q9H6S0,S,1223,0.315406876042813
40579,ENSG00000196531,NACA,E9PAV3,S,1404,0.119233725316247
40580,ENSG00000067369,TP53BP1,Q12888,S,63,0.200367659860713
40583,ENSG00000066777,ARFGEF1,Q9Y6D6,S,234,0.287902325046336
40585,ENSG00000067369,TP53BP1,Q12888,S,765,0.223758792823645
40586,ENSG00000084092,NOA1,Q8NC60,Y,77,0.694786866278424
40587,ENSG00000167491,GATAD2A,Q86YP4,S,598,0.467149467710324
40588,ENSG00000158545,ZC3H18,Q86VM9,S,117,0.372562989861557
40589,ENSG00000137776,SLTM,Q9NWH9,S,539,0.225503664069919
40591,ENSG00000118197,DDX59,Q5T1V6,S,160,0.534034792337751
40592,ENSG00000159784,FAM131B,Q86XD5,S,313,0.319473064202782
40593,ENSG00000141577,CEP131,Q9UPN4,S,525,0.297659272300087
40596,ENSG00000184863,RBM33,Q96EV2,T,853,0.0702032935801848
40597,ENSG00000177303,CASKIN2,Q8WXE0,S,695,0.393013418537121
40598,ENSG00000139200,PIANP,Q8IYJ0,S,213,0.31067221911028
40599,ENSG00000105287,PRKD2,Q9BZL6,S,245,0.267467257050783
40600,ENSG00000131023,LATS1,O95835,S,181,0.294080715533284
40604,ENSG00000139132,FGD4,Q96M96,S,392,0.178365854142049
40608,ENSG00000196792,STRN3,Q13033,S,168,0.363580291489777
40612,ENSG00000213585,VDAC1,P21796,S,102,0.400094800683034
40615,ENSG00000151929,BAG3,O95817,S,264,0.58938918460355
40617,ENSG00000149115,TNKS1BP1,Q9C0C2,S,301,0.300176609387046
40619,ENSG00000122741,DCAF10,Q5QP82,S,61,0.27096146830738
40620,ENSG00000148730,EIF4EBP2,Q13542,T,36,0.532404287789982
40621,ENSG00000173327,MAP3K11,Q16584,T,752,0.399605651929341
40622,ENSG00000198604,BAZ1A,Q9NRL2,T,1367,0.265362144140959
40623,ENSG00000112837,TBX18,O95935,S,117,0.264154248962679
40624,ENSG00000002834,LASP1,Q14847,S,118,0.31670925192193
40627,ENSG00000099864,PALM,A6NDB9,S,189,0.19704429086066
40630,ENSG00000171316,CHD7,Q9P2D1,S,2237,0.218878412234582
40632,ENSG00000169221,TBC1D10B,Q4KMP7,S,158,0.315535630089482
40634,ENSG00000014164,ZC3H3,Q8IXZ2,S,593,0.331104632518871
40636,ENSG00000149782,PLCB3,Q01970,S,270,0.28227693781861
40641,ENSG00000134001,EIF2S1,P05198,T,281,0.296330488723472
40645,ENSG00000165684,SNAPC4,Q5SXM2,S,1163,0.236315585167089
40647,ENSG00000139436,GIT2,Q14161,S,562,0.27188469989471
40653,ENSG00000054118,THRAP3,Q9Y2W1,S,119,0.484048122966262
40655,ENSG00000171219,CDC42BPG,Q6DT37,S,1540,0.31512596146912
40657,ENSG00000101577,LPIN2,Q92539,S,229,0.381786991944843
40660,ENSG00000049759,NEDD4L,Q96PU5,S,340,0.408829713334384
40662,ENSG00000154845,PPP4R1,Q8TF05,S,947,0.241559836746823
40665,ENSG00000144283,PKP4,Q99569,S,427,0.414534638788462
40668,ENSG00000180263,FGD6,Q6ZV73,S,692,0.258896057125425
40669,ENSG00000134444,KIAA1468,Q9P260,S,182,0.20875572383565
40671,ENSG00000061337,LZTS1,Q9Y250,S,254,0.45284732428975
40672,ENSG00000121753,ADGRB2,O60241,S,1275,0.18854800189566
40676,ENSG00000067369,TP53BP1,Q12888,T,1122,0.121698530203929
40679,ENSG00000139684,ESD,P10768,S,214,0.401182506313816
40680,ENSG00000174574,AKIRIN1,Q9H9L7,S,22,0.586103907212086
40681,ENSG00000163132,MSX1,P28360,S,136,0.306333341517112
40683,ENSG00000138674,SEC31A,O94979,T,1165,0.176832435477017
40684,ENSG00000165914,TTC7B,Q86TV6,S,657,0.131699481926277
40685,ENSG00000241839,PLEKHO2,Q8TD55,S,167,0.308734816081377
40686,ENSG00000136933,RABEPK,Q7Z6M1,S,191,0.220065362769582
40688,ENSG00000177731,FLII,Q13045,S,406,0.347468830928939
40690,ENSG00000149929,HIRIP3,Q9BW71,S,492,0.143305708416981
40691,ENSG00000113282,CLINT1,Q14677,T,294,0.417885562134901
40694,ENSG00000100592,DAAM1,Q9Y4D1,S,1027,0.15835492614601
40695,ENSG00000155792,DEPTOR,Q8TB45,S,235,0.462624383665712
40696,ENSG00000167173,C15orf39,Q6ZRI6,T,472,0.329149691198309
40697,ENSG00000187257,RSBN1L,Q6PCB5,S,96,0.227426982942353
40700,ENSG00000147799,ARHGAP39,Q9C0H5,S,406,0.240646108305045
40701,ENSG00000198894,CIPC,Q9C0C6,S,302,0.371873736304631
40702,ENSG00000105355,PLIN3,O60664,T,38,0.112321149270742
40703,ENSG00000129347,KRI1,Q8N9T8,S,152,0.394654519943521
40704,ENSG00000175387,SMAD2,Q15796,S,458,0.690552648139266
40705,ENSG00000133392,MYH11,P35749,S,1635,0.0853771981965485
40706,ENSG00000091436,MAP3K20,Q9NYL2,S,568,0.241974739044274
40709,ENSG00000082293,COL19A1,Q14993,S,81,0.199470220844545
40710,ENSG00000100815,TRIP11,Q15643,S,1335,0.161752435522937
40713,ENSG00000118640,VAMP8,Q9BV40,S,18,0.628107992995232
40715,ENSG00000198589,LRBA,P50851,S,1003,0.0455069264139891
40716,ENSG00000120899,PTK2B,Q14289,Y,849,0.495658963638241
40721,ENSG00000107404,DVL1,O14640,T,674,0.260071116403661
40723,ENSG00000143799,PARP1,P09874,S,75,0.260049364103404
40727,ENSG00000183354,KIAA2026,Q5HYC2,S,594,0.12578533331363
40728,ENSG00000115884,SDC1,P18827,S,287,0.528478478128634
40730,ENSG00000103061,SLC7A6OS,Q96CW6,S,275,0.389451194960484
40731,ENSG00000172059,KLF11,O14901,S,124,0.262299313875551
40733,ENSG00000159082,SYNJ1,O43426,S,1318,0.136427620644368
40735,ENSG00000171467,ZNF318,Q5VUA4,S,1713,0.255598870711257
40737,ENSG00000108389,MTMR4,Q9NYA4,S,610,0.495654474241818
40738,ENSG00000108239,TBC1D12,O60347,S,187,0.338918065805724
40739,ENSG00000104375,STK3,Q13188,T,336,0.320803792317549
40740,ENSG00000145362,ANK2,Q01484,S,2834,0.104294260310991
40741,ENSG00000039560,RAI14,Q9P0K7,S,405,0.313160986008268
40742,ENSG00000008323,PLEKHG6,Q3KR16,T,666,0.131582312134307
40743,ENSG00000079691,CARMIL1,Q5VZK9,S,1290,0.273078529352372
40748,ENSG00000128591,FLNC,Q14315,T,2446,0.202083516519959
40749,ENSG00000100139,MICALL1,Q8N3F8,S,390,0.21539651131702
40750,ENSG00000120341,SEC16B,Q96JE7,S,234,0.204102482471613
40752,ENSG00000225663,MCRIP1,C9JLW8,S,18,0.723334813405694
40753,ENSG00000091009,RBM27,Q9P2N5,S,475,0.334973830978993
40758,ENSG00000259956,RBM15B,Q8NDT2,S,232,0.291137258944359
40760,ENSG00000105738,SIPA1L3,O60292,S,1685,0.173899955217594
40761,ENSG00000204120,GIGYF2,Q6Y7W6,S,273,0.256031911536979
40762,ENSG00000096070,BRPF3,Q9ULD4,S,886,0.160894044296442
40763,ENSG00000149150,SLC43A1,O75387,S,267,0.325728383073516
40768,ENSG00000170681,CAVIN4,Q5BKX8,S,260,0.122803381964322
40770,ENSG00000132694,ARHGEF11,O15085,S,1458,0.268440253821524
40771,ENSG00000206053,JPT2,Q9H910,S,173,0.254007767480519
40772,ENSG00000086758,HUWE1,Q7Z6Z7,S,1298,0.190416666619123
40773,ENSG00000174485,DENND4A,Q7Z401,S,1251,0.39552642353656
40774,ENSG00000112983,BRD8,Q9H0E9,S,641,0.158573206791053
40780,ENSG00000131013,PPIL4,Q8WUA2,S,204,0.531555777839139
40781,ENSG00000196535,MYO18A,Q92614,S,98,0.20929633592714
40783,ENSG00000175224,ATG13,O75143,S,355,0.29430691889792
40788,ENSG00000183853,KIRREL1,Q96J84,S,644,0.139756822110238
40790,ENSG00000167978,SRRM2,Q9UQ35,S,2335,0.223519932028022
40793,ENSG00000119522,DENND1A,Q8TEH3,S,986,0.177742129126171
40794,ENSG00000142197,DOPEY2,Q9Y3R5,S,597,0.295619360804116
40795,ENSG00000108349,CASC3,O15234,S,477,0.172960981366484
40796,ENSG00000172977,KAT5,Q92993,S,190,0.476808978809609
40797,ENSG00000143842,SOX13,Q9UN79,S,371,0.195736143963507
40799,ENSG00000148110,MFSD14B,Q5SR56,S,468,0.110239300640805
40800,ENSG00000165704,HPRT1,P00492,S,104,0.44099983462416
40801,ENSG00000070047,PHRF1,Q9P1Y6,S,177,0.233401476593381
40803,ENSG00000082258,CCNT2,O60583,T,597,0.229868308762993
40805,ENSG00000075151,EIF4G3,O43432,S,1112,0.242476630398114
40808,ENSG00000174944,P2RY14,Q15391,S,323,0.192568076992468
40810,ENSG00000176953,NFATC2IP,Q8NCF5,T,336,0.166004249974795
40811,ENSG00000275004,ZNF280B,Q86YH2,S,114,0.412766565476297
40812,ENSG00000164187,LMBRD2,Q68DH5,S,685,0.416918232328709
40813,ENSG00000184708,EIF4ENIF1,Q9NRA8,T,455,0.318386242875765
40814,ENSG00000124313,IQSEC2,Q5JU85,S,214,0.228630174625112
40817,ENSG00000173166,RAPH1,Q70E73,S,542,0.356782259101483
40818,ENSG00000075711,DLG1,Q12959,S,104,0.0829468628776099
40819,ENSG00000138347,MYPN,Q86TC9,T,251,0.357565711852408
40821,ENSG00000073969,NSF,P46459,S,739,0.291663380886096
40826,ENSG00000162522,KIAA1522,Q9P206,S,263,0.211871682451767
40831,ENSG00000145901,TNIP1,Q15025,S,82,0.102181769160933
40833,ENSG00000164403,SHROOM1,Q2M3G4,T,81,0.0997230159813356
40834,ENSG00000096717,SIRT1,Q96EB6,S,562,0.282185288617492
40840,ENSG00000101109,STK4,Q13043,S,438,0.429182747606507
40841,ENSG00000100226,GTPBP1,O00178,S,17,0.215203040931372
40842,ENSG00000115648,MLPH,Q9BV36,S,444,0.417361129918607
40843,ENSG00000116641,DOCK7,Q96N67,S,963,0.331036955148332
40846,ENSG00000136044,APPL2,Q8NEU8,S,662,0.174604418113192
40847,ENSG00000105738,SIPA1L3,O60292,T,1531,0.208864081409474
40849,ENSG00000134283,PPHLN1,Q8NEY8,S,133,0.468964666902865
40850,ENSG00000065613,SLK,Q9H2G2,S,777,0.292018238380112
40852,ENSG00000056277,ZNF280C,Q8ND82,T,540,0.390565743769667
40854,ENSG00000078061,ARAF,P10398,S,214,0.901242362483648
40855,ENSG00000180233,ZNRF2,Q8NHG8,S,193,0.208326717681029
40856,ENSG00000155849,ELMO1,Q92556,S,594,0.367949041923733
40858,ENSG00000054654,SYNE2,Q8WXH0,S,4123,0.0583231502352579
40861,ENSG00000197077,KIAA1671,Q9BY89,S,558,0.282580986932325
40863,ENSG00000189337,KAZN,Q674X7,S,331,0.227483498350453
40864,ENSG00000126705,AHDC1,Q5TGY3,S,1458,0.265434190494906
40865,ENSG00000167642,SPINT2,O43291,S,238,0.420457440160874
40866,ENSG00000130653,PNPLA7,Q6ZV29,S,1258,0.17176971018471
40867,ENSG00000079308,TNS1,Q9HBL0,T,1383,0.201284068519787
40868,ENSG00000173905,GOLIM4,O00461,Y,673,0.530946384268229
40869,ENSG00000197712,FAM114A1,Q8IWE2,S,25,0.131775599826387
40870,ENSG00000171560,FGA,P02671,S,285,0.273596799033207
40871,ENSG00000115648,MLPH,Q9BV36,T,457,0.323319814167271
40874,ENSG00000166963,MAP1A,P78559,S,2108,0.185645759547924
40885,ENSG00000134709,HOOK1,Q9UJC3,S,235,0.35134181779552
40886,ENSG00000054267,ARID4B,Q4LE39,S,483,0.151275762109931
40889,ENSG00000100580,TMED8,Q6PL24,S,153,0.266979395777436
40890,ENSG00000107290,SETX,Q7Z333,S,1330,0.283139587205155
40891,ENSG00000182809,CRIP2,P52943,T,38,0.191747739539641
40894,ENSG00000141738,GRB7,Q14451,S,194,0.327708113325014
40902,ENSG00000175115,PACS1,Q6VY07,Y,251,0.398600443473184
40903,ENSG00000120279,MYCT1,Q8N699,S,108,0.162988886164496
40904,ENSG00000049769,PPP1R3F,Q6ZSY5,S,401,0.337556952715972
40910,ENSG00000179262,RAD23A,P54725,S,205,0.502740750289449
40911,ENSG00000154415,PPP1R3A,Q16821,S,375,0.214473561514735
40912,ENSG00000008323,PLEKHG6,Q3KR16,S,645,0.283861871944332
40914,ENSG00000117713,ARID1A,O14497,S,1751,0.286286720735019
40915,ENSG00000245848,CEBPA,P49715,S,266,0.22480098952583
40916,ENSG00000186642,PDE2A,O00408,S,912,0.201881369700193
40918,ENSG00000158417,EIF5B,O60841,S,9,0.233956747820601
40919,ENSG00000131374,TBC1D5,Q92609,S,775,0.114756970027742
40923,ENSG00000077235,GTF3C1,Q12789,S,846,0.0570176914732737
40926,ENSG00000139722,VPS37B,Q9H9H4,S,102,0.175143328345278
40931,ENSG00000122203,KIAA1191,Q96A73,S,183,0.65564451387021
40932,ENSG00000170390,DCLK2,Q8N568,S,341,0.276054939049887
40934,ENSG00000165650,PDZD8,Q8NEN9,S,957,0.127941066218757
40935,ENSG00000172375,C2CD2L,O14523,T,533,0.341614926688511
40938,ENSG00000115904,SOS1,Q07889,T,1279,0.201801152140865
40939,ENSG00000072952,MRVI1,Q9Y6F6,S,185,0.232263221789361
40940,ENSG00000104067,TJP1,Q07157,S,927,0.305575821119296
40941,ENSG00000021826,CPS1,P31327,S,1431,0.2280249297101
40943,ENSG00000175166,PSMD2,Q13200,S,436,0.246854478135162
40944,ENSG00000178409,BEND3,Q5T5X7,S,516,0.125946530320651
40945,ENSG00000047648,ARHGAP6,O43182,S,820,0.23370241246887
40948,ENSG00000104728,ARHGEF10,O15013,S,1287,0.400659093888493
40950,ENSG00000106278,PTPRZ1,P23471,T,2054,0.194632098345336
40953,ENSG00000128731,HERC2,O95714,S,368,0.331105580267257
40954,ENSG00000110713,NUP98,P52948,S,1023,0.336480831371577
40958,ENSG00000158290,CUL4B,Q13620,T,85,0.445194898169865
40959,ENSG00000115806,GORASP2,Q9H8Y8,S,451,0.582443175838263
40960,ENSG00000196428,TSC22D2,O75157,S,598,0.472330044515034
40962,ENSG00000001561,ENPP4,Q9Y6X5,S,439,0.216354225013486
40964,ENSG00000128849,CGNL1,Q0VF96,S,198,0.32402730117011
40966,ENSG00000121210,TMEM131L,A2VDJ0,S,1212,0.0917776899844206
40970,ENSG00000138688,KIAA1109,Q2LD37,S,2300,0.206427352109264
40972,ENSG00000164902,PHAX,Q9H814,S,368,0.547750242270829
40973,ENSG00000154767,XPC,Q01831,T,349,0.34115491115577
40974,ENSG00000166037,CEP57,Q86XR8,S,34,0.418005855609052
40978,ENSG00000085511,MAP3K4,Q9Y6R4,S,1274,0.309448110647532
40980,ENSG00000197694,SPTAN1,Q13813,S,1322,0.207158366514917
40983,ENSG00000109089,CDR2L,Q86X02,S,316,0.476215385467469
40986,ENSG00000075461,CACNG4,Q9UBN1,S,253,0.267221901047511
40988,ENSG00000178695,KCTD12,Q96CX2,S,198,0.561838804781076
40989,ENSG00000136830,FAM129B,Q96TA1,S,638,0.404467166988341
40990,ENSG00000104892,KLC3,Q6P597,S,497,0.416420187059645
40991,ENSG00000133858,ZFC3H1,O60293,S,510,0.245199582990675
40992,ENSG00000005238,FAM214B,Q7L5A3,S,268,0.257133840597836
40993,ENSG00000135597,REPS1,Q96D71,S,428,0.183352852474409
40997,ENSG00000046604,DSG2,Q14126,S,911,0.263522024633203
40999,ENSG00000128534,LSM8,O95777,S,49,0.657318171864119
41003,ENSG00000189319,FAM53B,Q14153,S,232,0.162887662716245
41004,ENSG00000067334,DNTTIP2,Q5QJE6,S,434,0.489118847689881
41008,ENSG00000079739,PGM1,P36871,S,477,0.166812297316696
41009,ENSG00000118058,KMT2A,Q03164,T,1839,0.284602182100278
41012,ENSG00000182670,TTC3,P53804,S,1009,0.124071529392377
41013,ENSG00000174485,DENND4A,Q7Z401,S,1099,0.248945169290262
41017,ENSG00000065243,PKN2,Q16513,S,302,0.464134869066485
41021,ENSG00000065613,SLK,Q9H2G2,S,14,0.233424897115075
41022,ENSG00000075292,ZNF638,Q14966,S,885,0.0851207201815731
41026,ENSG00000170873,MTSS1,O43312,S,649,0.24186731451788
41027,ENSG00000111731,C2CD5,Q86YS7,S,293,0.216921214807684
41029,ENSG00000144283,PKP4,Q99569,Y,390,0.362230219572781
41033,ENSG00000122547,EEPD1,Q7L9B9,S,21,0.350425671534602
41035,ENSG00000008294,SPAG9,O60271,S,238,0.30447312046475
41036,ENSG00000132604,TERF2,Q15554,S,416,0.128241318023645
41039,ENSG00000275832,ARHGAP23,Q9P227,S,677,0.442629856401889
41042,ENSG00000183779,ZNF703,Q9H7S9,S,87,0.375442010129933
41043,ENSG00000160360,GPSM1,Q86YR5,S,387,0.444988670627317
41044,ENSG00000055917,PUM2,Q8TB72,S,85,0.146679549444309
41048,ENSG00000109171,SLAIN2,Q9P270,S,323,0.380220041054011
41049,ENSG00000111912,NCOA7,Q8NI08,S,162,0.299119325798279
41050,ENSG00000138835,RGS3,P49796,S,496,0.207758489810164
41052,ENSG00000102038,SMARCA1,P28370,T,118,0.325642368064288
41053,ENSG00000168096,ANKS3,Q6ZW76,S,225,0.36448077571749
41056,ENSG00000186566,GPATCH8,Q9UKJ3,S,738,0.285896143191488
41059,ENSG00000104957,CCDC130,P13994,S,306,0.532466277736907
41061,ENSG00000150768,DLAT,P10515,S,475,0.507308896170227
41063,ENSG00000176393,RNPEP,Q9H4A4,S,3,0.262419474742678
41064,ENSG00000146122,DAAM2,Q86T65,S,1052,0.323061961311789
41066,ENSG00000080839,RBL1,P28749,T,385,0.518705846038775
41068,ENSG00000072195,SPEG,Q15772,S,504,0.0872506416294655
41069,ENSG00000105397,TYK2,P29597,Y,292,0.690484931242261
41071,ENSG00000105701,FKBP8,Q14318,S,358,0.261845350565854
41072,ENSG00000086758,HUWE1,Q7Z6Z7,S,3555,0.327928525288465
41074,ENSG00000101558,VAPA,Q9P0L0,S,219,0.332224226331894
41075,ENSG00000197694,SPTAN1,Q13813,Y,2423,0.449369623670139
41076,ENSG00000138771,SHROOM3,Q8TF72,T,576,0.288888371429938
41077,ENSG00000156232,WHAMM,Q8TF30,S,181,0.21661913569173
41082,ENSG00000108309,RUNDC3A,Q59EK9,S,366,0.343656515316157
41086,ENSG00000116539,ASH1L,Q9NR48,S,1544,0.253038548336073
41089,ENSG00000149115,TNKS1BP1,Q9C0C2,S,1331,0.283507028197655
41094,ENSG00000134780,DAGLA,Q9Y4D2,S,1030,0.453280908208599
41096,ENSG00000049759,NEDD4L,Q96PU5,T,367,0.713027220194554
41097,ENSG00000171634,BPTF,Q12830,S,2098,0.402551382899725
41099,ENSG00000145216,FIP1L1,Q6UN15,T,494,0.511755471136585
41100,ENSG00000115355,CCDC88A,Q3V6T2,S,1718,0.069369979940638
41101,ENSG00000115484,CCT4,P50991,S,236,0.42016248513389
41106,ENSG00000167193,CRK,P46108,S,41,0.585684720889179
41107,ENSG00000081277,PKP1,Q13835,S,134,0.21131190501072
41108,ENSG00000165732,DDX21,Q9NR30,S,7,0.258825665426871
41109,ENSG00000196684,HSH2D,Q96JZ2,S,319,0.439604207999304
41112,ENSG00000154358,OBSCN,Q5VST9,S,7218,0.136770398210618
41114,ENSG00000135870,RC3H1,Q5TC82,S,531,0.33892606385324
41115,ENSG00000151229,SLC2A13,Q96QE2,S,640,0.473653948515263
41116,ENSG00000173473,SMARCC1,Q92922,S,357,0.392088303872539
41117,ENSG00000134369,NAV1,Q8NEY1,S,1840,0.185913100653689
41118,ENSG00000086062,B4GALT1,P15291,S,74,0.297844106114142
41119,ENSG00000131711,MAP1B,P46821,S,1248,0.158412670225008
41120,ENSG00000275832,ARHGAP23,Q9P227,S,334,0.213856886693411
41124,ENSG00000198467,TPM2,P07951,S,215,0.163429995851052
41125,ENSG00000118473,SGIP1,Q9BQI5,T,259,0.330275461708988
41128,ENSG00000029725,RABEP1,Q15276,T,480,0.248700039593383
41129,ENSG00000174485,DENND4A,Q7Z401,S,1533,0.044839610947864
41131,ENSG00000090889,KIF4A,O95239,S,951,0.314763221010078
41134,ENSG00000163558,PRKCI,P41743,T,416,0.716931866009185
41135,ENSG00000166833,NAV2,Q8IVL1,S,1610,0.342603315489845
41140,ENSG00000187244,BCAM,P50895,S,614,0.311222100640511
41141,ENSG00000118058,KMT2A,Q03164,S,2121,0.283319769380162
41143,ENSG00000106665,CLIP2,Q9UDT6,T,177,0.319137572481297
41144,ENSG00000129347,KRI1,Q8N9T8,T,140,0.102316456971796
41145,ENSG00000090905,TNRC6A,Q8NDV7,S,878,0.203577882872835
41146,ENSG00000054523,KIF1B,O60333,T,728,0.120412106869693
41150,ENSG00000135870,RC3H1,Q5TC82,S,460,0.340901232097845
41153,ENSG00000157741,UBN2,Q6ZU65,S,1042,0.294810348233837
41155,ENSG00000163960,UBXN7,O94888,S,29,0.0995833045067188
41156,ENSG00000112339,HBS1L,Q9Y450,S,67,0.353411529697047
41157,ENSG00000120279,MYCT1,Q8N699,S,112,0.263762270804172
41160,ENSG00000137776,SLTM,Q9NWH9,S,374,0.0769192245460752
41161,ENSG00000126453,BCL2L12,Q9HB09,S,245,0.265390480749925
41162,ENSG00000275832,ARHGAP23,Q9P227,S,1188,0.176537118635841
41166,ENSG00000163697,APBB2,Q92870,S,334,0.446023152099963
41167,ENSG00000106617,PRKAG2,Q9UGJ0,S,90,0.313434419406914
41168,ENSG00000170921,TANC2,Q9HCD6,S,1722,0.404111394740116
41170,ENSG00000165119,HNRNPK,P61978,T,120,0.466537981751354
41171,ENSG00000114166,KAT2B,Q92831,T,119,0.306743966547285
41172,ENSG00000077454,LRCH4,O75427,S,275,0.163336784883682
41174,ENSG00000165632,TAF3,Q5VWG9,T,333,0.390038201944799
41175,ENSG00000277443,MARCKS,P29966,T,120,0.310347029693526
41176,ENSG00000196924,FLNA,P21333,S,1520,0.0726384451565537
41179,ENSG00000168615,ADAM9,Q13443,T,735,0.435124639270308
41180,ENSG00000072041,SLC6A15,Q9H2J7,S,699,0.411618854528807
41185,ENSG00000182534,MXRA7,P84157,S,191,0.470531723786046
41187,ENSG00000167306,MYO5B,Q9ULV0,S,978,0.0911525142391352
41189,ENSG00000111961,SASH1,O94885,S,1051,0.229208429901839
41190,ENSG00000120800,UTP20,O75691,S,1732,0.122764287682144
41191,ENSG00000065526,SPEN,Q96T58,T,638,0.180974294795331
41192,ENSG00000078674,PCM1,Q15154,S,110,0.331907938698509
41195,ENSG00000005020,SKAP2,O75563,S,101,0.203296856872673
41196,ENSG00000004478,FKBP4,Q02790,S,451,0.494092977532799
41198,ENSG00000184305,CCSER1,Q9C0I3,S,600,0.184493405517445
41201,ENSG00000047315,POLR2B,P30876,S,75,0.197289580954701
41203,ENSG00000184363,PKP3,Q9Y446,Y,84,0.56546930697893
41207,ENSG00000100941,PNN,Q9H307,S,694,0.31463448293252
41208,ENSG00000153827,TRIP12,Q14669,S,987,0.275973374311457
41209,ENSG00000197380,DACT3,Q96B18,S,316,0.444222086159644
41211,ENSG00000161904,LEMD2,Q8NC56,S,501,0.408995908150923
41212,ENSG00000144824,PHLDB2,Q86SQ0,S,245,0.219054231401994
41213,ENSG00000181220,ZNF746,Q6NUN9,S,404,0.18008239545173
41214,ENSG00000097096,SYDE2,Q5VT97,S,622,0.40194859525089
41215,ENSG00000135631,RAB11FIP5,Q9BXF6,S,494,0.44340424279746
41221,ENSG00000198924,DCLRE1A,Q6PJP8,S,238,0.187398120412762
41227,ENSG00000104728,ARHGEF10,O15013,T,409,0.190642449168452
41229,ENSG00000070808,CAMK2A,Q9UQM7,T,286,0.320761693459518
41230,ENSG00000121281,ADCY7,P51828,S,505,0.163218607470877
41231,ENSG00000100330,MTMR3,Q13615,S,788,0.0950027962303663
41232,ENSG00000119698,PPP4R4,Q6NUP7,S,775,0.527666613366872
41234,ENSG00000165458,INPPL1,O15357,S,157,0.109097584936961
41235,ENSG00000005436,GCFC2,P16383,S,430,0.435539701952549
41240,ENSG00000131626,PPFIA1,Q13136,S,787,0.200468318859739
41241,ENSG00000137843,PAK6,Q9NQU5,S,308,0.163153810802789
41242,ENSG00000073712,FERMT2,Q96AC1,S,177,0.318197738661742
41243,ENSG00000179950,PUF60,Q9UHX1,S,112,0.437880735786224
41244,ENSG00000135597,REPS1,Q96D71,Y,275,0.513702546698252
41245,ENSG00000185728,YTHDF3,Q7Z739,S,383,0.231901277113217
41247,ENSG00000138614,INTS14,Q96SY0,S,387,0.256098834527678
41248,ENSG00000165525,NEMF,O60524,S,6,0.240873263435228
41249,ENSG00000166333,ILK,Q13418,T,172,0.417986407984389
41251,ENSG00000008128,CDK11A,Q9UQ88,S,65,0.405217395914345
41252,ENSG00000198646,NCOA6,Q14686,S,926,0.112420840267081
41253,ENSG00000058404,CAMK2B,Q13554,S,522,0.256399532045893
41254,ENSG00000198795,ZNF521,Q96K83,S,100,0.123660674313216
41256,ENSG00000187601,MAGEH1,Q9H213,S,155,0.162572039658102
41258,ENSG00000136830,FAM129B,Q96TA1,S,646,0.525506216084939
41259,ENSG00000089818,NECAP1,Q8NC96,S,207,0.23503501387305
41260,ENSG00000183530,PRR14L,Q5THK1,S,1994,0.0947653371664324
41263,ENSG00000182247,UBE2E2,Q96LR5,S,18,0.346553065900496
41264,ENSG00000110031,LPXN,O60711,S,34,0.13856761607006
41267,ENSG00000089048,ESF1,Q9H501,S,79,0.430765408040773
41268,ENSG00000108349,CASC3,O15234,S,28,0.43741036358617
41270,ENSG00000167981,ZNF597,Q96LX8,T,109,0.201084630079339
41271,ENSG00000079841,RIMS1,Q86UR5,S,1340,0.178051658602084
41272,ENSG00000171988,JMJD1C,Q15652,S,284,0.138006514909889
41273,ENSG00000124151,NCOA3,Q9Y6Q9,S,640,0.386192247756439
41275,ENSG00000198589,LRBA,P50851,S,968,0.146565421922877
41276,ENSG00000135378,PRRG4,Q9BZD6,S,202,0.470979510412771
41278,ENSG00000129422,MTUS1,Q9ULD2,S,1255,0.409454260217205
41279,ENSG00000136492,BRIP1,Q9BX63,S,505,0.268585906830644
41281,ENSG00000132275,RRP8,O43159,S,64,0.438449194828475
41284,ENSG00000100056,ESS2,Q96DF8,T,104,0.554572062084984
41285,ENSG00000106772,PRUNE2,Q8WUY3,T,2393,0.165157628939353
41288,ENSG00000134769,DTNA,Q9Y4J8,S,714,0.130838558998066
41290,ENSG00000126453,BCL2L12,Q9HB09,S,195,0.481846231264573
41292,ENSG00000115657,ABCB6,Q9NP58,T,754,0.226707092392922
41293,ENSG00000179542,SLITRK4,Q8IW52,S,741,0.459777106034286
41297,ENSG00000167257,RNF214,Q8ND24,S,168,0.157416084071948
41298,ENSG00000154358,OBSCN,Q5VST9,S,136,0.114358593834089
41299,ENSG00000170485,NPAS2,Q99743,S,812,0.145319678018813
41300,ENSG00000163875,MEAF6,Q9HAF1,S,118,0.469552808890889
41303,ENSG00000162714,ZNF496,Q96IT1,S,299,0.377244716919056
41304,ENSG00000086015,MAST2,Q6P0Q8,S,1089,0.416641512585747
41306,ENSG00000085224,ATRX,P46100,S,1253,0.185894664661726
41308,ENSG00000118200,CAMSAP2,Q08AD1,T,569,0.221771132225079
41311,ENSG00000143924,EML4,Q9HC35,Y,226,0.413431350259278
41314,ENSG00000183072,NKX2-5,P52952,S,78,0.340113053764699
41315,ENSG00000165819,METTL3,Q86U44,S,58,0.10211914967924
41320,ENSG00000148516,ZEB1,P37275,S,642,0.369810796617975
41321,ENSG00000166833,NAV2,Q8IVL1,S,1970,0.212297831062878
41323,ENSG00000135636,DYSF,O75923,S,1729,0.117477574462132
41326,ENSG00000126775,ATG14,Q6ZNE5,S,29,0.32152892595852
41327,ENSG00000030419,IKZF2,Q9UKS7,S,369,0.619959250413366
41328,ENSG00000154310,TNIK,Q9UKE5,S,898,0.0713095296607872
41329,ENSG00000168137,SETD5,Q9C0A6,S,1198,0.149372875014354
41332,ENSG00000167978,SRRM2,Q9UQ35,S,1401,0.225265732899643
41333,ENSG00000197555,SIPA1L1,O43166,S,1588,0.310765713353651
41334,ENSG00000072864,NDE1,Q9NXR1,S,309,0.362228659190522
41336,ENSG00000063046,EIF4B,P23588,S,424,0.454943060232274
41338,ENSG00000112578,BYSL,Q13895,S,167,0.465770371697837
41339,ENSG00000174953,DHX36,Q9H2U1,S,18,0.281858371659528
41342,ENSG00000143549,TPM3,P06753,S,88,0.153754981200352
41344,ENSG00000113758,DBN1,Q16643,S,324,0.290638528935854
41345,ENSG00000175115,PACS1,Q6VY07,S,423,0.249529838950116
41348,ENSG00000112739,PRPF4B,Q13523,Y,849,0.990373715293339
41351,ENSG00000104728,ARHGEF10,O15013,S,1296,0.271107290665148
41352,ENSG00000104290,FZD3,Q9NPG1,S,665,0.132681654645342
41353,ENSG00000149115,TNKS1BP1,Q9C0C2,S,1678,0.128342877045048
41354,ENSG00000198783,ZNF830,Q96NB3,T,58,0.245613101660927
41356,ENSG00000167526,RPL13,P26373,S,52,0.237617086862627
41360,ENSG00000113615,SEC24A,O95486,T,225,0.353733179443163
41361,ENSG00000112379,ARFGEF3,Q5TH69,S,2097,0.570319750933931
41362,ENSG00000165959,CLMN,Q96JQ2,S,910,0.229038684074292
41363,ENSG00000113360,DROSHA,Q9NRR4,S,357,0.347581908377237
41364,ENSG00000156675,RAB11FIP1,Q6WKZ4,S,434,0.265664014449876
41366,ENSG00000117650,NEK2,P51955,S,300,0.526557167308909
41367,ENSG00000057704,TMCC3,Q9ULS5,S,216,0.516623144747467
41369,ENSG00000110955,ATP5F1B,P06576,T,213,0.142218869292586
41371,ENSG00000180233,ZNRF2,Q8NHG8,S,116,0.388808102408946
41372,ENSG00000078114,NEBL,O76041,S,974,0.203319757405522
41374,ENSG00000132467,UTP3,Q9NQZ2,S,150,0.484698289345824
41375,ENSG00000170144,HNRNPA3,P51991,S,14,0.477315098109356
41377,ENSG00000196591,HDAC2,Q92769,S,407,0.452716163343985
41381,ENSG00000141551,CSNK1D,P48730,T,344,0.510641061317113
41382,ENSG00000132549,VPS13B,Q7Z7G8,S,1812,0.216447418697884
41383,ENSG00000111961,SASH1,O94885,S,335,0.225228543971909
41385,ENSG00000181163,NPM1,P06748,T,95,0.67633866834253
41388,ENSG00000112394,SLC16A10,Q8TF71,S,263,0.307453005100583
41390,ENSG00000002919,SNX11,Q9Y5W9,S,220,0.222528044273768
41391,ENSG00000196208,GREB1,Q4ZG55,S,1095,0.095705932827468
41398,ENSG00000115977,AAK1,Q2M2I8,T,640,0.27819293183526
41400,ENSG00000104067,TJP1,Q07157,S,404,0.0567871061755175
41401,ENSG00000079819,EPB41L2,O43491,S,548,0.48327442734954
41402,ENSG00000136504,KAT7,O95251,S,56,0.459765082205815
41404,ENSG00000161813,LARP4,Q71RC2,S,597,0.537307676505029
41405,ENSG00000168610,STAT3,P40763,S,691,0.414561234639506
41407,ENSG00000100813,ACIN1,Q9UKV3,S,1232,0.339189430214198
41408,ENSG00000109787,KLF3,P57682,S,216,0.371832001530694
41409,ENSG00000171680,PLEKHG5,O94827,S,907,0.379941424536776
41410,ENSG00000099331,MYO9B,Q13459,S,2002,0.150646502228116
41411,ENSG00000175931,UBE2O,Q9C0C9,S,515,0.684843459062799
41412,ENSG00000153823,PID1,Q7Z2X4,S,237,0.158797585988149
41414,ENSG00000147872,PLIN2,Q99541,S,222,0.612058384964446
41415,ENSG00000163295,ALPI,P09923,S,111,0.2892714474759
41416,ENSG00000165699,TSC1,Q92574,S,468,0.259866889856883
41418,ENSG00000102362,SYTL4,Q96C24,S,217,0.474683844736256
41419,ENSG00000204209,DAXX,Q9UER7,S,415,0.261306197085374
41420,ENSG00000134369,NAV1,Q8NEY1,T,1245,0.346785757988913
41423,ENSG00000166734,CASC4,Q6P4E1,S,366,0.574638408195513
41424,ENSG00000148773,MKI67,P46013,S,352,0.222165282671107
41425,ENSG00000102858,MGRN1,O60291,S,506,0.366029815886102
41427,ENSG00000115524,SF3B1,O75533,T,257,0.506383525781614
41429,ENSG00000120278,PLEKHG1,Q9ULL1,S,876,0.0834166619026642
41433,ENSG00000198824,CHAMP1,Q96JM3,S,512,0.265358382432267
41434,ENSG00000001497,LAS1L,Q9Y4W2,S,520,0.107406931538868
41436,ENSG00000048544,MRPS10,P82664,S,193,0.16345387458379
41437,ENSG00000115020,PIKFYVE,Q9Y2I7,T,253,0.33980270405352
41439,ENSG00000090989,EXOC1,Q9NV70,S,489,0.42076485041782
41442,ENSG00000149262,INTS4,Q96HW7,S,602,0.104674599529215
41444,ENSG00000099625,CBARP,Q8N350,S,396,0.377166193938899
41445,ENSG00000123200,ZC3H13,Q5T200,S,873,0.238523227178814
41448,ENSG00000135547,HEY2,Q9UBP5,S,39,0.363759805965775
41449,ENSG00000164402,SEPT8,Q92599,S,20,0.533688573251264
41450,ENSG00000112379,ARFGEF3,Q5TH69,S,1066,0.280002081290864
41454,ENSG00000072786,STK10,O94804,T,952,0.514987824073028
41457,ENSG00000162849,KIF26B,Q2KJY2,S,975,0.208917269482859
41458,ENSG00000068784,SRBD1,Q8N5C6,T,154,0.132104466560927
41459,ENSG00000158079,PTPDC1,A2A3K4,S,534,0.388374010559366
41460,ENSG00000056277,ZNF280C,Q8ND82,S,285,0.108470971246647
41461,ENSG00000163249,CCNYL1,Q8N7R7,S,88,0.479526849097169
41465,ENSG00000182095,TNRC18,O15417,S,991,0.327840236094329
41466,ENSG00000125775,SDCBP2,Q9H190,S,24,0.246415051607435
41470,ENSG00000107957,SH3PXD2A,Q5TCZ1,S,593,0.480697045684166
41471,ENSG00000143553,SNAPIN,O95295,Y,129,0.37090638406545
41472,ENSG00000174437,ATP2A2,P16615,S,555,0.231857806348676
41473,ENSG00000146950,SHROOM2,Q13796,S,1114,0.131045470511513
41475,ENSG00000124813,RUNX2,Q13950,S,275,0.43257225662589
41476,ENSG00000173517,PEAK1,Q9H792,S,1035,0.470584384773012
41479,ENSG00000130396,AFDN,P55196,S,551,0.193756907141441
41481,ENSG00000198824,CHAMP1,Q96JM3,S,432,0.459413668195249
41482,ENSG00000164609,SLU7,O95391,S,98,0.125715489706876
41484,ENSG00000114857,NKTR,P30414,S,1203,0.192432371609651
41485,ENSG00000170921,TANC2,Q9HCD6,S,1446,0.417880942746151
41488,ENSG00000169682,SPNS1,Q9H2V7,T,519,0.226140227250712
41491,ENSG00000109061,MYH1,P12882,Y,389,0.351383873107986
41493,ENSG00000141644,MBD1,Q9UIS9,S,393,0.296008568847249
41496,ENSG00000101076,HNF4A,P41235,T,429,0.470792645752134
41499,ENSG00000198561,CTNND1,O60716,S,862,0.293890013273817
41500,ENSG00000116035,VAX2,Q9UIW0,S,53,0.277991513273405
41502,ENSG00000064703,DDX20,Q9UHI6,T,688,0.328635756614986
41504,ENSG00000198722,UNC13B,O14795,S,359,0.093483212498319
41506,ENSG00000184697,CLDN6,P56747,S,201,0.5203537269061
41507,ENSG00000112159,MDN1,Q9NU22,T,4534,0.16233611427974
41508,ENSG00000168995,SIGLEC7,Q9Y286,S,404,0.392490509590591
41509,ENSG00000121653,MAPK8IP1,Q9UQF2,S,29,0.205037726597907
41510,ENSG00000115904,SOS1,Q07889,S,757,0.186092546420187
41513,ENSG00000135100,HNF1A,P20823,S,247,0.492933061299004
41515,ENSG00000147050,KDM6A,O15550,S,1061,0.396866880287486
41516,ENSG00000107290,SETX,Q7Z333,S,842,0.15994866617855
41517,ENSG00000172936,MYD88,Q99836,S,244,0.400959898936073
41518,ENSG00000113407,TARS,P26639,S,8,0.22355729204229
41519,ENSG00000155363,MOV10,Q9HCE1,S,966,0.0906254107400127
41520,ENSG00000105289,TJP3,O95049,S,331,0.343067137393722
41521,ENSG00000149792,MRPL49,Q13405,S,41,0.222765083036314
41522,ENSG00000113916,BCL6,P41182,S,260,0.222423519286432
41525,ENSG00000092820,EZR,P15311,T,533,0.189853734319741
41526,ENSG00000111737,RAB35,Q15286,T,49,0.14417447703659
41527,ENSG00000169592,INO80E,Q8NBZ0,S,154,0.325370640374035
41528,ENSG00000254087,LYN,P07948,Y,316,0.607084198181499
41530,ENSG00000124228,DDX27,Q96GQ7,S,79,0.183494425640571
41531,ENSG00000150907,FOXO1,Q12778,S,432,0.206009538716718
41532,ENSG00000106635,BCL7B,Q9BQE9,S,151,0.113842150266304
41534,ENSG00000132740,IGHMBP2,P38935,S,716,0.375435838697596
41535,ENSG00000164715,LMTK2,Q8IWU2,S,899,0.0744134728453094
41536,ENSG00000009950,MLXIPL,Q9NP71,S,25,0.348531197098764
41538,ENSG00000120733,KDM3B,Q7LBC6,S,744,0.314228035137136
41540,ENSG00000145103,ILDR1,Q86SU0,S,467,0.340993181159359
41542,ENSG00000164889,SLC4A2,P04920,S,443,0.50741294167762
41544,ENSG00000135540,NHSL1,Q5SYE7,S,723,0.184949214458159
41545,ENSG00000106665,CLIP2,Q9UDT6,S,170,0.0791937572916368
41548,ENSG00000198933,TBKBP1,A7MCY6,S,385,0.496111126018183
41549,ENSG00000136205,TNS3,Q68CZ2,S,440,0.0943039948295108
41552,ENSG00000151150,ANK3,Q12955,S,4349,0.15774757468897
41556,ENSG00000151322,NPAS3,Q8IXF0,S,622,0.263127329889943
41557,ENSG00000167978,SRRM2,Q9UQ35,S,1099,0.267498588828734
41559,ENSG00000131711,MAP1B,P46821,S,1247,0.191605925991636
41560,ENSG00000160953,MUM1,Q2TAK8,S,326,0.396742228888979
41561,ENSG00000107295,SH3GL2,Q99962,S,278,0.10843509285183
41563,ENSG00000146830,GIGYF1,O75420,S,370,0.188048461651921
41564,ENSG00000259956,RBM15B,Q8NDT2,S,229,0.340841367942441
41567,ENSG00000115648,MLPH,Q9BV36,S,314,0.449122235111108
41569,ENSG00000136243,NUPL2,O15504,S,347,0.230754931140387
41571,ENSG00000156599,ZDHHC5,Q9C0B5,Y,396,0.453613216960983
41572,ENSG00000137145,DENND4C,Q5VZ89,S,1285,0.122921392246075
41577,ENSG00000183207,RUVBL2,Q9Y230,S,437,0.304588569715965
41579,ENSG00000124067,SLC12A4,Q9UP95,S,24,0.243588454045096
41580,ENSG00000119638,NEK9,Q8TD19,S,793,0.328855264609543
41581,ENSG00000170873,MTSS1,O43312,T,258,0.604361469300814
41583,ENSG00000112739,PRPF4B,Q13523,S,562,0.263146289567102
41584,ENSG00000123575,FAM199X,Q6PEV8,S,321,0.363579079282386
41585,ENSG00000168807,SNTB2,Q13425,S,224,0.342648817666183
41586,ENSG00000076662,ICAM3,P32942,S,525,0.404193880339789
41588,ENSG00000104067,TJP1,Q07157,T,1521,0.249335926201946
41589,ENSG00000137497,NUMA1,Q14980,T,1811,0.455936454090181
41591,ENSG00000157765,SLC34A2,O95436,S,681,0.118659994295519
41594,ENSG00000198795,ZNF521,Q96K83,S,90,0.16330727492141
41596,ENSG00000180900,SCRIB,Q14160,S,1508,0.295679452799812
41597,ENSG00000005700,IBTK,Q9P2D0,S,1113,0.304685249029639
41598,ENSG00000169554,ZEB2,O60315,S,162,0.128113486706799
41599,ENSG00000167100,SAMD14,Q8IZD0,S,130,0.150290866113052
41601,ENSG00000136193,SCRN1,Q12765,S,322,0.403324310742279
41602,ENSG00000153814,JAZF1,Q86VZ6,T,113,0.702246846815411
41606,ENSG00000165113,GKAP1,Q5VSY0,S,27,0.473316731494283
41608,ENSG00000128191,DGCR8,Q8WYQ5,S,271,0.647345275054636
41609,ENSG00000159200,RCAN1,P53805,S,210,0.108545616997889
41610,ENSG00000170035,UBE2E3,Q969T4,S,12,0.487356805150772
41613,ENSG00000075043,KCNQ2,O43526,S,476,0.466589711627289
41614,ENSG00000131018,SYNE1,Q8NF91,S,5883,0.159540771083784
41615,ENSG00000157895,C12orf43,Q96C57,S,175,0.295778354455998
41617,ENSG00000168763,CNNM3,Q8NE01,S,453,0.400265341878521
41618,ENSG00000196235,SUPT5H,O00267,T,799,0.596452183288149
41619,ENSG00000054611,TBC1D22A,Q8WUA7,S,143,0.44765611790196
41620,ENSG00000143674,MAP3K21,Q5TCX8,S,618,0.364403235827974
41621,ENSG00000257923,CUX1,P39880,S,652,0.175825072813264
41624,ENSG00000125753,VASP,P50552,S,46,0.252030215987449
41625,ENSG00000188176,SMTNL2,Q2TAL5,T,274,0.588054710244215
41626,ENSG00000166889,PATL1,Q86TB9,T,178,0.558675877201724
41628,ENSG00000198160,MIER1,Q8N108,Y,172,0.531733091506066
41632,ENSG00000147601,TERF1,P54274,S,437,0.367988280810329
41634,ENSG00000143702,CEP170,Q5SW79,S,1160,0.497714069295989
41635,ENSG00000051825,MPHOSPH9,Q99550,S,267,0.129743701764296
41641,ENSG00000175707,KDF1,Q8NAX2,S,218,0.385796148608197
41642,ENSG00000113387,SUB1,P53999,S,52,0.36951547432902
41643,ENSG00000171813,PWWP2B,Q6NUJ5,S,250,0.58545165477187
41646,ENSG00000183010,PYCR1,P32322,S,301,0.519372949446874
41647,ENSG00000144320,LNPK,Q9C0E8,S,177,0.501788045180315
41648,ENSG00000137404,NRM,Q8IXM6,S,185,0.434082223747779
41649,ENSG00000204138,PHACTR4,Q8IZ21,S,178,0.294052967325649
41650,ENSG00000149115,TNKS1BP1,Q9C0C2,S,446,0.126114043004476
41652,ENSG00000079308,TNS1,Q9HBL0,T,1266,0.248461265338358
41653,ENSG00000138439,FAM117B,Q6P1L5,S,136,0.522323488565923
41655,ENSG00000135686,KLHL36,Q8N4N3,S,17,0.429735296965049
41661,ENSG00000115524,SF3B1,O75533,T,341,0.52399892119833
41664,ENSG00000107937,GTPBP4,Q9BZE4,S,578,0.445779369028288
41665,ENSG00000132004,FBXW9,Q5XUX1,T,55,0.563606754416537
41668,ENSG00000124383,MPHOSPH10,O00566,S,289,0.166206852580436
41670,ENSG00000177200,CHD9,Q3L8U1,S,654,0.250150366595368
41671,ENSG00000120278,PLEKHG1,Q9ULL1,S,610,0.404795417664248
41672,ENSG00000116141,MARK1,Q9P0L2,S,524,0.102353391540152
41673,ENSG00000127527,EPS15L1,Q9UBC2,S,714,0.237965159385748
41675,ENSG00000111961,SASH1,O94885,S,699,0.324876104899119
41676,ENSG00000127527,EPS15L1,Q9UBC2,S,255,0.775642222139044
41677,ENSG00000174720,LARP7,Q4G0J3,S,351,0.3658960036924
41679,ENSG00000183963,SMTN,P53814,T,360,0.40204299994158
41680,ENSG00000150593,PDCD4,Q53EL6,S,345,0.171637401539844
41681,ENSG00000099992,TBC1D10A,Q9BXI6,S,18,0.307280583066747
41683,ENSG00000114770,ABCC5,O15440,S,14,0.307991627950445
41684,ENSG00000134215,VAV3,Q9UKW4,T,606,0.272509819788264
41685,ENSG00000272886,DCP1A,Q9NPI6,S,545,0.579254927856822
41689,ENSG00000089597,GANAB,Q14697,S,52,0.310454534559675
41691,ENSG00000184226,PCDH9,Q9HC56,S,932,0.260588015046926
41694,ENSG00000124942,AHNAK,Q09666,S,5886,0.0673177217491841
41695,ENSG00000181666,HKR1,P10072,S,220,0.206931445381833
41699,ENSG00000132024,CC2D1A,Q6P1N0,T,470,0.315883217365681
41700,ENSG00000169857,AVEN,Q9NQS1,S,273,0.511760460469216
41702,ENSG00000170921,TANC2,Q9HCD6,S,430,0.210160026359816
41704,ENSG00000137575,SDCBP,O00560,Y,50,0.717727200562485
41705,ENSG00000233493,TMEM238,C9JI98,S,175,0.215568229533632
41706,ENSG00000119777,TMEM214,Q6NUQ4,S,456,0.135107813718829
41707,ENSG00000108840,HDAC5,Q9UQL6,S,661,0.78802058776099
41708,ENSG00000116786,PLEKHM2,Q8IWE5,T,367,0.101951520297995
41710,ENSG00000118200,CAMSAP2,Q08AD1,S,1304,0.303287114680559
41714,ENSG00000143799,PARP1,P09874,T,258,0.135886253872129
41715,ENSG00000108557,RAI1,Q7Z5J4,S,1616,0.285077135035961
41717,ENSG00000075151,EIF4G3,O43432,T,1116,0.299432283037478
41719,ENSG00000184897,H1FX,Q92522,S,2,0.301249191603853
41724,ENSG00000169564,PCBP1,Q15365,S,332,0.126657382623103
41726,ENSG00000078674,PCM1,Q15154,S,90,0.231545975375637
41729,ENSG00000137145,DENND4C,Q5VZ89,T,975,0.0557174798190155
41731,ENSG00000171467,ZNF318,Q5VUA4,T,842,0.273588506042127
41733,ENSG00000174748,RPL15,P61313,Y,59,0.364055796483501
41735,ENSG00000112701,SENP6,Q9GZR1,S,336,0.326384236996449
41736,ENSG00000127084,FGD3,Q5JSP0,S,56,0.277036908963901
41737,ENSG00000173517,PEAK1,Q9H792,S,540,0.317719848811705
41738,ENSG00000010818,HIVEP2,P31629,S,1087,0.195702445380938
41739,ENSG00000151208,DLG5,Q8TDM6,S,1093,0.220225987588129
41740,ENSG00000072135,PTPN18,Q99952,Y,389,0.671881463193837
41742,ENSG00000048707,VPS13D,Q5THJ4,S,1727,0.166707400712877
41743,ENSG00000141699,RETREG3,Q86VR2,T,307,0.750584858442758
41745,ENSG00000143850,PLEKHA6,Q9Y2H5,Y,364,0.436576580242098
41746,ENSG00000145242,EPHA5,P54756,S,960,0.362269346690243
41747,ENSG00000120159,CAAP1,Q9H8G2,S,96,0.315441766862941
41748,ENSG00000173276,ZBTB21,Q9ULJ3,S,981,0.425931114171408
41750,ENSG00000102935,ZNF423,Q2M1K9,S,604,0.427510041718943
41752,ENSG00000079739,PGM1,P36871,S,505,0.671141406549722
41755,ENSG00000180817,PPA1,Q15181,S,250,0.496726194102918
41756,ENSG00000087206,UIMC1,Q96RL1,S,29,0.380126942001365
41757,ENSG00000124784,RIOK1,Q9BRS2,S,416,0.278491953373708
41760,ENSG00000168944,CEP120,Q8N960,S,380,0.433589294233728
41762,ENSG00000125868,DSTN,P60981,S,3,0.942124352212808
41763,ENSG00000108846,ABCC3,O15438,S,281,0.261477426032527
41764,ENSG00000172346,CSDC2,Q9Y534,S,19,0.461483674076331
41765,ENSG00000173442,EHBP1L1,Q8N3D4,S,170,0.338461222696286
41766,ENSG00000149231,CCDC82,Q8N4S0,S,220,0.373099264408529
41770,ENSG00000115840,SLC25A12,O75746,S,101,0.12054876837434
41773,ENSG00000135052,GOLM1,Q8NBJ4,S,204,0.146722101571897
41775,ENSG00000145362,ANK2,Q01484,S,2440,0.103697515055582
41776,ENSG00000165660,ABRAXAS2,Q15018,S,79,0.286654322582707
41778,ENSG00000189114,BLOC1S3,Q6QNY0,T,63,0.544637885177498
41779,ENSG00000149294,NCAM1,P13591,S,780,0.3039262235522
41781,ENSG00000172977,KAT5,Q92993,S,202,0.410035240969317
41782,ENSG00000064042,LIMCH1,Q9UPQ0,S,992,0.182991004273143
41783,ENSG00000023892,DEF6,Q9H4E7,S,568,0.0980102680967387
41784,ENSG00000031081,ARHGAP31,Q2M1Z3,S,476,0.380924058679306
41787,ENSG00000115687,PASK,Q96RG2,S,524,0.281182970481257
41788,ENSG00000006607,FARP2,O94887,S,387,0.10800576637323
41789,ENSG00000039319,ZFYVE16,Q7Z3T8,T,140,0.177581872590832
41791,ENSG00000044574,HSPA5,P11021,S,637,0.260333039023949
41793,ENSG00000114541,FRMD4B,Q9Y2L6,S,940,0.342184929727169
41794,ENSG00000080189,SLC35C2,Q9NQQ7,S,335,0.468357946447101
41795,ENSG00000204305,AGER,Q15109,S,391,0.342758243337738
41796,ENSG00000075426,FOSL2,P15408,S,16,0.258098994017742
41798,ENSG00000078687,TNRC6C,Q9HCJ0,S,1672,0.218222798777405
41800,ENSG00000039560,RAI14,Q9P0K7,S,478,0.203780767269106
41801,ENSG00000031081,ARHGAP31,Q2M1Z3,S,1384,0.140809026791433
41802,ENSG00000174373,RALGAPA1,Q6GYQ0,S,831,0.05214737398093
41803,ENSG00000180182,MED14,O60244,S,998,0.122736920781953
41804,ENSG00000151150,ANK3,Q12955,S,913,0.357388486197316
41808,ENSG00000129534,MIS18BP1,Q6P0N0,S,634,0.180020496626749
41810,ENSG00000154174,TOMM70,O94826,S,253,0.525675443819723
41811,ENSG00000143337,TOR1AIP1,Q5JTV8,S,317,0.228230186618287
41812,ENSG00000143702,CEP170,Q5SW79,S,930,0.364583691600469
41814,ENSG00000130723,PRRC2B,Q5JSZ5,S,226,0.323873973042037
41815,ENSG00000145241,CENPC,Q03188,T,734,0.359268285446997
41816,ENSG00000204843,DCTN1,Q14203,S,541,0.109366415893123
41817,ENSG00000185950,IRS2,Q9Y4H2,S,828,0.259542787417192
41818,ENSG00000154678,PDE1C,Q14123,S,488,0.122016313994669
41822,ENSG00000104866,PPP1R37,O75864,S,667,0.0988842742032296
41825,ENSG00000152234,ATP5F1A,P25705,S,52,0.144678615267658
41828,ENSG00000198198,SZT2,Q5T011,S,1825,0.266291435849193
41829,ENSG00000197386,HTT,P42858,S,1179,0.47003209799176
41830,ENSG00000065057,NTHL1,P78549,S,73,0.337961223824333
41831,ENSG00000153132,CLGN,O14967,S,576,0.155921436062677
41832,ENSG00000138119,MYOF,Q9NZM1,T,172,0.281084239203337
41835,ENSG00000124831,LRRFIP1,Q32MZ4,S,603,0.116324996722823
41838,ENSG00000056586,RC3H2,Q9HBD1,S,549,0.441956194596789
41839,ENSG00000163125,RPRD2,Q5VT52,S,436,0.0592058411493672
41840,ENSG00000167258,CDK12,Q9NYV4,S,249,0.372477098469715
41843,ENSG00000138592,USP8,P40818,S,153,0.22169438983018
41846,ENSG00000102230,PCYT1B,Q9Y5K3,S,315,0.639106195767047
41847,ENSG00000110713,NUP98,P52948,S,1018,0.278318408421531
41849,ENSG00000131149,GSE1,Q14687,S,826,0.473317663017172
41850,ENSG00000111276,CDKN1B,P46527,S,106,0.238574875987132
41851,ENSG00000104067,TJP1,Q07157,S,241,0.144183184754685
41853,ENSG00000151292,CSNK1G3,Q9Y6M4,S,413,0.280185090207151
41854,ENSG00000138190,EXOC6,Q8TAG9,S,446,0.212177449087028
41855,ENSG00000138439,FAM117B,Q6P1L5,S,219,0.539492877353647
41856,ENSG00000104067,TJP1,Q07157,S,973,0.164026038884666
41857,ENSG00000055609,KMT2C,Q8NEZ4,S,854,0.0888483111125711
41859,ENSG00000064999,ANKS1A,Q92625,S,622,0.365172523335516
41861,ENSG00000131409,LRRC4B,Q9NT99,S,704,0.330559872127011
41865,ENSG00000198910,L1CAM,P32004,S,1190,0.245598242826865
41866,ENSG00000100065,CARD10,Q9BWT7,T,901,0.209497418570936
41868,ENSG00000166024,R3HCC1L,Q7Z5L2,S,42,0.18253960942637
41870,ENSG00000131620,ANO1,Q5XXA6,S,974,0.435373303904639
41871,ENSG00000095787,WAC,Q9BTA9,S,131,0.259201337098617
41873,ENSG00000111961,SASH1,O94885,S,1031,0.388241777232382
41876,ENSG00000138434,SSFA2,P28290,T,945,0.1814434356734
41879,ENSG00000102401,ARMCX3,Q9UH62,S,119,0.429837669168437
41881,ENSG00000204138,PHACTR4,Q8IZ21,S,288,0.246875972857317
41882,ENSG00000139354,GAS2L3,Q86XJ1,S,307,0.434323902343745
41885,ENSG00000116786,PLEKHM2,Q8IWE5,S,334,0.31717703184659
41886,ENSG00000168071,CCDC88B,A6NC98,T,1346,0.0839697859448979
41887,ENSG00000124766,SOX4,Q06945,S,344,0.16745430535796
41888,ENSG00000198561,CTNND1,O60716,S,169,0.234445725055108
41894,ENSG00000116675,DNAJC6,O75061,S,456,0.258123164017855
41895,ENSG00000102302,FGD1,P98174,S,149,0.234227578818561
41896,ENSG00000139625,MAP3K12,Q12852,S,11,0.205650900378274
41897,ENSG00000162104,ADCY9,O60503,S,1269,0.241158968333986
41899,ENSG00000151327,FAM177A1,Q8N128,S,156,0.224721492111752
41905,ENSG00000010818,HIVEP2,P31629,S,2311,0.0527428275703252
41906,ENSG00000164916,FOXK1,P85037,S,309,0.326548732510771
41907,ENSG00000121900,TMEM54,Q969K7,T,221,0.179850698043582
41908,ENSG00000049759,NEDD4L,Q96PU5,S,464,0.396748976151276
41910,ENSG00000248905,FMN1,Q68DA7,S,398,0.152306730984304
41912,ENSG00000165030,NFIL3,Q16649,S,275,0.201416764223758
41913,ENSG00000085733,CTTN,Q14247,Y,446,0.676415370196983
41915,ENSG00000196498,NCOR2,Q9Y618,T,946,0.30845325761849
41917,ENSG00000114790,ARHGEF26,Q96DR7,S,725,0.271627784449262
41921,ENSG00000130396,AFDN,P55196,S,1783,0.136811227874075
41922,ENSG00000167548,KMT2D,O14686,S,4328,0.131229233998692
41924,ENSG00000184708,EIF4ENIF1,Q9NRA8,S,351,0.37012488555841
41925,ENSG00000072080,SPP2,Q13442,S,170,0.407907481134526
41926,ENSG00000144645,OSBPL10,Q9BXB5,S,232,0.456328467458025
41927,ENSG00000174799,CEP135,Q66GS9,T,488,0.431293588134294
41928,ENSG00000181789,COPG1,Q9Y678,S,246,0.0954720292160617
41929,ENSG00000100982,PCIF1,Q9H4Z3,S,30,0.701031685216635
41934,ENSG00000131473,ACLY,P53396,Y,682,0.696598493523576
41935,ENSG00000164327,RICTOR,Q6R327,T,1222,0.239072666779221
41937,ENSG00000125827,TMX4,Q9H1E5,S,294,0.168454804092967
41940,ENSG00000118985,ELL2,O00472,S,305,0.469804304357217
41941,ENSG00000096433,ITPR3,Q14573,S,1834,0.257060197569768
41942,ENSG00000158941,CCAR2,Q8N163,S,640,0.158649026605178
41945,ENSG00000198947,DMD,P11532,S,3490,0.439146989728227
41946,ENSG00000099308,MAST3,O60307,S,1215,0.460580770954924
41949,ENSG00000131711,MAP1B,P46821,S,1939,0.221515510967625
41950,ENSG00000104722,NEFM,P07197,S,558,0.204428132215046
41953,ENSG00000236279,CLEC2L,P0C7M8,S,55,0.140151107738679
41954,ENSG00000181827,RFX7,Q2KHR2,S,1296,0.134681192598633
41955,ENSG00000124429,POF1B,Q8WVV4,S,495,0.223237720575224
41957,ENSG00000141448,GATA6,Q92908,S,377,0.341852190981384
41959,ENSG00000122386,ZNF205,O95201,S,94,0.24248334646285
41960,ENSG00000136861,CDK5RAP2,Q96SN8,T,1885,0.202187628302354
41964,ENSG00000111961,SASH1,O94885,S,730,0.285171137833659
41967,ENSG00000157216,SSBP3,Q9BWW4,S,347,0.591569140959941
41969,ENSG00000126705,AHDC1,Q5TGY3,S,1324,0.290558254145254
41970,ENSG00000128923,MINDY2,Q8NBR6,S,587,0.200163455659108
41973,ENSG00000168672,FAM84B,Q96KN1,S,179,0.104813626835165
41974,ENSG00000166716,ZNF592,Q92610,S,460,0.431491312378676
41975,ENSG00000118200,CAMSAP2,Q08AD1,T,1296,0.0620255088551521
41976,ENSG00000101811,CSTF2,P33240,S,513,0.0803101255752989
41977,ENSG00000143702,CEP170,Q5SW79,T,1533,0.254019913657817
41980,ENSG00000197694,SPTAN1,Q13813,S,1557,0.143327251456405
41982,ENSG00000129667,RHBDF2,Q6PJF5,S,117,0.352664055762831
41983,ENSG00000168264,IRF2BP2,Q7Z5L9,S,406,0.590219630250169
41984,ENSG00000146216,TTBK1,Q5TCY1,S,441,0.262281113303631
41986,ENSG00000031823,RANBP3,Q9H6Z4,T,204,0.102983311141603
41987,ENSG00000196663,TECPR2,O15040,S,408,0.129240295794671
41991,ENSG00000114982,KANSL3,Q9P2N6,S,523,0.439925829238779
41992,ENSG00000072518,MARK2,Q7KZI7,T,560,0.124300309977211
41993,ENSG00000059378,PARP12,Q9H0J9,S,263,0.547210513329938
41994,ENSG00000130479,MAP1S,Q66K74,S,729,0.369439003968087
41996,ENSG00000101040,ZMYND8,Q9ULU4,S,24,0.458949324560106
41998,ENSG00000180921,FAM83H,Q6ZRV2,S,813,0.173184874988618
42000,ENSG00000197603,C5orf42,Q9H799,S,3073,0.125340960537499
42004,ENSG00000167978,SRRM2,Q9UQ35,S,2690,0.448801140786269
42006,ENSG00000168646,AXIN2,Q9Y2T1,S,454,0.457890605893479
42009,ENSG00000101040,ZMYND8,Q9ULU4,S,28,0.239138282941382
42010,ENSG00000063245,EPN1,Q9Y6I3,S,420,0.331761149873377
42012,ENSG00000184343,SRPK3,Q9UPE1,S,335,0.338459873506147
42013,ENSG00000131711,MAP1B,P46821,S,1803,0.0417254803392754
42015,ENSG00000157765,SLC34A2,O95436,T,669,0.175076033593557
42016,ENSG00000160917,CPSF4,O95639,S,267,0.147065125582288
42018,ENSG00000177156,TALDO1,P37837,S,4,0.735585215248884
42020,ENSG00000104419,NDRG1,Q92597,S,344,0.552474113536638
42023,ENSG00000136383,ALPK3,Q96L96,S,1424,0.24542740245781
42024,ENSG00000029725,RABEP1,Q15276,S,407,0.599188467725136
42026,ENSG00000105323,HNRNPUL1,Q9BUJ2,T,507,0.144436373328238
42027,ENSG00000146950,SHROOM2,Q13796,T,219,0.233362741276772
42029,ENSG00000112297,CRYBG1,Q9Y4K1,T,525,0.247491013699902
42030,ENSG00000162706,CADM3,Q8N126,S,388,0.146225881467103
42034,ENSG00000166579,NDEL1,Q9GZM8,S,242,0.608180778535
42035,ENSG00000056998,GYG2,O15488,S,468,0.442682144725991
42037,ENSG00000141577,CEP131,Q9UPN4,S,447,0.223296989799513
42038,ENSG00000008294,SPAG9,O60271,S,283,0.207578347100212
42039,ENSG00000143702,CEP170,Q5SW79,S,887,0.179426492527553
42041,ENSG00000156482,RPL30,P62888,S,16,0.282119520864546
42043,ENSG00000124772,CPNE5,Q9HCH3,S,587,0.233837441579659
42046,ENSG00000099260,PALMD,Q9NP74,S,251,0.378027477762678
42047,ENSG00000186994,KANK3,Q6NY19,S,152,0.343623609226605
42050,ENSG00000169564,PCBP1,Q15365,S,86,0.162732843648785
42051,ENSG00000138101,DTNB,O60941,S,535,0.572270981264657
42052,ENSG00000138688,KIAA1109,Q2LD37,S,3562,0.108330652084757
42053,ENSG00000154310,TNIK,Q9UKE5,S,324,0.465412066056949
42055,ENSG00000133056,PIK3C2B,O00750,S,225,0.104175237313944
42056,ENSG00000124782,RREB1,Q92766,S,1225,0.214063406642676
42059,ENSG00000095637,SORBS1,Q9BX66,S,115,0.118964196334299
42060,ENSG00000146426,TIAM2,Q8IVF5,S,1569,0.264163688941004
42061,ENSG00000164535,DAGLB,Q8NCG7,S,574,0.373392067425131
42062,ENSG00000131711,MAP1B,P46821,T,1878,0.19373415325672
42063,ENSG00000156531,PHF6,Q8IWS0,S,155,0.546524434946579
42064,ENSG00000148019,CEP78,Q5JTW2,S,453,0.0926866182938807
42066,ENSG00000130396,AFDN,P55196,S,1300,0.191191514248548
42068,ENSG00000100604,CHGA,P10645,S,53,0.312612389863265
42069,ENSG00000103479,RBL2,Q08999,S,973,0.383944921991746
42070,ENSG00000101076,HNF4A,P41235,S,143,0.652109897463947
42071,ENSG00000110395,CBL,P22681,S,667,0.246171919698555
42072,ENSG00000122068,FYTTD1,Q96QD9,S,61,0.227400426444441
42078,ENSG00000125398,SOX9,P48436,S,494,0.284610056784339
42079,ENSG00000122965,RBM19,Q9Y4C8,S,489,0.212239641840414
42080,ENSG00000266173,STRADA,Q7RTN6,S,313,0.313787027793491
42083,ENSG00000130726,TRIM28,Q13263,S,816,0.23752318859533
42084,ENSG00000157540,DYRK1A,Q13627,S,758,0.47649277368332
42085,ENSG00000088888,MAVS,Q7Z434,S,275,0.153835865456197
42086,ENSG00000177303,CASKIN2,Q8WXE0,S,908,0.426665383553705
42088,ENSG00000015171,ZMYND11,Q15326,S,421,0.28196862889955
42090,ENSG00000141738,GRB7,Q14451,S,66,0.26974764802418
42092,ENSG00000165672,PRDX3,P30048,T,234,0.353286008032886
42096,ENSG00000120685,PROSER1,Q86XN7,T,162,0.240577634922751
42097,ENSG00000151208,DLG5,Q8TDM6,S,1156,0.211466497341469
42098,ENSG00000167522,ANKRD11,Q6UB99,S,2021,0.215214093866179
42099,ENSG00000063046,EIF4B,P23588,T,14,0.189132512147377
42102,ENSG00000136935,GOLGA1,Q92805,S,33,0.322846304053749
42104,ENSG00000100578,KIAA0586,Q9BVV6,S,1130,0.223322240900432
42105,ENSG00000178209,PLEC,Q15149,S,2755,0.175309489168027
42107,ENSG00000158856,DMTN,Q08495,S,21,0.192033545218173
42108,ENSG00000040633,PHF23,Q9BUL5,S,400,0.218122144783392
42109,ENSG00000203485,INF2,Q27J81,S,372,0.482968305140089
42112,ENSG00000021826,CPS1,P31327,S,1079,0.23764792144585
42114,ENSG00000103534,TMC5,Q6UXY8,S,269,0.185511857418838
42117,ENSG00000111490,TBC1D30,Q9Y2I9,S,114,0.41542129844903
42118,ENSG00000136141,LRCH1,Q9Y2L9,T,538,0.248648495397128
42120,ENSG00000138771,SHROOM3,Q8TF72,S,1131,0.0417613318767289
42121,ENSG00000179241,LDLRAD3,Q86YD5,S,304,0.142308967285957
42122,ENSG00000101972,STAG2,Q8N3U4,T,1118,0.326844627970569
42124,ENSG00000180263,FGD6,Q6ZV73,S,205,0.10840217038625
42125,ENSG00000127483,HP1BP3,Q5SSJ5,S,47,0.308217088688219
42126,ENSG00000167323,STIM1,Q13586,S,519,0.595981363983973
42128,ENSG00000264522,OTUD7B,Q6GQQ9,S,449,0.525335711974767
42129,ENSG00000100207,TCF20,Q9UGU0,S,419,0.379456519606774
42130,ENSG00000163513,TGFBR2,P37173,S,551,0.423855179886544
42131,ENSG00000182253,SYNM,O15061,S,1217,0.119178871704853
42133,ENSG00000010270,STARD3NL,O95772,S,218,0.532529039517903
42134,ENSG00000168172,HOOK3,Q86VS8,S,238,0.449008808984184
42135,ENSG00000038382,TRIO,O75962,S,1814,0.286337151089335
42138,ENSG00000185760,KCNQ5,Q9NR82,S,78,0.222889780546633
42141,ENSG00000084112,SSH1,Q8WYL5,T,922,0.265404987779492
42142,ENSG00000087274,ADD1,P35611,T,480,0.309499745506422
42143,ENSG00000100417,PMM1,Q92871,S,242,0.286173498764051
42147,ENSG00000165655,ZNF503,Q96F45,S,237,0.43961626572164
42153,ENSG00000060237,WNK1,Q9H4A3,S,1220,0.205705724442831
42154,ENSG00000140326,CDAN1,Q8IWY9,S,285,0.269548785158508
42155,ENSG00000101557,USP14,P54578,S,260,0.243012849255949
42156,ENSG00000174705,SH3PXD2B,A1X283,S,491,0.226882622619015
42157,ENSG00000061273,HDAC7,Q8WUI4,S,405,0.266398727797482
42158,ENSG00000136205,TNS3,Q68CZ2,S,602,0.190175267022149
42159,ENSG00000015171,ZMYND11,Q15326,S,138,0.145603146496368
42162,ENSG00000198561,CTNND1,O60716,Y,174,0.477477293781482
42163,ENSG00000056972,TRAF3IP2,O43734,S,383,0.243474910071623
42169,ENSG00000011028,MRC2,Q9UBG0,S,1453,0.464397013196582
42170,ENSG00000170903,MSANTD4,Q8NCY6,S,137,0.153659667563572
42171,ENSG00000196220,SRGAP3,O43295,S,1070,0.341200940157453
42172,ENSG00000171357,LURAP1,Q96LR2,S,126,0.420874687729471
42173,ENSG00000144567,RETREG2,Q8NC44,S,283,0.604622894234382
42174,ENSG00000090905,TNRC6A,Q8NDV7,S,672,0.0587221576209265
42175,ENSG00000185567,AHNAK2,Q8IVF2,S,297,0.276902657467868
42176,ENSG00000114541,FRMD4B,Q9Y2L6,S,675,0.323371520414889
42179,ENSG00000141027,NCOR1,O75376,S,764,0.125530977396649
42180,ENSG00000168918,INPP5D,Q92835,S,1156,0.110979157866694
42183,ENSG00000134758,RNF138,Q8WVD3,S,139,0.341341321958094
42184,ENSG00000084112,SSH1,Q8WYL5,S,937,0.790139893464244
42185,ENSG00000085733,CTTN,Q14247,Y,421,0.669450485315211
42186,ENSG00000090975,PITPNM2,Q9BZ72,S,367,0.208227633523642
42187,ENSG00000173457,PPP1R14B,Q96C90,S,32,0.642952609823194
42188,ENSG00000152942,RAD17,O75943,S,410,0.354893039219114
42192,ENSG00000066735,KIF26A,Q9ULI4,S,1437,0.104798094329357
42193,ENSG00000072364,AFF4,Q9UHB7,S,409,0.0746127649643772
42194,ENSG00000125414,MYH2,Q9UKX2,S,1294,0.176304262887467
42195,ENSG00000144635,DYNC1LI1,Q9Y6G9,S,510,0.542624550715986
42197,ENSG00000100281,HMGXB4,Q9UGU5,T,505,0.101175378871923
42198,ENSG00000118322,ATP10B,O94823,S,617,0.154818817136706
42200,ENSG00000140682,TGFB1I1,O43294,S,186,0.136173269570798
42201,ENSG00000122367,LDB3,O75112,S,123,0.195531409957757
42202,ENSG00000137221,TJAP1,Q5JTD0,S,320,0.566097169375728
42203,ENSG00000101972,STAG2,Q8N3U4,S,1161,0.140286602697353
42204,ENSG00000166783,MARF1,Q9Y4F3,S,45,0.255916602271849
42205,ENSG00000162522,KIAA1522,Q9P206,S,579,0.210210848854631
42206,ENSG00000197256,KANK2,Q63ZY3,S,19,0.520057825151492
42209,ENSG00000074047,GLI2,P10070,S,1101,0.280779940490497
42210,ENSG00000112561,TFEB,P19484,S,467,0.668103225224066
42212,ENSG00000081803,CADPS2,Q86UW7,T,1286,0.0736777782428228
42213,ENSG00000148481,MINDY3,Q9H8M7,S,18,0.173437106160823
42214,ENSG00000179588,ZFPM1,Q8IX07,S,638,0.186089087805573
42217,ENSG00000145241,CENPC,Q03188,S,308,0.219348296280874
42225,ENSG00000114738,MAPKAPK3,Q16644,Y,204,0.428310088636311
42227,ENSG00000120913,PDLIM2,Q96JY6,T,91,0.136673434476134
42228,ENSG00000158195,WASF2,Q9Y6W5,S,474,0.298061495758763
42230,ENSG00000163558,PRKCI,P41743,S,19,0.346954619354315
42231,ENSG00000116604,MEF2D,Q14814,S,192,0.528756959948953
42232,ENSG00000132405,TBC1D14,Q9P2M4,S,91,0.318442731060597
42233,ENSG00000049759,NEDD4L,Q96PU5,S,449,0.57127946156209
42235,ENSG00000138771,SHROOM3,Q8TF72,S,1492,0.0925410338090166
42236,ENSG00000101199,ARFGAP1,Q8N6T3,S,125,0.567090431106374
42237,ENSG00000171467,ZNF318,Q5VUA4,S,501,0.30809909790886
42238,ENSG00000166181,API5,Q9BZZ5,T,460,0.299761072292275
42239,ENSG00000141027,NCOR1,O75376,S,1143,0.167843401372864
42240,ENSG00000132170,PPARG,P37231,S,112,0.665755693109737
42243,ENSG00000130726,TRIM28,Q13263,S,437,0.373155948296902
42245,ENSG00000166398,KIAA0355,O15063,S,956,0.300720463698326
42247,ENSG00000101191,DIDO1,Q9BTC0,S,101,0.236941696361863
42255,ENSG00000242247,ARFGAP3,Q9NP61,S,374,0.304948615725273
42259,ENSG00000090060,PAPOLA,P51003,S,532,0.108693396505267
42260,ENSG00000070047,PHRF1,Q9P1Y6,S,950,0.146211489365552
42261,ENSG00000103657,HERC1,Q15751,T,2709,0.177860119009365
42264,ENSG00000141027,NCOR1,O75376,S,2084,0.335124971638893
42265,ENSG00000132768,DPH2,Q9BQC3,S,488,0.281300620665943
42266,ENSG00000172354,GNB2,P62879,T,29,0.379334068023166
42268,ENSG00000134308,YWHAQ,P27348,S,92,0.268974717941342
42270,ENSG00000101199,ARFGAP1,Q8N6T3,S,304,0.428498595452546
42272,ENSG00000164944,VIRMA,Q69YN4,S,1578,0.243000968051683
42274,ENSG00000058404,CAMK2B,Q13554,S,461,0.450235098955825
42275,ENSG00000131724,IL13RA1,P78552,S,415,0.478028321796532
42278,ENSG00000164309,CMYA5,Q8N3K9,S,1158,0.0512562737308582
42279,ENSG00000073578,SDHA,P31040,S,530,0.156075837115635
42282,ENSG00000153827,TRIP12,Q14669,S,942,0.520695090374962
42283,ENSG00000166925,TSC22D4,Q9Y3Q8,S,24,0.21531915201382
42284,ENSG00000170579,DLGAP1,O14490,S,52,0.174278080388543
42286,ENSG00000181827,RFX7,Q2KHR2,S,282,0.254902617355431
42287,ENSG00000110274,CEP164,Q9UPV0,S,1374,0.164639913842057
42289,ENSG00000147649,MTDH,Q86UE4,S,565,0.292926592737589
42291,ENSG00000112379,ARFGEF3,Q5TH69,S,1635,0.0940158735445523
42292,ENSG00000198363,ASPH,Q12797,S,29,0.578552552661014
42293,ENSG00000183092,BEGAIN,Q9BUH8,S,563,0.34247100013638
42294,ENSG00000152082,MZT2B,Q6NZ67,T,35,0.332178665223447
42295,ENSG00000124942,AHNAK,Q09666,T,4999,0.150309843352804
42296,ENSG00000172985,SH3RF3,Q8TEJ3,S,381,0.323314025574431
42299,ENSG00000141564,RPTOR,Q8N122,S,884,0.281752490113151
42301,ENSG00000099992,TBC1D10A,Q9BXI6,S,39,0.310976871861021
42302,ENSG00000138175,ARL3,P36405,S,5,0.642436644298161
42305,ENSG00000168944,CEP120,Q8N960,S,402,0.282782134961422
42306,ENSG00000112685,EXOC2,Q96KP1,S,435,0.334623769505818
42307,ENSG00000109458,GAB1,Q13480,S,264,0.1887314395329
42310,ENSG00000120159,CAAP1,Q9H8G2,T,90,0.58269106646168
42314,ENSG00000044090,CUL7,Q14999,S,1124,0.215460175930427
42315,ENSG00000073111,MCM2,P49736,S,26,0.627237459332626
42316,ENSG00000122566,HNRNPA2B1,P22626,S,201,0.669310377070353
42317,ENSG00000143373,ZNF687,Q8N1G0,S,1146,0.195360417351188
42319,ENSG00000169710,FASN,P49327,S,2236,0.480685288738961
42320,ENSG00000119522,DENND1A,Q8TEH3,S,536,0.318454996855143
42325,ENSG00000177556,ATOX1,O00244,S,47,0.402253096042442
42326,ENSG00000215271,HOMEZ,Q8IX15,S,317,0.194384783511639
42327,ENSG00000132466,ANKRD17,O75179,S,156,0.218210274200517
42330,ENSG00000107331,ABCA2,Q9BZC7,T,2412,0.279013958871329
42332,ENSG00000168438,CDC40,O60508,S,43,0.495086468515031
42333,ENSG00000116580,GON4L,Q3T8J9,T,10,0.131836866407458
42334,ENSG00000102710,SUPT20H,Q8NEM7,S,508,0.364533127536194
42335,ENSG00000158195,WASF2,Q9Y6W5,T,126,0.100403492611878
42336,ENSG00000213920,MDP1,Q86V88,S,172,0.43571820158563
42338,ENSG00000148655,LRMDA,Q9H2I8,S,146,0.275678526336325
42339,ENSG00000127527,EPS15L1,Q9UBC2,S,253,0.407397172222676
42341,ENSG00000104881,PPP1R13L,Q8WUF5,S,120,0.570013371998099
42344,ENSG00000171793,CTPS1,P17812,S,571,0.410319847064565
42345,ENSG00000111642,CHD4,Q14839,S,86,0.223609817532855
42348,ENSG00000168522,FNTA,P49354,S,373,0.459100849352046
42350,ENSG00000080845,DLGAP4,Q9Y2H0,S,611,0.347058009235848
42351,ENSG00000160049,DFFA,O00273,Y,27,0.350364308803262
42352,ENSG00000196517,SLC6A9,P48067,S,673,0.195306798894897
42353,ENSG00000039319,ZFYVE16,Q7Z3T8,S,330,0.108014725749132
42355,ENSG00000089597,GANAB,Q14697,S,866,0.379021384573364
42357,ENSG00000164916,FOXK1,P85037,S,249,0.543371280603403
42359,ENSG00000134278,SPIRE1,Q08AE8,S,482,0.264716368084214
42360,ENSG00000215114,UBXN2B,Q14CS0,S,234,0.520636879874897
42363,ENSG00000115548,KDM3A,Q9Y4C1,S,445,0.243564895352435
42364,ENSG00000170006,TMEM154,Q6P9G4,S,117,0.395563690406107
42366,ENSG00000131374,TBC1D5,Q92609,S,767,0.131510191397837
42368,ENSG00000050405,LIMA1,Q9UHB6,T,57,0.472747343356996
42369,ENSG00000115760,BIRC6,Q9NR09,S,449,0.186269880653711
42370,ENSG00000118200,CAMSAP2,Q08AD1,T,426,0.222214045424047
42371,ENSG00000074755,ZZEF1,O43149,T,66,0.141432821715606
42380,ENSG00000099940,SNAP29,O95721,S,77,0.544342005067413
42384,ENSG00000173230,GOLGB1,Q14789,S,869,0.213761987647787
42385,ENSG00000127481,UBR4,Q5T4S7,S,1747,0.204701237607896
42386,ENSG00000124782,RREB1,Q92766,S,1273,0.233053469636655
42389,ENSG00000105738,SIPA1L3,O60292,S,1135,0.32723219091401
42390,ENSG00000088205,DDX18,Q9NVP1,S,627,0.259209831342019
42393,ENSG00000088387,DOCK9,Q9BZ29,S,1283,0.271019758994319
42394,ENSG00000117519,CNN3,Q15417,Y,261,0.389482627013058
42396,ENSG00000118689,FOXO3,O43524,S,553,0.132500574019805
42399,ENSG00000092853,CLSPN,Q9HAW4,S,950,0.362213228083273
42401,ENSG00000114857,NKTR,P30414,S,470,0.290311105616446
42405,ENSG00000147874,HAUS6,Q7Z4H7,S,660,0.247396535911647
42409,ENSG00000107554,DNMBP,Q6XZF7,S,316,0.182994931349632
42411,ENSG00000174600,CMKLR1,Q99788,S,349,0.388090376392277
42413,ENSG00000090975,PITPNM2,Q9BZ72,S,872,0.460316015733686
42415,ENSG00000102710,SUPT20H,Q8NEM7,S,524,0.439240713034528
42416,ENSG00000204371,EHMT2,Q96KQ7,T,172,0.0852105014009095
42417,ENSG00000168710,AHCYL1,O43865,S,84,0.481429029393637
42418,ENSG00000133121,STARD13,Q9Y3M8,S,457,0.425302299644167
42419,ENSG00000134243,SORT1,Q99523,Y,792,0.509154861253215
42421,ENSG00000163565,IFI16,Q16666,S,546,0.259662996744196
42426,ENSG00000065559,MAP2K4,P45985,S,393,0.280860061168293
42427,ENSG00000142599,RERE,Q9P2R6,S,142,0.125372009264032
42428,ENSG00000101306,MYLK2,Q9H1R3,S,184,0.159146265347332
42431,ENSG00000184014,DENND5A,Q6IQ26,S,455,0.356680493649299
42433,ENSG00000178950,GAK,O14976,S,1176,0.229455646608059
42434,ENSG00000180834,MAP6D1,Q9H9H5,S,100,0.179036696763847
42437,ENSG00000136478,TEX2,Q8IWB9,S,165,0.23590877186474
42441,ENSG00000133083,DCLK1,O15075,S,310,0.108236416922412
42443,ENSG00000152503,TRIM36,Q9NQ86,S,87,0.383177390838364
42444,ENSG00000100380,ST13,P50502,S,181,0.262383759716507
42445,ENSG00000101470,TNNC2,P02585,S,134,0.250878878658014
42449,ENSG00000116685,KIAA2013,Q8IYS2,T,212,0.113946554787225
42453,ENSG00000133454,MYO18B,Q8IUG5,S,2236,0.109903034100265
42455,ENSG00000169047,IRS1,P35568,S,1133,0.108696651110894
42456,ENSG00000118432,CNR1,P21554,S,316,0.189616768353406
42457,ENSG00000164164,OTUD4,Q01804,S,1023,0.298705197470546
42458,ENSG00000101347,SAMHD1,Q9Y3Z3,T,25,0.412415559203369
42459,ENSG00000185033,SEMA4B,Q9NPR2,S,830,0.288099655815924
42460,ENSG00000134283,PPHLN1,Q8NEY8,S,155,0.536381848260035
42462,ENSG00000107560,RAB11FIP2,Q7L804,S,429,0.128651000312822
42467,ENSG00000128590,DNAJB9,Q9UBS3,S,133,0.345720939524939
42468,ENSG00000165185,KIAA1958,Q8N8K9,S,97,0.445854076148301
42471,ENSG00000162236,STX5,Q13190,S,9,0.558529332993825
42474,ENSG00000131725,WDR44,Q5JSH3,S,571,0.233227525163049
42476,ENSG00000189159,JPT1,Q9UK76,S,49,0.411972216201758
42480,ENSG00000072832,CRMP1,Q14194,S,518,0.377118822058153
42481,ENSG00000164190,NIPBL,Q6KC79,S,2568,0.366675533877826
42482,ENSG00000166963,MAP1A,P78559,S,1160,0.200615725407523
42483,ENSG00000124782,RREB1,Q92766,S,539,0.232562016273561
42485,ENSG00000142733,MAP3K6,O95382,S,984,0.416674764272547
42488,ENSG00000155886,SLC24A2,Q9UI40,S,336,0.24203322864876
42489,ENSG00000166833,NAV2,Q8IVL1,S,1488,0.326785853305541
42491,ENSG00000114942,EEF1B2,P24534,S,42,0.248513409705234
42498,ENSG00000151208,DLG5,Q8TDM6,S,1146,0.170533468190728
42499,ENSG00000081026,MAGI3,Q5TCQ9,S,251,0.152342591397336
42503,ENSG00000134769,DTNA,Q9Y4J8,S,584,0.16706057927233
42505,ENSG00000133454,MYO18B,Q8IUG5,S,2377,0.22329573628215
42510,ENSG00000152409,JMY,Q8N9B5,S,971,0.220930982747724
42511,ENSG00000118200,CAMSAP2,Q08AD1,T,1279,0.381691707872256
42512,ENSG00000130528,HRC,P23327,S,221,0.297261643204782
42514,ENSG00000186174,BCL9L,Q86UU0,S,25,0.398638986190971
42516,ENSG00000144426,NBEAL1,Q6ZS30,S,2664,0.0510702773580338
42517,ENSG00000131725,WDR44,Q5JSH3,S,568,0.290755171386128
42518,ENSG00000101811,CSTF2,P33240,S,524,0.638006496927014
42519,ENSG00000089351,GRAMD1A,Q96CP6,S,47,0.117005415009095
42523,ENSG00000066739,ATG2B,Q96BY7,S,1757,0.121270422205709
42525,ENSG00000164078,MST1R,Q04912,S,1043,0.132149009264202
42529,ENSG00000124164,VAPB,O95292,S,206,0.516244860973896
42531,ENSG00000250423,KIAA1210,Q9ULL0,S,1441,0.0607064317797206
42534,ENSG00000052795,FNIP2,Q9P278,S,726,0.467445570641058
42536,ENSG00000137216,TMEM63B,Q5T3F8,S,113,0.353622714443368
42537,ENSG00000154767,XPC,Q01831,S,883,0.600547312278138
42538,ENSG00000099308,MAST3,O60307,S,85,0.684934023586643
42539,ENSG00000185950,IRS2,Q9Y4H2,S,615,0.195536384481591
42540,ENSG00000139436,GIT2,Q14161,T,587,0.336140940693164
42541,ENSG00000080200,CRYBG3,Q68DQ2,S,802,0.147067454741858
42542,ENSG00000106346,USP42,Q9H9J4,S,75,0.346745220667775
42543,ENSG00000122482,ZNF644,Q9H582,S,199,0.0711703292268348
42544,ENSG00000130726,TRIM28,Q13263,S,439,0.332316304786622
42545,ENSG00000021355,SERPINB1,P30740,S,300,0.255051539587162
42547,ENSG00000119231,SENP5,Q96HI0,S,289,0.454808361709379
42550,ENSG00000060656,PTPRU,Q92729,S,863,0.532483199567823
42551,ENSG00000187164,SHTN1,A0MZ66,S,515,0.238850253452857
42552,ENSG00000101871,MID1,O15344,S,90,0.376625550469252
42553,ENSG00000151623,NR3C2,P08235,S,259,0.6540202568651
42554,ENSG00000148840,PPRC1,Q5VV67,S,842,0.0890138052869026
42559,ENSG00000205903,ZNF316,A6NFI3,S,540,0.102736864032794
42561,ENSG00000100364,KIAA0930,Q6ICG6,S,289,0.489618036189596
42562,ENSG00000033800,PIAS1,O75925,S,506,0.252775633637364
42567,ENSG00000105699,LSR,Q86X29,S,510,0.294873190860689
42568,ENSG00000018625,ATP1A2,P50993,S,464,0.150424492198244
42569,ENSG00000144749,LRIG1,Q96JA1,S,1033,0.0922130049046882
42570,ENSG00000089057,SLC23A2,Q9UGH3,T,79,0.387067512163901
42572,ENSG00000151150,ANK3,Q12955,S,861,0.216147899520622
42574,ENSG00000119638,NEK9,Q8TD19,S,737,0.203332217764807
42577,ENSG00000196498,NCOR2,Q9Y618,S,746,0.281620095013489
42578,ENSG00000134602,STK26,Q9P289,T,328,0.503402887375502
42582,ENSG00000198833,UBE2J1,Q9Y385,S,184,0.561690620925606
42583,ENSG00000171467,ZNF318,Q5VUA4,S,1420,0.18578460722634
42587,ENSG00000165801,ARHGEF40,Q8TER5,S,1474,0.385895824840608
42588,ENSG00000243056,EIF4EBP3,O60516,T,22,0.196114234927283
42589,ENSG00000175084,DES,P17661,S,330,0.352491843817494
42591,ENSG00000132361,CLUH,O75153,S,649,0.0778166963921073
42593,ENSG00000127947,PTPN12,Q05209,S,670,0.289873787488643
42594,ENSG00000138411,HECW2,Q9P2P5,T,391,0.061689709786512
42596,ENSG00000131473,ACLY,P53396,S,839,0.27669244256371
42597,ENSG00000138771,SHROOM3,Q8TF72,S,890,0.438438252966765
42598,ENSG00000079616,KIF22,Q14807,S,562,0.344876113856946
42599,ENSG00000099991,CABIN1,Q9Y6J0,T,1926,0.168415331852986
42600,ENSG00000173442,EHBP1L1,Q8N3D4,S,310,0.334065411198363
42602,ENSG00000075975,MKRN2,Q9H000,S,365,0.314615529247361
42605,ENSG00000112365,ZBTB24,O43167,S,523,0.122855551026131
42606,ENSG00000111961,SASH1,O94885,S,714,0.195838682976722
42610,ENSG00000111276,CDKN1B,P46527,S,140,0.390062674704194
42611,ENSG00000168303,MPLKIP,Q8TAP9,Y,45,0.448527727248135
42613,ENSG00000198815,FOXJ3,Q9UPW0,S,489,0.165959261164811
42618,ENSG00000132589,FLOT2,Q14254,S,405,0.122469493387133
42619,ENSG00000119844,AFTPH,Q6ULP2,S,865,0.0921483011774971
42621,ENSG00000171497,PPID,Q08752,S,198,0.519956977637256
42622,ENSG00000155849,ELMO1,Q92556,S,344,0.590844992184853
42624,ENSG00000105325,FZR1,Q9UM11,S,40,0.75241926302466
42625,ENSG00000115183,TANC1,Q9C0D5,S,1855,0.101474991486831
42628,ENSG00000138835,RGS3,P49796,S,395,0.231668497248704
42629,ENSG00000134369,NAV1,Q8NEY1,S,695,0.150557091129879
42631,ENSG00000257923,CUX1,P39880,S,425,0.185761019402797
42632,ENSG00000079691,CARMIL1,Q5VZK9,S,1280,0.30880484038556
42633,ENSG00000141568,FOXK2,Q01167,T,552,0.330016004814694
42635,ENSG00000206418,RAB12,Q6IQ22,S,220,0.111271604961274
42636,ENSG00000197147,LRRC8B,Q6P9F7,S,184,0.144485554992964
42637,ENSG00000197555,SIPA1L1,O43166,T,1573,0.414820473324493
42638,ENSG00000198722,UNC13B,O14795,S,231,0.0874325882274252
42640,ENSG00000170776,AKAP13,Q12802,S,1507,0.280392457320058
42644,ENSG00000095951,HIVEP1,P15822,S,1874,0.206151613851411
42646,ENSG00000124496,TRERF1,Q96PN7,T,767,0.382224752331827
42648,ENSG00000055044,NOP58,Q9Y2X3,T,510,0.344053459909244
42649,ENSG00000214517,PPME1,Q9Y570,S,42,0.307372097121343
42651,ENSG00000135631,RAB11FIP5,Q9BXF6,S,393,0.407062347733683
42654,ENSG00000172164,SNTB1,Q13884,S,234,0.366966521118312
42657,ENSG00000072518,MARK2,Q7KZI7,S,722,0.13030442337407
42658,ENSG00000107816,LZTS2,Q9BRK4,S,178,0.290114089518153
42660,ENSG00000139364,TMEM132B,Q14DG7,S,793,0.11086957840946
42661,ENSG00000070759,TESK2,Q96S53,S,460,0.604200225938287
42664,ENSG00000120053,GOT1,P17174,S,138,0.310285821497648
42667,ENSG00000198561,CTNND1,O60716,Y,296,0.62030932037844
42668,ENSG00000173848,NET1,Q7Z628,S,100,0.533811219297008
42669,ENSG00000137936,BCAR3,O75815,S,471,0.227552612271609
42671,ENSG00000112759,SLC29A1,Q99808,S,254,0.407284823540588
42673,ENSG00000148773,MKI67,P46013,T,1327,0.285003733716984
42674,ENSG00000101474,APMAP,Q9HDC9,S,2,0.174650120359783
42675,ENSG00000130726,TRIM28,Q13263,S,681,0.299995235313735
42677,ENSG00000105699,LSR,Q86X29,S,508,0.283088429705997
42680,ENSG00000118200,CAMSAP2,Q08AD1,S,936,0.430347999315914
42683,ENSG00000176853,FAM91A1,Q658Y4,S,367,0.140462207705379
42686,ENSG00000110756,HPS5,Q9UPZ3,S,584,0.0948228301254694
42687,ENSG00000132359,RAP1GAP2,Q684P5,S,612,0.372505299183508
42688,ENSG00000105738,SIPA1L3,O60292,S,1144,0.31431155429048
42689,ENSG00000099308,MAST3,O60307,S,1203,0.500254914543266
42692,ENSG00000173442,EHBP1L1,Q8N3D4,T,454,0.288848877144922
42693,ENSG00000115234,SNX17,Q15036,S,38,0.532210698838013
42694,ENSG00000172534,HCFC1,P51610,T,1491,0.240219936927436
42695,ENSG00000168386,FILIP1L,Q4L180,S,1019,0.227178349346236
42696,ENSG00000225921,NOL7,Q9UMY1,S,126,0.459853638636375
42699,ENSG00000137601,NEK1,Q96PY6,S,653,0.235111846231995
42704,ENSG00000130396,AFDN,P55196,T,1207,0.150381049808004
42705,ENSG00000136848,DAB2IP,Q5VWQ8,S,974,0.253204065394276
42706,ENSG00000158092,NCK1,P16333,S,166,0.380408744466834
42707,ENSG00000136854,STXBP1,P61764,T,401,0.0768382430061436
42708,ENSG00000134318,ROCK2,O75116,S,1137,0.412868878283263
42709,ENSG00000203485,INF2,Q27J81,T,1206,0.25955038904506
42714,ENSG00000131711,MAP1B,P46821,S,1988,0.177318394930758
42716,ENSG00000180900,SCRIB,Q14160,Y,834,0.585523299111011
42717,ENSG00000137962,ARHGAP29,Q52LW3,S,1144,0.382792467856734
42719,ENSG00000119321,FKBP15,Q5T1M5,S,348,0.203481223983116
42720,ENSG00000198929,NOS1AP,O75052,S,192,0.535137030476892
42722,ENSG00000263465,SRSF8,Q9BRL6,S,281,0.288538500057598
42723,ENSG00000146950,SHROOM2,Q13796,S,847,0.168165584059296
42727,ENSG00000127125,PPCS,Q9HAB8,S,199,0.110434973859
42730,ENSG00000113282,CLINT1,Q14677,S,312,0.35166694223179
42731,ENSG00000196700,ZNF512B,Q96KM6,S,665,0.318013184002932
42733,ENSG00000164118,CEP44,Q9C0F1,S,324,0.363772126799005
42736,ENSG00000170364,SETMAR,Q53H47,S,410,0.212534549154335
42741,ENSG00000157613,CREB3L1,Q96BA8,S,244,0.607455056537397
42742,ENSG00000134644,PUM1,Q14671,Y,224,0.45898102909969
42744,ENSG00000065526,SPEN,Q96T58,S,2366,0.185131643390199
42746,ENSG00000155629,PIK3AP1,Q6ZUJ8,S,174,0.181628643821532
42747,ENSG00000149591,TAGLN,P37802,S,11,0.401523332216732
42750,ENSG00000110395,CBL,P22681,S,900,0.354833426369028
42752,ENSG00000123200,ZC3H13,Q5T200,S,1065,0.190558507001353
42753,ENSG00000112559,MDFI,Q99750,S,135,0.438376738439392
42754,ENSG00000163874,ZC3H12A,Q5D1E8,S,386,0.397588656409895
42755,ENSG00000143624,INTS3,Q68E01,S,499,0.0995713527686413
42759,ENSG00000159082,SYNJ1,O43426,S,1551,0.125775664642207
42760,ENSG00000198792,TMEM184B,Q9Y519,S,402,0.507969562662492
42766,ENSG00000107186,MPDZ,O75970,S,352,0.0595637534210071
42767,ENSG00000198933,TBKBP1,A7MCY6,S,388,0.457824478278882
42768,ENSG00000196914,ARHGEF12,Q9NZN5,S,631,0.075940494271286
42769,ENSG00000112851,ERBIN,Q96RT1,S,642,0.150134265053685
42770,ENSG00000050820,BCAR1,P56945,Y,387,0.743505115471157
42771,ENSG00000107771,CCSER2,Q9H7U1,S,206,0.242574354066796
42778,ENSG00000132549,VPS13B,Q7Z7G8,S,1800,0.168678240937832
42782,ENSG00000204469,PRRC2A,P48634,S,764,0.289960700093794
42784,ENSG00000160007,ARHGAP35,Q9NRY4,S,970,0.383255149115
42785,ENSG00000138434,SSFA2,P28290,S,273,0.250129978530143
42786,ENSG00000132763,MMACHC,Q9Y4U1,S,275,0.552385047231995
42788,ENSG00000186174,BCL9L,Q86UU0,T,946,0.222841500489822
42792,ENSG00000110427,KIAA1549L,Q6ZVL6,S,1546,0.238792738527134
42793,ENSG00000120800,UTP20,O75691,S,1734,0.140367256807384
42794,ENSG00000175224,ATG13,O75143,T,332,0.188640626677233
42795,ENSG00000088367,EPB41L1,Q9H4G0,Y,343,0.607819723034799
42796,ENSG00000099308,MAST3,O60307,S,726,0.247311725316962
42797,ENSG00000073712,FERMT2,Q96AC1,S,181,0.494695745899748
42801,ENSG00000185950,IRS2,Q9Y4H2,S,518,0.222950779125821
42805,ENSG00000066422,ZBTB11,O95625,S,1050,0.1851597977829
42806,ENSG00000152270,PDE3B,Q13370,S,22,0.304352550378352
42808,ENSG00000132589,FLOT2,Q14254,S,385,0.31484779444305
42810,ENSG00000116539,ASH1L,Q9NR48,S,1748,0.298613600686331
42812,ENSG00000084444,FAM234B,A2RU67,S,62,0.473046849850559
42814,ENSG00000266964,FXYD1,O00168,S,82,0.579356229397844
42816,ENSG00000111554,MDM1,Q8TC05,S,242,0.500743211413082
42818,ENSG00000128011,LRFN1,Q9P244,S,646,0.323464847976882
42819,ENSG00000151718,WWC2,Q6AWC2,T,533,0.155475320430312
42822,ENSG00000148429,USP6NL,Q92738,S,642,0.463586893556884
42829,ENSG00000136878,USP20,Q9Y2K6,S,305,0.214613531448904
42830,ENSG00000170242,USP47,Q96K76,S,944,0.301997773364027
42831,ENSG00000197386,HTT,P42858,S,430,0.288789367285206
42837,ENSG00000160789,LMNA,P02545,S,615,0.528913735820277
42838,ENSG00000161021,MAML1,Q92585,S,286,0.204997357289287
42839,ENSG00000141376,BCAS3,Q9H6U6,S,715,0.187895942986872
42840,ENSG00000100330,MTMR3,Q13615,S,613,0.501132129083193
42841,ENSG00000179134,SAMD4B,Q5PRF9,S,274,0.336468814427114
42844,ENSG00000054282,SDCCAG8,Q86SQ7,S,4,0.282892304986504
42845,ENSG00000166685,COG1,Q8WTW3,S,459,0.234907775243562
42846,ENSG00000248333,CDK11B,P21127,S,589,0.839339044950701
42847,ENSG00000134323,MYCN,P04198,S,156,0.27055450477084
42848,ENSG00000185862,EVI2B,P34910,S,242,0.263292414263255
42850,ENSG00000036448,MYOM2,P54296,S,1042,0.161140572800827
42852,ENSG00000100207,TCF20,Q9UGU0,S,1418,0.215926430666745
42853,ENSG00000094631,HDAC6,Q9UBN7,S,43,0.19713945520887
42854,ENSG00000168502,MTCL1,Q9Y4B5,T,315,0.309447881694418
42855,ENSG00000110756,HPS5,Q9UPZ3,S,666,0.0847374120718562
42856,ENSG00000011426,ANLN,Q9NQW6,S,339,0.40378303403231
42859,ENSG00000068985,PAGE1,O75459,S,144,0.315909478611691
42860,ENSG00000101343,CRNKL1,Q9BZJ0,S,503,0.280032906944938
42861,ENSG00000081014,AP4E1,Q9UPM8,S,700,0.198701532126014
42862,ENSG00000006576,PHTF2,Q8N3S3,S,336,0.371595018308182
42863,ENSG00000134313,KIDINS220,Q9ULH0,T,1357,0.321037881917772
42864,ENSG00000008294,SPAG9,O60271,S,1244,0.0871878784745229
42865,ENSG00000186517,ARHGAP30,Q7Z6I6,S,840,0.228738189518684
42868,ENSG00000148834,GSTO1,P78417,S,129,0.300979191760349
42873,ENSG00000029725,RABEP1,Q15276,T,408,0.34946758228725
42875,ENSG00000067369,TP53BP1,Q12888,S,127,0.197349913633388
42878,ENSG00000102189,EEA1,Q15075,S,70,0.107739859929385
42879,ENSG00000205476,CCDC85C,A6NKD9,S,176,0.162998533721116
42881,ENSG00000140750,ARHGAP17,Q68EM7,S,614,0.177247487586169
42882,ENSG00000117222,RBBP5,Q15291,S,525,0.413613066736818
42883,ENSG00000183186,C2CD4C,Q8TF44,S,168,0.115035591719733
42885,ENSG00000153317,ASAP1,Q9ULH1,S,1002,0.14240774091070801
42886,ENSG00000146826,C7orf43,Q8WVR3,S,498,0.327678496869812
42889,ENSG00000130202,NECTIN2,Q92692,Y,518,0.532408487762345
42890,ENSG00000118960,HS1BP3,Q53T59,S,158,0.213789924824089
42893,ENSG00000135720,DYNC1LI2,O43237,S,27,0.207179878533682
42896,ENSG00000092068,SLC7A8,Q9UHI5,S,24,0.190129733595882
42897,ENSG00000151208,DLG5,Q8TDM6,S,1795,0.29166451454004
42899,ENSG00000068323,TFE3,P19532,S,554,0.273314840337952
42903,ENSG00000116017,ARID3A,Q99856,S,353,0.617231869669275
42909,ENSG00000044459,CNTLN,Q9NXG0,S,1085,0.30604224159558
42910,ENSG00000116871,MAP7D1,Q3KQU3,S,72,0.23034555622438
42912,ENSG00000101152,DNAJC5,Q9H3Z4,S,10,0.830408748693305
42913,ENSG00000165092,ALDH1A1,P00352,S,75,0.323963087450988
42914,ENSG00000167543,TP53I13,Q8NBR0,S,392,0.250727723580188
42915,ENSG00000107263,RAPGEF1,Q13905,S,353,0.105796488214858
42917,ENSG00000151491,EPS8,Q12929,S,667,0.276581548395555
42918,ENSG00000187634,SAMD11,Q96NU1,T,642,0.244774665077255
42921,ENSG00000141447,OSBPL1A,Q9BXW6,S,483,0.130977416614579
42922,ENSG00000167674,HDGFL2,Q7Z4V5,S,146,0.309039139644293
42924,ENSG00000146830,GIGYF1,O75420,S,756,0.242115888667513
42925,ENSG00000177189,RPS6KA3,P51812,S,369,0.725508838893026
42926,ENSG00000145725,PPIP5K2,O43314,S,1171,0.234123450663084
42932,ENSG00000130511,SSBP4,Q9BWG4,T,355,0.412699526946713
42937,ENSG00000131626,PPFIA1,Q13136,S,790,0.479992904418475
42939,ENSG00000120802,TMPO,P42166,T,172,0.0634876964044656
42940,ENSG00000133083,DCLK1,O15075,S,346,0.1414502088168
42942,ENSG00000049759,NEDD4L,Q96PU5,S,475,0.415165249213902
42944,ENSG00000125319,C17orf53,Q8N3J3,T,424,0.226922592623524
42945,ENSG00000181163,NPM1,P06748,S,48,0.474075333024804
42946,ENSG00000171634,BPTF,Q12830,T,1643,0.12480144141561
42947,ENSG00000125482,TTF1,Q15361,S,403,0.311265847031901
42948,ENSG00000083844,ZNF264,O43296,S,177,0.357161272695189
42950,ENSG00000133392,MYH11,P35749,S,1756,0.119907332248292
42951,ENSG00000169855,ROBO1,Q9Y6N7,S,1094,0.0800765607375357
42952,ENSG00000165506,DNAAF2,Q9NVR5,S,461,0.352203030336665
42953,ENSG00000196199,MPHOSPH8,Q99549,S,138,0.36228903558514
42954,ENSG00000179889,PDXDC1,Q6P996,S,736,0.398133447501097
42955,ENSG00000224940,PRRT4,C9JH25,S,533,0.143761283087045
42956,ENSG00000130779,CLIP1,P30622,S,44,0.278655035257469
42958,ENSG00000111596,CNOT2,Q9NZN8,S,159,0.28061290614816
42959,ENSG00000129993,CBFA2T3,O75081,S,328,0.504942125669899
42961,ENSG00000101150,TPD52L2,O43399,T,173,0.478585953359688
42965,ENSG00000080503,SMARCA2,P51531,S,1410,0.287895434814052
42967,ENSG00000214944,ARHGEF28,Q8N1W1,S,513,0.142469231876025
42968,ENSG00000157933,SKI,P12755,S,394,0.415198501155215
42969,ENSG00000174292,TNK1,Q13470,S,96,0.405105104285751
42971,ENSG00000159377,PSMB4,P28070,S,26,0.551666097456861
42972,ENSG00000110047,EHD1,Q9H4M9,S,355,0.354016143675077
42974,ENSG00000164303,ENPP6,Q6UWR7,S,71,0.254420069493344
42976,ENSG00000130940,CASZ1,Q86V15,S,987,0.217161739764496
42978,ENSG00000084073,ZMPSTE24,O75844,S,310,0.365453500830811
42981,ENSG00000178209,PLEC,Q15149,S,4390,0.26894945366013
42983,ENSG00000277443,MARCKS,P29966,S,29,0.380171771343616
42984,ENSG00000124198,ARFGEF2,Q9Y6D5,S,240,0.174468257395884
42987,ENSG00000136895,GARNL3,Q5VVW2,S,426,0.25579956731009
42988,ENSG00000167461,RAB8A,P61006,T,192,0.421885889468858
42989,ENSG00000165025,SYK,P43405,Y,352,0.848124464503245
42990,ENSG00000139832,RAB20,Q9NX57,S,132,0.378999009566649
42991,ENSG00000085415,SEH1L,Q96EE3,S,259,0.131366266976473
42995,ENSG00000184205,TSPYL2,Q9H2G4,S,182,0.195194597821955
42997,ENSG00000163629,PTPN13,Q12923,S,1010,0.24909458004959
43001,ENSG00000165832,TRUB1,Q8WWH5,S,211,0.232577719055587
43005,ENSG00000023516,AKAP11,Q9UKA4,S,613,0.198206158760974
43006,ENSG00000007171,NOS2,P35228,S,67,0.172231384149245
43007,ENSG00000158545,ZC3H18,Q86VM9,S,613,0.374434529846328
43009,ENSG00000110427,KIAA1549L,Q6ZVL6,S,1333,0.201413640103923
43010,ENSG00000143379,SETDB1,Q15047,S,505,0.394361255594508
43013,ENSG00000186187,ZNRF1,Q8ND25,S,120,0.313943702814771
43017,ENSG00000105221,AKT2,P31751,T,449,0.276990260757235
43018,ENSG00000106078,COBL,O75128,S,61,0.122205738324086
43019,ENSG00000178951,ZBTB7A,O95365,S,567,0.136307992383075
43021,ENSG00000164114,MAP9,Q49MG5,S,289,0.269236364739224
43022,ENSG00000039560,RAI14,Q9P0K7,S,482,0.218716045917969
43027,ENSG00000159720,ATP6V0D1,P61421,S,283,0.36126275164575
43028,ENSG00000181163,NPM1,P06748,S,149,0.481719497556389
43029,ENSG00000077279,DCX,O43602,S,358,0.24108586358683
43033,ENSG00000111913,RIPOR2,Q9Y4F9,T,350,0.560255278383593
43036,ENSG00000121966,CXCR4,P61073,S,348,0.445466082622985
43038,ENSG00000155975,VPS37A,Q8NEZ2,S,12,0.149962803048636
43039,ENSG00000101745,ANKRD12,Q6UB98,S,15,0.297899269140299
43040,ENSG00000181191,PJA1,Q8NG27,S,312,0.476451122718753
43041,ENSG00000108557,RAI1,Q7Z5J4,S,916,0.288868960481454
43042,ENSG00000102362,SYTL4,Q96C24,S,204,0.313800036140841
43044,ENSG00000155561,NUP205,Q92621,S,1939,0.204077304428793
43046,ENSG00000095564,BTAF1,O14981,S,95,0.271830644546438
43048,ENSG00000069345,DNAJA2,O60884,S,78,0.402466796838302
43050,ENSG00000029363,BCLAF1,Q9NYF8,S,389,0.307925352851577
43051,ENSG00000116350,SRSF4,Q08170,S,420,0.304741037687052
43052,ENSG00000165704,HPRT1,P00492,S,5,0.549114786401603
43055,ENSG00000133121,STARD13,Q9Y3M8,S,470,0.18356504208139
43057,ENSG00000198743,SLC5A3,P53794,S,632,0.322006686723012
43059,ENSG00000014164,ZC3H3,Q8IXZ2,S,414,0.337031514276131
43064,ENSG00000205808,PLPP6,Q8IY26,S,23,0.435742343586232
43068,ENSG00000107679,PLEKHA1,Q9HB21,S,362,0.385699190791422
43069,ENSG00000114423,CBLB,Q13191,S,886,0.296185853720428
43071,ENSG00000155099,PIP4P2,Q8N4L2,T,24,0.350434944436955
43072,ENSG00000116991,SIPA1L2,Q9P2F8,S,1286,0.0520497000924515
43075,ENSG00000105771,SMG9,Q9H0W8,T,118,0.470636922290323
43077,ENSG00000131149,GSE1,Q14687,S,909,0.33131438915015
43078,ENSG00000112739,PRPF4B,Q13523,T,439,0.229364389337019
43079,ENSG00000040633,PHF23,Q9BUL5,S,150,0.542949633616742
43080,ENSG00000127586,CHTF18,Q8WVB6,S,64,0.437772823985287
43081,ENSG00000101343,CRNKL1,Q9BZJ0,S,848,0.16964776673538
43082,ENSG00000100982,PCIF1,Q9H4Z3,S,144,0.575275169471081
43084,ENSG00000196865,NHLRC2,Q8NBF2,S,12,0.459436180667129
43085,ENSG00000066654,THUMPD1,Q9NXG2,S,270,0.50562290588461
43086,ENSG00000172380,GNG12,Q9UBI6,S,41,0.218044858589511
43087,ENSG00000033800,PIAS1,O75925,T,508,0.440512054471156
43088,ENSG00000273079,GRIN2B,Q13224,T,888,0.0714189895705274
43089,ENSG00000204217,BMPR2,Q13873,S,681,0.397561048010097
43090,ENSG00000159267,HLCS,P50747,S,147,0.389797598660615
43093,ENSG00000146278,PNRC1,Q12796,S,105,0.211765336984939
43097,ENSG00000106415,GLCCI1,Q86VQ1,S,107,0.363287873103554
43099,ENSG00000088970,KIZ,Q2M2Z5,S,647,0.420213419136027
43102,ENSG00000171467,ZNF318,Q5VUA4,S,1761,0.126994171339935
43103,ENSG00000119965,C10orf88,Q9H8K7,S,424,0.507864856316865
43104,ENSG00000085733,CTTN,Q14247,Y,141,0.478831775603659
43106,ENSG00000115053,NCL,O43237,T,405,0.364855156532195
43107,ENSG00000197457,STMN3,Q9NZ72,S,50,0.688081706263544
43108,ENSG00000173744,AGFG1,P52594,S,302,0.372335334601954
43113,ENSG00000157500,APPL1,Q9UKG1,T,493,0.135362502067643
43114,ENSG00000175662,TOM1L2,Q6ZVM7,S,188,0.168597920302202
43116,ENSG00000154447,SH3RF1,Q7Z6J0,S,127,0.395392590066262
43118,ENSG00000155275,TRMT44,Q8IYL2,S,78,0.417880309384161
43119,ENSG00000119707,RBM25,P49756,Y,441,0.433404037143095
43120,ENSG00000258890,CEP95,Q96GE4,S,451,0.427959410244531
43124,ENSG00000085185,BCORL1,Q5H9F3,S,599,0.284643768884502
43125,ENSG00000167258,CDK12,Q9NYV4,S,236,0.397467034970005
43126,ENSG00000136280,CCM2,Q9BSQ5,T,239,0.674180257402322
43129,ENSG00000118873,RAB3GAP2,Q9H2M9,S,41,0.0692510297210348
43130,ENSG00000144711,IQSEC1,Q6DN90,S,225,0.242639733226343
43131,ENSG00000086475,SEPHS1,P49903,S,392,0.256852919677467
43133,ENSG00000179335,CLK3,P49761,S,199,0.49892851986707
43136,ENSG00000172869,DMXL1,Q9Y485,S,208,0.110044294133048
43137,ENSG00000154640,BTG3,Q14201,S,149,0.453623383427748
43138,ENSG00000077157,PPP1R12B,O60237,S,842,0.226640414858177
43140,ENSG00000131374,TBC1D5,Q92609,S,776,0.217260861958646
43142,ENSG00000072364,AFF4,Q9UHB7,S,222,0.342163384880069
43143,ENSG00000116580,GON4L,Q3T8J9,S,198,0.0877209193527561
43144,ENSG00000175662,TOM1L2,Q6ZVM7,T,164,0.781365643522903
43145,ENSG00000088038,CNOT3,O75175,S,506,0.128638827764186
43149,ENSG00000099381,SETD1A,O15047,T,540,0.364641367748799
43155,ENSG00000068400,GRIPAP1,Q4V328,S,841,0.0818477319189904
43159,ENSG00000198589,LRBA,P50851,S,1135,0.221074279173472
43162,ENSG00000074047,GLI2,P10070,S,941,0.497861277659184
43163,ENSG00000163950,SLBP,Q14493,S,247,0.419937587402539
43165,ENSG00000155849,ELMO1,Q92556,S,341,0.257585144077782
43166,ENSG00000143850,PLEKHA6,Q9Y2H5,T,920,0.276636377818947
43167,ENSG00000111875,ASF1A,Q9Y294,S,183,0.091837868780496
43169,ENSG00000188176,SMTNL2,Q2TAL5,S,101,0.315694014505808
43170,ENSG00000137936,BCAR3,O75815,Y,212,0.495615061691824
43172,ENSG00000183049,CAMK1D,Q8IU85,S,327,0.423108102882911
43173,ENSG00000100813,ACIN1,Q9UKV3,S,828,0.185534405284904
43175,ENSG00000169641,LUZP1,Q86V48,T,441,0.170432336669024
43176,ENSG00000100523,DDHD1,Q8NEL9,S,723,0.44269586620692
43178,ENSG00000163629,PTPN13,Q12923,S,890,0.316964615262085
43180,ENSG00000140374,ETFA,P13804,S,179,0.317398697113316
43181,ENSG00000029363,BCLAF1,Q9NYF8,S,217,0.254273713380399
43187,ENSG00000163932,PRKCD,Q05655,S,654,0.40076821745845
43188,ENSG00000196642,RABL6,Q3YEC7,T,468,0.308940429086706
43190,ENSG00000171634,BPTF,Q12830,T,1393,0.195599943921949
43192,ENSG00000003096,KLHL13,Q9P2N7,S,645,0.300531290850985
43193,ENSG00000101751,POLI,Q9UNA4,S,502,0.345122298890424
43198,ENSG00000177301,KCNA2,P16389,S,468,0.149852374055897
43199,ENSG00000127481,UBR4,Q5T4S7,S,2912,0.142480274592345
43201,ENSG00000131473,ACLY,P53396,S,663,0.335411380323455
43203,ENSG00000127527,EPS15L1,Q9UBC2,T,239,0.544093266029494
43204,ENSG00000185658,BRWD1,Q9NSI6,S,2020,0.140540869813677
43205,ENSG00000178209,PLEC,Q15149,S,701,0.174410397905639
43206,ENSG00000104814,MAP4K1,Q92918,S,376,0.291853894388325
43208,ENSG00000168476,REEP4,Q9H6H4,S,194,0.524332073166418
43209,ENSG00000154310,TNIK,Q9UKE5,S,660,0.199351401486068
43211,ENSG00000133454,MYO18B,Q8IUG5,S,2296,0.255421287096403
43212,ENSG00000124198,ARFGEF2,Q9Y6D5,T,281,0.0529328729310175
43214,ENSG00000187840,EIF4EBP1,Q13541,T,46,0.880875413165444
43216,ENSG00000121289,CEP89,Q96ST8,S,153,0.261682916728824
43218,ENSG00000118473,SGIP1,Q9BQI5,T,318,0.244042413339944
43220,ENSG00000138101,DTNB,O60941,S,552,0.446103061165397
43221,ENSG00000154767,XPC,Q01831,T,169,0.428737859932844
43222,ENSG00000145425,RPS3A,P61247,T,242,0.413594787823492
43223,ENSG00000075785,RAB7A,P51149,S,111,0.442795087110275
43224,ENSG00000099991,CABIN1,Q9Y6J0,S,2094,0.259240623833308
43225,ENSG00000176619,LMNB2,Q03252,S,552,0.251360837820861
43230,ENSG00000162522,KIAA1522,Q9P206,S,327,0.565292473734448
43231,ENSG00000162402,USP24,Q9UPU5,S,1139,0.260700132242588
43232,ENSG00000011523,CEP68,Q76N32,S,435,0.258908244722941
43233,ENSG00000163362,INAVA,Q3KP66,S,643,0.195182213523109
43237,ENSG00000123066,MED13L,Q71F56,T,398,0.200759337690545
43242,ENSG00000164691,TAGAP,Q8N103,S,354,0.201073192727394
43244,ENSG00000144747,TMF1,P82094,T,364,0.259358435469478
43247,ENSG00000162105,SHANK2,Q9UPX8,S,1069,0.291755138207801
43254,ENSG00000148343,MIGA2,Q7L4E1,S,228,0.448301284312503
43255,ENSG00000169032,MAP2K1,Q02750,S,298,0.709585549555269
43256,ENSG00000124942,AHNAK,Q09666,S,3483,0.2412030171616
43257,ENSG00000107438,PDLIM1,O00151,S,187,0.303937460125016
43259,ENSG00000050820,BCAR1,P56945,Y,267,0.819373829817554
43262,ENSG00000150907,FOXO1,Q12778,S,325,0.464551457376095
43266,ENSG00000102699,PARP4,Q9UKK3,S,1223,0.234571706167567
43268,ENSG00000178913,TAF7,Q15545,T,172,0.376380550995782
43269,ENSG00000116885,OSCP1,Q8WVF1,S,274,0.186853307264237
43271,ENSG00000167674,HDGFL2,Q7Z4V5,S,608,0.39397219471699
43272,ENSG00000013619,MAMLD1,Q13495,S,455,0.19010570247091
43273,ENSG00000165119,HNRNPK,P61978,S,420,0.389004118933055
43274,ENSG00000146950,SHROOM2,Q13796,S,933,0.0683801102165583
43281,ENSG00000133706,LARS,Q9P2J5,S,167,0.246878360696515
43282,ENSG00000171992,SYNPO,Q8N3V7,S,232,0.209917949095606
43283,ENSG00000132470,ITGB4,P16144,S,1604,0.630126532217088
43285,ENSG00000005700,IBTK,Q9P2D0,S,993,0.331004040065718
43286,ENSG00000160789,LMNA,P02545,S,603,0.293418900404371
43287,ENSG00000160058,BSDC1,Q9NW68,S,79,0.147461899962809
43291,ENSG00000131653,TRAF7,Q6Q0C0,T,59,0.465474650128938
43292,ENSG00000154447,SH3RF1,Q7Z6J0,S,735,0.503861355204642
43293,ENSG00000104450,SPAG1,Q07617,S,581,0.191792961529098
43295,ENSG00000089154,GCN1,Q92616,S,1859,0.131635114085619
43296,ENSG00000143799,PARP1,P09874,S,465,0.190302473448363
43297,ENSG00000173230,GOLGB1,Q14789,S,17,0.399177538772677
43298,ENSG00000036448,MYOM2,P54296,S,951,0.244393217691654
43300,ENSG00000163026,WDCP,Q9H6R7,S,299,0.283748379660417
43301,ENSG00000212864,RNF208,Q9H0X6,S,102,0.524803692334366
43302,ENSG00000072195,SPEG,Q15772,S,485,0.268988601565336
43304,ENSG00000102699,PARP4,Q9UKK3,T,1290,0.0461814132804041
43306,ENSG00000148356,LRSAM1,Q6UWE0,S,243,0.203149160622677
43312,ENSG00000147144,CCDC120,Q96HB5,S,296,0.303160777286011
43313,ENSG00000143772,ITPKB,P27987,S,562,0.163507387246005
43314,ENSG00000179295,PTPN11,Q06124,S,558,0.251869100775625
43317,ENSG00000141503,MINK1,Q8N4C8,S,641,0.367932086989596
43319,ENSG00000126705,AHDC1,Q5TGY3,S,1190,0.0985417751567346
43325,ENSG00000141738,GRB7,Q14451,S,411,0.264858588602747
43326,ENSG00000159788,RGS12,O14924,S,856,0.310263896807227
43328,ENSG00000129657,SEC14L1,Q92503,T,234,0.51475713625881
43329,ENSG00000152932,RAB3C,Q96E17,S,196,0.148380520547186
43330,ENSG00000107263,RAPGEF1,Q13905,S,340,0.102064393855136
43331,ENSG00000144283,PKP4,Q99569,S,392,0.389560513780951
43333,ENSG00000156983,BRPF1,P55201,S,238,0.286263271867863
43335,ENSG00000163960,UBXN7,O94888,T,306,0.437963032839734
43337,ENSG00000086758,HUWE1,Q7Z6Z7,S,1368,0.303950134471468
43340,ENSG00000123684,LPGAT1,Q92604,S,233,0.244556895866263
43342,ENSG00000137275,RIPK1,Q13546,S,389,0.30956163279841
43343,ENSG00000112640,PPP2R5D,Q14738,S,60,0.417659622799665
43344,ENSG00000204175,GPRIN2,O60269,S,429,0.334274872886472
43345,ENSG00000198597,ZNF536,O15090,S,1141,0.120731941193726
43346,ENSG00000060339,CCAR1,Q8IX12,S,994,0.177264388572551
43347,ENSG00000115616,SLC9A2,Q9UBY0,T,746,0.643288201591025
43348,ENSG00000170471,RALGAPB,Q86X10,S,1320,0.216017054432272
43349,ENSG00000163431,LMOD1,P29536,S,44,0.127119336356219
43350,ENSG00000079616,KIF22,Q14807,S,462,0.311802610873894
43351,ENSG00000237441,RGL2,O15211,S,13,0.424930411488724
43352,ENSG00000103534,TMC5,Q6UXY8,S,990,0.119868176438589
43353,ENSG00000111731,C2CD5,Q86YS7,S,280,0.244749825497035
43356,ENSG00000169217,CD2BP2,O95400,T,243,0.400432691983569
43357,ENSG00000099812,MISP,Q8IVT2,S,582,0.252510589100039
43358,ENSG00000145362,ANK2,Q01484,S,2458,0.227370689679445
43359,ENSG00000112079,STK38,Q15208,S,264,0.482764110915078
43360,ENSG00000184363,PKP3,Q9Y446,S,163,0.406520048935843
43361,ENSG00000105486,LIG1,P18858,S,49,0.248702608954496
43363,ENSG00000145555,MYO10,Q9HD67,T,1882,0.321559997935982
43365,ENSG00000122786,CALD1,Q05682,S,153,0.268993297342524
43366,ENSG00000176208,ATAD5,Q96QE3,T,603,0.233887744744155
43367,ENSG00000166833,NAV2,Q8IVL1,S,480,0.0918284565224919
43368,ENSG00000099995,SF3A1,Q15459,S,451,0.479984749883981
43370,ENSG00000136709,WDR33,Q9C0J8,S,1219,0.389474823791522
43371,ENSG00000134046,MBD2,Q9UBB5,S,44,0.431301826096941
43372,ENSG00000174718,KIAA1551,Q9HCM1,S,221,0.203853396367009
43374,ENSG00000133275,CSNK1G2,P78368,S,32,0.127384506482004
43382,ENSG00000105559,PLEKHA4,Q9H4M7,T,215,0.250684329069862
43384,ENSG00000169855,ROBO1,Q9Y6N7,S,940,0.306260274648899
43386,ENSG00000130726,TRIM28,Q13263,T,536,0.1957856910228
43387,ENSG00000138735,PDE5A,O76074,S,102,0.447845772513315
43389,ENSG00000179134,SAMD4B,Q5PRF9,S,243,0.429667497874901
43393,ENSG00000113391,FAM172A,Q8WUF8,S,219,0.418308307782937
43394,ENSG00000177106,EPS8L2,Q9H6S3,S,479,0.375581658931571
43395,ENSG00000168610,STAT3,P40763,T,714,0.70608789203116
43396,ENSG00000115183,TANC1,Q9C0D5,T,478,0.146256261535128
43397,ENSG00000123575,FAM199X,Q6PEV8,S,316,0.531488782697687
43402,ENSG00000152518,ZFP36L2,P47974,S,438,0.719993971807834
43404,ENSG00000130522,JUND,P17535,T,71,0.253124665331193
43405,ENSG00000132670,PTPRA,P18433,S,213,0.464359938209739
43406,ENSG00000126787,DLGAP5,Q15398,S,332,0.316484573189501
43407,ENSG00000115306,SPTBN1,Q01082,S,2332,0.160133078060964
43408,ENSG00000128849,CGNL1,Q0VF96,T,201,0.189458587165209
43409,ENSG00000182621,PLCB1,Q9NQ66,S,1199,0.115275090066384
43412,ENSG00000197818,SLC9A8,Q9Y2E8,S,571,0.418970884434702
43413,ENSG00000105287,PRKD2,Q9BZL6,S,206,0.294068781623278
43414,ENSG00000066279,ASPM,Q8IZT6,S,225,0.234250660935537
43415,ENSG00000163539,CLASP2,O75122,S,326,0.294993174562662
43417,ENSG00000162551,ALPL,P05186,S,110,0.549121973083155
43420,ENSG00000156709,AIFM1,O95831,S,116,0.331555185165246
43423,ENSG00000100604,CHGA,P10645,S,203,0.135941142923299
43424,ENSG00000169221,TBC1D10B,Q4KMP7,S,318,0.0939094307432773
43425,ENSG00000215114,UBXN2B,Q14CS0,S,242,0.124097739003104
43426,ENSG00000204138,PHACTR4,Q8IZ21,T,432,0.496933946712808
43428,ENSG00000171163,ZNF692,Q9BU19,S,146,0.197706827273627
43434,ENSG00000145362,ANK2,Q01484,S,1459,0.324780146869367
43435,ENSG00000180543,TSPYL5,Q86VY4,S,178,0.131708570407683
43436,ENSG00000109814,UGDH,O60701,T,185,0.252411086292107
43437,ENSG00000148773,MKI67,P46013,S,3128,0.202073461270368
43439,ENSG00000134755,DSC2,Q02487,S,796,0.106398630277191
43440,ENSG00000124789,NUP153,P49790,T,184,0.289146218755675
43443,ENSG00000087053,MTMR2,Q13614,S,58,0.478960346535858
43446,ENSG00000136531,SCN2A,Q99250,S,554,0.121492930029345
43447,ENSG00000147459,DOCK5,Q9H7D0,S,1287,0.198573619834017
43448,ENSG00000174106,LEMD3,Q9Y2U8,S,95,0.294289257438756
43449,ENSG00000101856,PGRMC1,O00264,S,54,0.422586857659754
43450,ENSG00000006634,DBF4,Q9UBU7,S,413,0.346916483498442
43451,ENSG00000160049,DFFA,O00273,S,257,0.259813634936439
43452,ENSG00000124217,MOCS3,O95396,S,331,0.30844656201579
43455,ENSG00000118900,UBN1,Q9NPG3,S,336,0.261650881375472
43456,ENSG00000156504,FAM122B,Q7Z309,S,119,0.581396922408132
43457,ENSG00000104946,TBC1D17,Q9HA65,S,226,0.122857581076075
43460,ENSG00000116266,STXBP3,O00186,S,508,0.24138925451217
43461,ENSG00000147274,RBMX,P38159,S,175,0.52833749472584
43462,ENSG00000138386,NAB1,Q13506,S,403,0.544388054379625
43464,ENSG00000101871,MID1,O15344,S,311,0.285904317853628
43465,ENSG00000175137,SH3BP5L,Q7L8J4,S,358,0.457536960361346
43466,ENSG00000104866,PPP1R37,O75864,T,588,0.214757536136327
43467,ENSG00000102699,PARP4,Q9UKK3,S,1227,0.0838886173284533
43468,ENSG00000146457,WTAP,Q15007,S,14,0.480120493320153
43472,ENSG00000140836,ZFHX3,Q15911,S,1589,0.260306761206529
43473,ENSG00000074356,NCBP3,Q53F19,S,30,0.269111979868462
43476,ENSG00000176915,ANKLE2,Q86XL3,S,662,0.421997695988787
43478,ENSG00000103540,CCP110,O43303,S,400,0.315327132964606
43480,ENSG00000160796,NBEAL2,Q6ZNJ1,S,2743,0.174094093237396
43481,ENSG00000263465,SRSF8,Q9BRL6,S,191,0.326824153446077
43482,ENSG00000213066,FGFR1OP,O95684,S,348,0.383357464741244
43485,ENSG00000132780,NASP,P49321,S,689,0.0843643118390219
43486,ENSG00000116754,SRSF11,Q05519,T,325,0.726547284964316
43488,ENSG00000036448,MYOM2,P54296,S,192,0.0888146521156148
43489,ENSG00000118482,PHF3,Q92576,S,677,0.28371822212029
43491,ENSG00000104112,SCG3,Q8WXD2,S,362,0.155847195904584
43493,ENSG00000152518,ZFP36L2,P47974,S,75,0.382144455283275
43495,ENSG00000019144,PHLDB1,Q86UU1,S,692,0.273517730133927
43498,ENSG00000014123,UFL1,O94874,S,462,0.512490182145724
43500,ENSG00000038219,BOD1L1,Q8NFC6,T,1354,0.142875310580288
43501,ENSG00000115657,ABCB6,Q9NP58,S,755,0.31204036453001
43502,ENSG00000149554,CHEK1,O14757,S,331,0.394634746900614
43503,ENSG00000155592,ZKSCAN2,Q63HK3,S,144,0.276218195451243
43504,ENSG00000004897,CDC27,P30260,T,383,0.479010708817622
43506,ENSG00000148842,CNNM2,Q9H8M5,S,749,0.289725908883147
43509,ENSG00000136155,SCEL,O95171,T,154,0.241237175147799
43510,ENSG00000164190,NIPBL,Q6KC79,T,287,0.273504497550768
43511,ENSG00000128567,PODXL,O00592,S,537,0.423536637627181
43512,ENSG00000146950,SHROOM2,Q13796,S,1110,0.0953263199970929
43513,ENSG00000121413,ZSCAN18,Q8TBC5,S,140,0.260175049054648
43515,ENSG00000007520,TSR3,Q9UJK0,S,267,0.329671664971583
43516,ENSG00000124177,CHD6,Q8TD26,S,21,0.299575923748747
43518,ENSG00000134757,DSG3,P32926,S,971,0.115110949171731
43519,ENSG00000214655,ZSWIM8,A7E2V4,S,1153,0.272210171980093
43520,ENSG00000174437,ATP2A2,P16615,S,38,0.400422906928479
43521,ENSG00000135720,DYNC1LI2,O43237,S,487,0.298438916208453
43522,ENSG00000101972,STAG2,Q8N3U4,T,1160,0.330592095959341
43524,ENSG00000118058,KMT2A,Q03164,T,1845,0.320142207473103
43526,ENSG00000215114,UBXN2B,Q14CS0,S,56,0.536850507518397
43527,ENSG00000144476,ACKR3,P25106,T,352,0.13431948752508
43531,ENSG00000164031,DNAJB14,Q8TBM8,S,67,0.433458652357911
43532,ENSG00000157600,TMEM164,Q5U3C3,S,71,0.463376375751693
43533,ENSG00000058799,YIPF1,Q9Y548,S,47,0.401823253302159
43534,ENSG00000112297,CRYBG1,Q9Y4K1,T,530,0.177782686555252
43535,ENSG00000109320,NFKB1,P19838,S,892,0.290561109572577
43536,ENSG00000136546,SCN7A,Q01118,S,906,0.221962295749546
43538,ENSG00000130475,FCHO1,O14526,S,372,0.184679770514542
43540,ENSG00000160447,PKN3,Q6P5Z2,T,492,0.368680656232726
43542,ENSG00000271303,SRXN1,Q9BYN0,S,32,0.389060832600637
43543,ENSG00000197077,KIAA1671,Q9BY89,S,774,0.331835258010562
43544,ENSG00000156299,TIAM1,Q13009,T,1456,0.296882665704825
43545,ENSG00000143924,EML4,Q9HC35,S,888,0.0783012238484798
43546,ENSG00000169592,INO80E,Q8NBZ0,S,227,0.167743538419094
43548,ENSG00000072195,SPEG,Q15772,S,488,0.212084169589535
43549,ENSG00000140403,DNAJA4,Q8WW22,S,81,0.279206144822813
43550,ENSG00000182158,CREB3L2,Q70SY1,S,93,0.425373648005633
43551,ENSG00000148737,TCF7L2,Q9NQB0,S,35,0.442614890899971
43552,ENSG00000061938,TNK2,Q07912,Y,284,0.627697825267779
43553,ENSG00000179941,BBS10,Q8TAM1,S,719,0.254391939809426
43557,ENSG00000154783,FGD5,Q6ZNL6,S,635,0.117042966930847
43559,ENSG00000185813,PCYT2,Q99447,S,336,0.206817100876497
43561,ENSG00000173465,SSSCA1,O60232,S,94,0.423683094481064
43562,ENSG00000165476,REEP3,Q6NUK4,T,158,0.113267153067451
43563,ENSG00000022277,RTF2,Q9BY42,S,287,0.400298664299657
43565,ENSG00000196535,MYO18A,Q92614,S,2038,0.166196437217424
43566,ENSG00000138162,TACC2,O95359,S,2392,0.193863328513669
43569,ENSG00000172366,MCRIP2,Q9BUT9,S,61,0.597700986916295
43570,ENSG00000111057,KRT18,P05783,T,425,0.305036021290748
43571,ENSG00000257923,CUX1,P39880,S,914,0.270945874430381
43574,ENSG00000115109,EPB41L5,Q9HCM4,S,422,0.237242908422616
43575,ENSG00000066084,DIP2B,Q9P265,S,201,0.17646173666478
43578,ENSG00000157741,UBN2,Q6ZU65,S,631,0.302190720339326
43580,ENSG00000140350,ANP32A,P39687,T,15,0.60130228763642
43581,ENSG00000168944,CEP120,Q8N960,S,935,0.147822920596741
43582,ENSG00000173621,LRFN4,Q6PJG9,S,575,0.482480512602076
43585,ENSG00000105289,TJP3,O95049,S,854,0.170189674515439
43586,ENSG00000113387,SUB1,P53999,S,51,0.177241571078405
43590,ENSG00000115290,GRB14,Q14449,Y,113,0.345815528893377
43592,ENSG00000128731,HERC2,O95714,T,1944,0.319021612439158
43594,ENSG00000143702,CEP170,Q5SW79,S,922,0.157914713748967
43596,ENSG00000163141,BNIPL,Q7Z465,S,88,0.264795217685185
43598,ENSG00000065526,SPEN,Q96T58,T,3139,0.354925959190899
43600,ENSG00000169762,TAPT1,Q6NXT6,T,475,0.446513278541093
43601,ENSG00000144824,PHLDB2,Q86SQ0,S,308,0.216067869251645
43603,ENSG00000120549,KIAA1217,Q5T5P2,S,357,0.174469846013106
43604,ENSG00000204469,PRRC2A,P48634,S,1092,0.371405558025824
43606,ENSG00000105613,MAST1,Q7Z460,S,687,0.349572161343185
43611,ENSG00000046651,OFD1,O75665,S,789,0.329482912645658
43612,ENSG00000038382,TRIO,O75962,S,520,0.101128416068003
43614,ENSG00000133835,HSD17B4,P51659,T,292,0.182986086988435
43616,ENSG00000119705,SLIRP,Q9GZT3,S,69,0.145105062666043
43617,ENSG00000023516,AKAP11,Q9UKA4,T,1504,0.13547969982306
43618,ENSG00000141577,CEP131,Q9UPN4,S,745,0.198428746827399
43619,ENSG00000110104,CCDC86,Q9H6F5,S,160,0.603858972095113
43620,ENSG00000121104,FAM117A,Q9C073,S,327,0.632530931855512
43621,ENSG00000105127,AKAP8,O43823,S,399,0.225354568165173
43623,ENSG00000137497,NUMA1,Q14980,S,1724,0.378679767027073
43624,ENSG00000142864,SERBP1,Q8NC51,Y,244,0.388543011687202
43625,ENSG00000172613,RAD9A,Q99638,S,375,0.715863991928682
43629,ENSG00000100802,C14orf93,Q9H972,S,114,0.137595457353532
43631,ENSG00000105784,RUNDC3B,Q96NL0,S,232,0.252799889691205
43632,ENSG00000104067,TJP1,Q07157,S,275,0.243209844673777
43633,ENSG00000172939,OXSR1,O95747,S,347,0.381079414236718
43637,ENSG00000026025,VIM,P08670,T,361,0.118121857781763
43638,ENSG00000164741,DLC1,Q96QB1,S,842,0.330538273891761
43639,ENSG00000106211,HSPB1,P04792,S,83,0.85380365131101
43640,ENSG00000170634,ACYP2,P14621,S,2,0.155030288810481
43642,ENSG00000196663,TECPR2,O15040,T,726,0.174048328664366
43644,ENSG00000073282,TP63,Q9H3D4,S,452,0.235070012798618
43645,ENSG00000131016,AKAP12,Q02952,S,1295,0.0605959708876752
43646,ENSG00000169570,DTWD2,Q8NBA8,S,51,0.153579828819435
43647,ENSG00000069188,SDK2,Q58EX2,S,2022,0.127469995556747
43648,ENSG00000198780,FAM169A,Q9Y6X4,S,527,0.150234930045894
43649,ENSG00000138363,ATIC,P31939,S,280,0.304826847439151
43650,ENSG00000100266,PACSIN2,Q9UNF0,T,370,0.331779283250773
43651,ENSG00000167460,TPM4,P67936,T,216,0.344393906911489
43652,ENSG00000167978,SRRM2,Q9UQ35,S,892,0.228167022472661
43654,ENSG00000170776,AKAP13,Q12802,S,1900,0.16382484111214
43655,ENSG00000141084,RANBP10,Q6VN20,S,422,0.557645350934669
43656,ENSG00000089639,GMIP,Q9P107,S,376,0.206557555353405
43657,ENSG00000033327,GAB2,Q9UQC2,S,404,0.470352322904461
43658,ENSG00000169221,TBC1D10B,Q4KMP7,T,156,0.38681697362438
43659,ENSG00000123200,ZC3H13,Q5T200,S,1423,0.181502091112151
43661,ENSG00000132466,ANKRD17,O75179,S,803,0.219556025031824
43662,ENSG00000139624,CERS5,Q8N5B7,S,350,0.681435242442391
43663,ENSG00000132155,RAF1,P04049,S,642,0.573780224746352
43664,ENSG00000115216,NRBP1,Q9UHY1,S,428,0.327333474496173
43665,ENSG00000140534,TICRR,Q7Z2Z1,T,1410,0.0575765597461991
43667,ENSG00000133835,HSD17B4,P51659,T,615,0.193287629249804
43668,ENSG00000118200,CAMSAP2,Q08AD1,S,433,0.177738741539418
43670,ENSG00000073050,XRCC1,P18887,S,416,0.369499024875203
43673,ENSG00000127184,COX7C,P15954,S,17,0.40551075002488
43674,ENSG00000000938,FGR,P09769,Y,34,0.425621004913951
43675,ENSG00000254093,PINX1,Q96BK5,S,163,0.344713644669013
43678,ENSG00000090975,PITPNM2,Q9BZ72,S,820,0.250215285198584
43681,ENSG00000105355,PLIN3,O60664,S,91,0.305816477003411
43682,ENSG00000166897,ELFN2,Q5R3F8,S,741,0.490619380640658
43686,ENSG00000130723,PRRC2B,Q5JSZ5,S,1139,0.436092256580458
43688,ENSG00000099331,MYO9B,Q13459,T,1252,0.197883186986742
43691,ENSG00000132694,ARHGEF11,O15085,S,1478,0.191140988886482
43692,ENSG00000071626,DAZAP1,Q96EP5,S,20,0.149312204582697
43693,ENSG00000118482,PHF3,Q92576,T,101,0.241281757797506
43694,ENSG00000197822,OCLN,Q16625,T,357,0.2225510576172
43695,ENSG00000152942,RAD17,O75943,S,416,0.358355666667239
43697,ENSG00000168264,IRF2BP2,Q7Z5L9,T,404,0.20420094974073
43698,ENSG00000133884,DPF2,Q92785,S,200,0.382253512425062
43704,ENSG00000198121,LPAR1,Q92633,S,362,0.118024931078028
43705,ENSG00000019144,PHLDB1,Q86UU1,T,477,0.283882190611605
43706,ENSG00000164327,RICTOR,Q6R327,S,1302,0.426413516498133
43707,ENSG00000139154,AEBP2,Q6ZN18,S,390,0.509296124597246
43708,ENSG00000131653,TRAF7,Q6Q0C0,S,64,0.352647453206607
43710,ENSG00000152661,GJA1,P17302,Y,313,0.552926430442316
43711,ENSG00000102900,NUP93,Q8N1F7,S,438,0.317075347729797
43712,ENSG00000124575,HIST1H1D,P16402,S,2,0.381665594908828
43713,ENSG00000079337,RAPGEF3,O95398,S,864,0.607009568711835
43714,ENSG00000166046,TCP11L2,Q8N4U5,S,55,0.395139434218413
43715,ENSG00000143569,UBAP2L,Q14157,S,95,0.321607484070441
43717,ENSG00000164070,HSPA4L,O95757,S,579,0.243434658815199
43719,ENSG00000169221,TBC1D10B,Q4KMP7,T,150,0.326390794947955
43721,ENSG00000158079,PTPDC1,A2A3K4,S,505,0.255329982203651
43722,ENSG00000143373,ZNF687,Q8N1G0,S,351,0.0989807887116128
43723,ENSG00000198873,GRK5,P34947,S,484,0.736824791665287
43724,ENSG00000100106,TRIOBP,Q9H2D6,S,1955,0.423770729999507
43725,ENSG00000075391,RASAL2,Q9UJF2,S,946,0.359089288453751
43727,ENSG00000147130,ZMYM3,Q14202,S,53,0.188922107361099
43728,ENSG00000130826,DKC1,O60832,T,458,0.479392811143223
43731,ENSG00000156599,ZDHHC5,Q9C0B5,S,423,0.348366370213493
43734,ENSG00000138378,STAT4,Q14765,S,713,0.369207877289876
43735,ENSG00000055609,KMT2C,Q8NEZ4,S,1307,0.202809968966184
43736,ENSG00000144820,ADGRG7,Q96K78,S,746,0.605980028857713
43737,ENSG00000132780,NASP,P49321,S,751,0.25511532991721
43738,ENSG00000134595,SOX3,P41225,S,380,0.595947176405643
43739,ENSG00000089159,PXN,O60711,S,188,0.364560020956205
43740,ENSG00000159166,LAD1,O00515,S,509,0.297259275161258
43741,ENSG00000107021,TBC1D13,Q9NVG8,S,183,0.326450553309505
43743,ENSG00000239306,RBM14,Q96PK6,S,527,0.276305592259105
43749,ENSG00000085224,ATRX,P46100,T,662,0.323885295528841
43750,ENSG00000198912,C1orf174,Q8IYL3,S,155,0.111095740607519
43752,ENSG00000164323,CFAP97,Q9P2B7,S,288,0.455901321829396
43753,ENSG00000116675,DNAJC6,O75061,T,666,0.275538707685342
43754,ENSG00000115310,RTN4,Q9NQC3,S,742,0.0896643375044658
43755,ENSG00000240694,PNMA2,Q9UL42,S,345,0.155140932797264
43758,ENSG00000175984,DENND2C,Q68D51,S,221,0.168021925520044
43760,ENSG00000143393,PI4KB,Q9UBF8,S,428,0.599928286852335
43761,ENSG00000198265,HELZ,P42694,S,1766,0.301145683441242
43762,ENSG00000105220,GPI,P06744,T,250,0.29434451321801
43765,ENSG00000101191,DIDO1,Q9BTC0,S,1827,0.269625486981607
43767,ENSG00000158869,FCER1G,P30273,Y,65,0.964821823902161
43769,ENSG00000173706,HEG1,Q9ULI3,S,1359,0.484450775919042
43770,ENSG00000100603,SNW1,Q13573,S,232,0.846176576682189
43771,ENSG00000185122,HSF1,Q00613,T,367,0.342209987816836
43773,ENSG00000130779,CLIP1,P30622,S,143,0.317160313886509
43774,ENSG00000136861,CDK5RAP2,Q96SN8,S,1061,0.079091187810939
43778,ENSG00000153339,TRAPPC8,Q9Y2L5,S,259,0.092820485050887
43780,ENSG00000168143,FAM83B,Q5T0W9,S,318,0.368463897921631
43781,ENSG00000038427,VCAN,P13611,S,566,0.0500088052472768
43782,ENSG00000149948,HMGA2,P52926,S,102,0.577504460167916
43785,ENSG00000122786,CALD1,Q05682,S,252,0.137448580339452
43786,ENSG00000075151,EIF4G3,O43432,S,1131,0.375439366874709
43787,ENSG00000174485,DENND4A,Q7Z401,T,1512,0.151828399441943
43790,ENSG00000114904,NEK4,P51957,S,563,0.293641364586589
43791,ENSG00000102531,FNDC3A,Q9Y2H6,S,206,0.193533384570351
43794,ENSG00000092439,TRPM7,Q96QT4,S,1404,0.293129264139599
43795,ENSG00000070950,RAD18,Q9NS91,S,164,0.556340748182352
43796,ENSG00000133392,MYH11,P35749,S,641,0.0494376497319196
43800,ENSG00000165801,ARHGEF40,Q8TER5,S,226,0.167911320534985
43801,ENSG00000079308,TNS1,Q9HBL0,Y,1440,0.380976901881447
43802,ENSG00000179526,SHARPIN,Q9H0F6,S,146,0.572087786536025
43804,ENSG00000143217,NECTIN4,Q96NY8,T,393,0.352400432898218
43805,ENSG00000173120,KDM2A,Q9Y2K7,S,390,0.32775053058471
43806,ENSG00000103319,EEF2K,O00418,S,71,0.442234519330061
43807,ENSG00000087470,DNM1L,O00429,S,544,0.474357330620426
43808,ENSG00000111676,ATN1,P54259,S,355,0.166839730135057
43809,ENSG00000040933,INPP4A,Q96PE3,S,955,0.277121608680671
43812,ENSG00000103995,CEP152,O94986,S,1618,0.121822849210363
43814,ENSG00000204590,GNL1,P36915,S,32,0.323701592673444
43816,ENSG00000145362,ANK2,Q01484,S,2472,0.20918372882016
43821,ENSG00000062194,GPBP1,Q86WP2,S,260,0.448523807171348
43822,ENSG00000091622,PITPNM3,Q9BZ71,S,109,0.195116429979784
43825,ENSG00000197702,PARVA,Q9NVD7,T,16,0.462074938585172
43827,ENSG00000142798,HSPG2,P98160,S,2691,0.0615645958294977
43829,ENSG00000115977,AAK1,Q2M2I8,S,682,0.369171515211738
43833,ENSG00000143748,NVL,O15381,S,191,0.355062698155761
43835,ENSG00000140403,DNAJA4,Q8WW22,S,79,0.460388179159882
43836,ENSG00000144674,GOLGA4,Q13439,S,27,0.0574869713890349
43837,ENSG00000168036,CTNNB1,P35222,S,715,0.348176341781986
43839,ENSG00000137699,TRIM29,Q14134,Y,544,0.363016117822741
43842,ENSG00000215012,RTL10,Q7L3V2,S,34,0.201045925820821
43845,ENSG00000110435,PDHX,O00330,S,196,0.348800536306212
43848,ENSG00000101413,RPRD1B,Q9NQG5,S,132,0.3123166941334
43849,ENSG00000143702,CEP170,Q5SW79,S,576,0.0756274820379313
43850,ENSG00000106772,PRUNE2,Q8WUY3,S,2727,0.120166699294245
43852,ENSG00000075275,CELSR1,Q9NYQ6,S,2726,0.0638852983675884
43853,ENSG00000124535,WRNIP1,Q96S55,S,78,0.299782514954595
43855,ENSG00000157168,NRG1,Q02297,S,435,0.290434890628341
43857,ENSG00000164691,TAGAP,Q8N103,S,377,0.433580849150502
43858,ENSG00000143970,ASXL2,Q76L83,S,834,0.303939331477549
43859,ENSG00000184640,SEPT9,Q9UHD8,S,23,0.122536154356645
43860,ENSG00000183049,CAMK1D,Q8IU85,T,180,0.455472770983941
43862,ENSG00000012211,PRICKLE3,O43900,S,453,0.257619768660648
43863,ENSG00000186111,PIP5K1C,O60331,S,666,0.158096091204137
43864,ENSG00000163166,IWS1,Q96ST2,S,49,0.387931461701995
43865,ENSG00000166165,CKB,P12277,T,322,0.364686785681139
43867,ENSG00000149115,TNKS1BP1,Q9C0C2,S,1004,0.167492684261603
43868,ENSG00000065427,KARS,Q15046,S,596,0.286315458245266
43870,ENSG00000119185,ITGB1BP1,O14713,S,11,0.40216188636683
43872,ENSG00000175467,SART1,O43290,S,474,0.539985668258999
43873,ENSG00000259956,RBM15B,Q8NDT2,S,504,0.341719374551056
43875,ENSG00000196628,TCF4,P15884,S,343,0.184683663025906
43876,ENSG00000163617,CCDC191,Q8NCU4,S,109,0.240569953871305
43879,ENSG00000100243,CYB5R3,P00387,S,38,0.490576576284019
43880,ENSG00000081913,PHLPP1,O60346,S,1526,0.143442292832083
43882,ENSG00000178607,ERN1,O75460,S,551,0.250158064642589
43883,ENSG00000118058,KMT2A,Q03164,T,2147,0.268962125506096
43885,ENSG00000146648,EGFR,P00533,S,1204,0.0760236055632073
43888,ENSG00000182795,C1orf116,Q9BW04,S,281,0.233784037705501
43889,ENSG00000110237,ARHGEF17,Q96PE2,S,2011,0.208221769129578
43890,ENSG00000197594,ENPP1,P22413,S,34,0.247481695435365
43891,ENSG00000198947,DMD,P11532,S,2437,0.0844729083980196
43892,ENSG00000161011,SQSTM1,Q13501,S,266,0.390406833396626
43894,ENSG00000175130,MARCKSL1,P49006,T,54,0.277166891394911
43895,ENSG00000134070,IRAK2,O43187,S,144,0.406106130616752
43900,ENSG00000177238,TRIM72,Q6ZMU5,S,189,0.142641854201854
43901,ENSG00000099331,MYO9B,Q13459,T,1357,0.115485078813379
43903,ENSG00000067369,TP53BP1,Q12888,S,530,0.191587943550506
43904,ENSG00000111725,PRKAB1,Q9Y478,S,180,0.444234390923301
43905,ENSG00000162409,PRKAA2,P54646,S,484,0.160072840579638
43906,ENSG00000120458,MSANTD2,Q6P1R3,S,32,0.304936852623938
43907,ENSG00000134248,LAMTOR5,O43504,T,24,0.0779339633900601
43908,ENSG00000114391,RPL24,P83731,S,149,0.449843411085767
43909,ENSG00000077522,ACTN2,P35609,S,624,0.201960112460771
43912,ENSG00000138162,TACC2,O95359,S,2256,0.332103236635219
43913,ENSG00000149480,MTA2,O94776,S,573,0.0916573383279305
43914,ENSG00000145833,DDX46,Q7L014,S,295,0.496203047444506
43917,ENSG00000163001,CFAP36,Q96G28,S,85,0.368371137590128
43918,ENSG00000120458,MSANTD2,Q6P1R3,S,24,0.239862107123905
43921,ENSG00000164327,RICTOR,Q6R327,S,1144,0.177895635942629
43922,ENSG00000140688,C16orf58,Q96GQ5,S,462,0.449530337761405
43923,ENSG00000077684,JADE1,Q6IE81,T,740,0.336876934956792
43924,ENSG00000095370,SH2D3C,Q8N5H7,S,408,0.2602894580185
43925,ENSG00000051009,FAM160A2,Q8N612,S,523,0.338596970155229
43926,ENSG00000183186,C2CD4C,Q8TF44,S,262,0.514804936192095
43928,ENSG00000198707,CEP290,O15078,S,1610,0.106044604335158
43931,ENSG00000103381,CPPED1,Q9BRF8,S,294,0.17172999571854
43932,ENSG00000126822,PLEKHG3,A1L390,S,576,0.41101429898121
43934,ENSG00000184640,SEPT9,Q9UHD8,S,247,0.253019066486753
43938,ENSG00000017260,ATP2C1,P98194,S,915,0.15970905741222
43939,ENSG00000120733,KDM3B,Q7LBC6,S,766,0.200641886501126
43941,ENSG00000174840,PDE12,Q6L8Q7,S,219,0.420644189804984
43942,ENSG00000180739,S1PR5,Q9H228,S,381,0.199513589568829
43943,ENSG00000102038,SMARCA1,P28370,S,112,0.214449858086611
43945,ENSG00000114423,CBLB,Q13191,T,527,0.290157716957218
43946,ENSG00000170776,AKAP13,Q12802,S,1682,0.0709319863641419
43947,ENSG00000110237,ARHGEF17,Q96PE2,S,138,0.216843448869441
43948,ENSG00000138376,BARD1,Q99728,S,184,0.35154492092152
43951,ENSG00000162896,PIGR,P01833,S,734,0.177214427624087
43952,ENSG00000135148,TRAFD1,O14545,S,409,0.328500964363903
43956,ENSG00000175467,SART1,O43290,S,112,0.24535987837003
43957,ENSG00000178209,PLEC,Q15149,T,4628,0.292901563013774
43958,ENSG00000078403,MLLT10,P55197,S,689,0.801187905449797
43959,ENSG00000159140,SON,P18583,S,1766,0.199283937106123
43960,ENSG00000140632,GLYR1,Q49A26,S,540,0.48243505555133
43961,ENSG00000165458,INPPL1,O15357,Y,986,0.69518920450375
43962,ENSG00000162702,ZNF281,Q9Y2X9,S,117,0.152181506776081
43964,ENSG00000141503,MINK1,Q8N4C8,S,763,0.372907955075454
43966,ENSG00000065618,COL17A1,Q9UMD9,S,382,0.125147535342679
43967,ENSG00000150760,DOCK1,Q14185,S,1681,0.248859450306404
43968,ENSG00000261236,BOP1,Q14137,S,323,0.2001445457862
43970,ENSG00000186522,SEPT10,Q9P0V9,S,28,0.435323640539098
43971,ENSG00000006747,SCIN,Q9Y6U3,S,381,0.246011504734947
43975,ENSG00000131697,NPHP4,O75161,S,478,0.109784898141358
43976,ENSG00000006744,ELAC2,Q9BQ52,S,213,0.491808609911048
43977,ENSG00000154358,OBSCN,Q5VST9,S,4015,0.0899534563936639
43979,ENSG00000100150,DEPDC5,O75140,S,833,0.201572830053203
43983,ENSG00000172270,BSG,P35613,S,367,0.340877370434492
43987,ENSG00000163539,CLASP2,O75122,S,1029,0.362952890092651
43988,ENSG00000107771,CCSER2,Q9H7U1,S,452,0.307765776714018
43994,ENSG00000133454,MYO18B,Q8IUG5,S,62,0.15355113826072
43996,ENSG00000133884,DPF2,Q92785,T,176,0.663856663237484
43997,ENSG00000154358,OBSCN,Q5VST9,S,6942,0.0474893870533979
44002,ENSG00000118503,TNFAIP3,P21580,T,463,0.156086667350718
44003,ENSG00000196187,TMEM63A,O94886,S,735,0.135726676777665
44005,ENSG00000174485,DENND4A,Q7Z401,S,910,0.175656119420209
44006,ENSG00000107731,UNC5B,Q8IZJ1,S,531,0.390996644206217
44009,ENSG00000176531,PHLDB3,Q6NSJ2,T,83,0.215430751203615
44014,ENSG00000143842,SOX13,Q9UN79,S,338,0.254650771860751
44016,ENSG00000059378,PARP12,Q9H0J9,S,258,0.316126250041763
44018,ENSG00000164506,STXBP5,Q5T5C0,T,1039,0.191218913045566
44019,ENSG00000117280,RAB29,O14966,S,177,0.165006794119996
44020,ENSG00000123064,DDX54,Q8TDD1,T,814,0.348939761955362
44022,ENSG00000152818,UTRN,P46939,T,2222,0.0634209639729152
44026,ENSG00000154803,FLCN,Q8NFG4,S,73,0.549733662376276
44030,ENSG00000133812,SBF2,Q86WG5,S,1214,0.2154654782121
44031,ENSG00000164535,DAGLB,Q8NCG7,S,178,0.184002761428836
44036,ENSG00000087077,TRIP6,Q15654,S,249,0.431657676375886
44038,ENSG00000112701,SENP6,Q9GZR1,S,362,0.390852619022097
44039,ENSG00000103126,AXIN1,O15169,S,581,0.246352428851136
44040,ENSG00000051009,FAM160A2,Q8N612,S,586,0.36310828215209
44041,ENSG00000095951,HIVEP1,P15822,S,637,0.0645011088740771
44042,ENSG00000099812,MISP,Q8IVT2,S,473,0.0961804037191608
44043,ENSG00000177156,TALDO1,P37837,S,256,0.456087933808197
44044,ENSG00000064393,HIPK2,Q9H2X6,S,848,0.276683982076551
44047,ENSG00000182095,TNRC18,O15417,S,2543,0.294085172705559
44050,ENSG00000072134,EPN2,O95208,S,476,0.12357260183779
44051,ENSG00000115306,SPTBN1,Q01082,S,781,0.219970116113365
44052,ENSG00000182872,RBM10,P98175,S,718,0.275913648234778
44057,ENSG00000169813,HNRNPF,P52597,S,104,0.547825000271082
44059,ENSG00000088387,DOCK9,Q9BZ29,S,21,0.277733716370803
44060,ENSG00000085832,EPS15,P42566,S,368,0.135023182095854
44062,ENSG00000149182,ARFGAP2,Q8N6H7,S,140,0.25589401373819
44063,ENSG00000136367,ZFHX2,Q9C0A1,T,946,0.143421328015199
44064,ENSG00000196323,ZBTB44,Q8NCP5,S,191,0.394236955227979
44070,ENSG00000100813,ACIN1,Q9UKV3,S,990,0.270620672297631
44071,ENSG00000111912,NCOA7,Q8NI08,T,210,0.406382024171714
44072,ENSG00000139726,DENR,O43583,S,81,0.260361485339797
44074,ENSG00000149679,CABLES2,Q9BTV7,S,259,0.118255445798978
44076,ENSG00000101333,PLCB4,Q15147,S,521,0.141884928917622
44079,ENSG00000122786,CALD1,Q05682,T,86,0.342639482513392
44080,ENSG00000135655,USP15,Q9Y4E8,S,961,0.279976626585511
44083,ENSG00000117713,ARID1A,O14497,S,79,0.155018853139489
44084,ENSG00000180900,SCRIB,Q14160,S,1439,0.282268585897411
44085,ENSG00000122566,HNRNPA2B1,P22626,S,58,0.508245178604428
44086,ENSG00000213563,C8orf82,Q6P1X6,S,215,0.268892489519103
44088,ENSG00000178980,SELENOW,P63302,Y,66,0.456832668228991
44090,ENSG00000065000,AP3D1,O14617,S,636,0.425123952205513
44091,ENSG00000148498,PARD3,Q8TEW0,S,144,0.549060868814319
44092,ENSG00000119669,IRF2BPL,Q9H1B7,S,519,0.26950158390684
44093,ENSG00000146950,SHROOM2,Q13796,S,174,0.243540615140523
44095,ENSG00000162419,GMEB1,Q9Y692,T,373,0.445387548839932
44096,ENSG00000136754,ABI1,Q8IZP0,S,187,0.302474040419947
44097,ENSG00000103544,VPS35L,Q7Z3J2,S,172,0.255520418358151
44098,ENSG00000124831,LRRFIP1,Q32MZ4,S,720,0.232262538494205
44099,ENSG00000205413,SAMD9,Q5K651,S,858,0.229358716260346
44100,ENSG00000197555,SIPA1L1,O43166,S,1390,0.187726530867235
44101,ENSG00000100354,TNRC6B,Q9UPQ9,S,54,0.128978965294611
44103,ENSG00000160741,CRTC2,Q53ET0,S,456,0.462258445866641
44105,ENSG00000204209,DAXX,Q9UER7,S,688,0.742147477510856
44106,ENSG00000140694,PARN,O95453,T,589,0.289986464820079
44108,ENSG00000018408,WWTR1,Q9GZV5,S,65,0.885225293156771
44110,ENSG00000070366,SMG6,Q86US8,S,865,0.339620353417183
44111,ENSG00000141564,RPTOR,Q8N122,T,865,0.26536291607282
44112,ENSG00000169057,MECP2,P51608,S,164,0.583839464219374
44115,ENSG00000172575,RASGRP1,O95267,S,694,0.421724272982153
44116,ENSG00000100150,DEPDC5,O75140,S,831,0.0826622225546308
44117,ENSG00000134283,PPHLN1,Q8NEY8,S,147,0.204879879908703
44118,ENSG00000092295,TGM1,P22735,S,95,0.252146549621933
44122,ENSG00000049656,CLPTM1L,Q96KA5,S,526,0.449095689141852
44123,ENSG00000102226,USP11,P51784,S,952,0.264297515562668
44124,ENSG00000038382,TRIO,O75962,S,1821,0.193986808534967
44125,ENSG00000106948,AKNA,Q7Z591,S,1170,0.114413847671561
44130,ENSG00000141905,NFIC,P08651,S,337,0.531381561154543
44131,ENSG00000197555,SIPA1L1,O43166,S,1439,0.208615833146288
44133,ENSG00000130204,TOMM40,O96008,S,142,0.326557588508346
44135,ENSG00000101849,TBL1X,O60907,S,45,0.228196011265769
44139,ENSG00000138434,SSFA2,P28290,T,475,0.0928633938548955
44142,ENSG00000172575,RASGRP1,O95267,S,715,0.468384039880617
44143,ENSG00000254772,EEF1G,P26641,T,43,0.388452984317405
44144,ENSG00000189060,H1F0,P07305,S,49,0.187232796456004
44145,ENSG00000116679,IVNS1ABP,Q9Y6Y0,S,325,0.111315490224361
44148,ENSG00000135709,KIAA0513,O60268,S,72,0.269435444950101
44150,ENSG00000136643,RPS6KC1,Q96S38,S,826,0.201026406486731
44151,ENSG00000164830,OXR1,Q8N573,S,443,0.0940993133811029
44154,ENSG00000143079,CTTNBP2NL,Q9P2B4,S,514,0.176841304960051
44155,ENSG00000178209,PLEC,Q15149,S,201,0.196770811338507
44156,ENSG00000151929,BAG3,O95817,S,381,0.251931675769299
44157,ENSG00000172731,LRRC20,Q8TCA0,S,175,0.182784888329622
44158,ENSG00000197822,OCLN,Q16625,S,327,0.318044305778083
44160,ENSG00000065491,TBC1D22B,Q9NU19,T,118,0.370888260463355
44161,ENSG00000107738,VSIR,Q9H7M9,S,287,0.593558840453267
44162,ENSG00000172661,WASHC2C,Q9Y4E1,S,549,0.0993131463448149
44165,ENSG00000100084,HIRA,P54198,T,544,0.347021765901198
44167,ENSG00000197226,TBC1D9B,Q66K14,S,754,0.0894682944919344
44168,ENSG00000141968,VAV1,P15498,S,215,0.115513553311646
44170,ENSG00000107249,GLIS3,Q8NEA6,S,623,0.395737989971491
44171,ENSG00000108828,VAT1,Q99536,S,35,0.267243301706293
44173,ENSG00000116641,DOCK7,Q96N67,S,2131,0.149028407276402
44174,ENSG00000005339,CREBBP,Q92793,S,93,0.15131116173262
44175,ENSG00000171316,CHD7,Q9P2D1,T,730,0.35886030601074
44176,ENSG00000139220,PPFIA2,O75334,S,257,0.214816255169597
44177,ENSG00000112851,ERBIN,Q96RT1,S,1128,0.204289973802808
44178,ENSG00000138771,SHROOM3,Q8TF72,S,582,0.261712167773985
44180,ENSG00000134215,VAV3,Q9UKW4,S,786,0.504913371736865
44181,ENSG00000116117,PARD3B,Q8TEW8,S,90,0.262112254281868
44183,ENSG00000150722,PPP1R1C,Q8WVI7,S,65,0.348313393244296
44184,ENSG00000051523,CYBA,P13498,S,153,0.399444930063256
44185,ENSG00000113269,RNF130,Q86XS8,S,341,0.267363283568622
44186,ENSG00000118007,STAG1,Q8WVM7,S,1068,0.0703443917398168
44188,ENSG00000112081,SRSF3,P84103,T,70,0.138127476649788
44189,ENSG00000134323,MYCN,P04198,S,149,0.254409974635297
44190,ENSG00000175115,PACS1,Q6VY07,S,528,0.42287656463982
44191,ENSG00000164326,CARTPT,Q16568,S,48,0.416559968999037
44193,ENSG00000130396,AFDN,P55196,S,1318,0.204087214576918
44194,ENSG00000075702,WDR62,O43379,S,1123,0.273709906421204
44195,ENSG00000156273,BACH1,O14867,S,364,0.393427143043443
44198,ENSG00000114982,KANSL3,Q9P2N6,S,525,0.229088408530035
44199,ENSG00000136436,CALCOCO2,Q13137,S,390,0.493004640886669
44202,ENSG00000205436,EXOC3L4,Q17RC7,S,80,0.254724176982251
44203,ENSG00000080845,DLGAP4,Q9Y2H0,S,608,0.312544794446408
44205,ENSG00000092439,TRPM7,Q96QT4,S,1446,0.252500402545184
44206,ENSG00000099889,ARVCF,O00192,T,322,0.135186732995916
44209,ENSG00000105849,TWISTNB,Q3B726,S,328,0.572690186655417
44210,ENSG00000117155,SSX2IP,Q9Y2D8,S,312,0.49992388381607
44211,ENSG00000128591,FLNC,Q14315,S,1279,0.0565128295233771
44214,ENSG00000102900,NUP93,Q8N1F7,S,66,0.26304375097813
44215,ENSG00000023892,DEF6,Q9H4E7,S,600,0.25239358889676
44216,ENSG00000048028,USP28,Q96RU2,S,521,0.147991307808063
44218,ENSG00000164930,FZD6,O60353,S,606,0.301185188229719
44219,ENSG00000196792,STRN3,Q13033,S,214,0.245812652813148
44220,ENSG00000184014,DENND5A,Q6IQ26,T,1079,0.563396652229469
44224,ENSG00000156860,FBRS,Q9HAH7,T,284,0.556819684030999
44225,ENSG00000168497,CAVIN2,O95810,S,403,0.295298198438473
44226,ENSG00000185862,EVI2B,P34910,T,249,0.206579961207378
44227,ENSG00000038382,TRIO,O75962,S,1721,0.0527229482343013
44231,ENSG00000180900,SCRIB,Q14160,S,432,0.11121644368461
44233,ENSG00000089199,CHGB,P05060,S,329,0.0962547024888766
44234,ENSG00000173621,LRFN4,Q6PJG9,S,565,0.458441264283203
44235,ENSG00000112984,KIF20A,O95235,T,857,0.625996912929451
44236,ENSG00000084073,ZMPSTE24,O75844,S,298,0.197923234780928
44237,ENSG00000115616,SLC9A2,Q9UBY0,S,694,0.152700871041828
44242,ENSG00000214655,ZSWIM8,A7E2V4,S,598,0.0588447321393366
44243,ENSG00000166025,AMOTL1,Q8IY63,S,805,0.273010611731378
44244,ENSG00000138443,ABI2,Q9NYB9,T,231,0.296245129218159
44245,ENSG00000158402,CDC25C,P30307,S,168,0.554233723880928
44246,ENSG00000121966,CXCR4,P61073,S,351,0.510996824496024
44252,ENSG00000135541,AHI1,Q8N157,S,1002,0.205038980012364
44253,ENSG00000185658,BRWD1,Q9NSI6,S,1793,0.130127524678151
44255,ENSG00000130726,TRIM28,Q13263,S,600,0.272609114447237
44256,ENSG00000109458,GAB1,Q13480,S,648,0.196045451528792
44257,ENSG00000066084,DIP2B,Q9P265,S,187,0.291012623948288
44259,ENSG00000170473,PYM1,Q9BRP8,T,112,0.323063162812906
44260,ENSG00000275410,HNF1B,P35680,S,75,0.3755878521228
44262,ENSG00000125834,STK35,Q8TDR2,S,497,0.346792691459236
44266,ENSG00000135597,REPS1,Q96D71,T,173,0.356485338542479
44267,ENSG00000083896,YTHDC1,Q96MU7,S,326,0.321298351836704
44268,ENSG00000121390,PSPC1,Q8WXF1,S,409,0.29268222056817
44270,ENSG00000196924,FLNA,P21333,S,2370,0.389568474955078
44271,ENSG00000128512,DOCK4,Q8N1I0,S,1808,0.368394164652676
44272,ENSG00000128298,BAIAP2L2,Q6UXY1,T,297,0.519817859224754
44273,ENSG00000136141,LRCH1,Q9Y2L9,S,532,0.586977461138696
44275,ENSG00000172216,CEBPB,P17676,S,342,0.159235839600962
44277,ENSG00000166341,DCHS1,Q96JQ0,S,3059,0.125530545398999
44279,ENSG00000168014,C2CD3,Q4AC94,S,466,0.252013955058353
44281,ENSG00000006740,ARHGAP44,Q17R89,S,596,0.224179503622889
44283,ENSG00000135905,DOCK10,Q96BY6,S,292,0.110835414724294
44285,ENSG00000146872,TLK2,Q86UE8,S,770,0.271666000970454
44290,ENSG00000138771,SHROOM3,Q8TF72,S,1100,0.0709959259924363
44291,ENSG00000163714,U2SURP,O15042,S,934,0.443388514233764
44293,ENSG00000167257,RNF214,Q8ND24,S,176,0.266118897411092
44296,ENSG00000074755,ZZEF1,O43149,S,1499,0.126003571578064
44298,ENSG00000155115,GTF3C6,Q969F1,S,173,0.114214062813038
44300,ENSG00000136205,TNS3,Q68CZ2,Y,333,0.569358125586595
44301,ENSG00000162551,ALPL,P05186,S,394,0.191787437085855
44303,ENSG00000100731,PCNX1,Q96RV3,T,137,0.203795663033939
44307,ENSG00000111252,SH2B3,Q9UQQ2,S,520,0.237358607182277
44308,ENSG00000166147,FBN1,P35555,S,2709,0.132056395911134
44309,ENSG00000152475,ZNF837,Q96EG3,S,351,0.186301187248266
44310,ENSG00000086758,HUWE1,Q7Z6Z7,S,3753,0.220462714148837
44312,ENSG00000107282,APBA1,Q02410,T,305,0.414678225939404
44313,ENSG00000054118,THRAP3,Q9Y2W1,S,217,0.200289260973111
44314,ENSG00000119321,FKBP15,Q5T1M5,T,1099,0.185763781762987
44318,ENSG00000184708,EIF4ENIF1,Q9NRA8,S,611,0.29548329495828
44319,ENSG00000064607,SUGP2,Q8IX01,S,757,0.283868354480303
44321,ENSG00000078549,ADCYAP1R1,P41586,S,447,0.174510365080297
44325,ENSG00000182511,FES,P07332,S,411,0.388201153840647
44326,ENSG00000154229,PRKCA,P17252,T,638,0.806330931252449
44328,ENSG00000170955,CAVIN3,Q969G5,S,165,0.571463335184079
44329,ENSG00000105176,URI1,O94763,S,418,0.55716985403515
44332,ENSG00000111647,UHRF1BP1L,A0JNW5,T,420,0.217503146333278
44334,ENSG00000162849,KIF26B,Q2KJY2,S,1144,0.186784956621668
44335,ENSG00000008294,SPAG9,O60271,S,268,0.391120957906477
44336,ENSG00000116691,MIIP,Q5JXC2,T,258,0.403660957103329
44337,ENSG00000013619,MAMLD1,Q13495,S,273,0.372867159272114
44338,ENSG00000204138,PHACTR4,Q8IZ21,S,449,0.13515301695331
44339,ENSG00000263001,GTF2I,P78347,S,620,0.148077584091515
44340,ENSG00000178209,PLEC,Q15149,S,647,0.193534664692583
44346,ENSG00000164038,SLC9B2,Q86UD5,S,49,0.290082593642732
44347,ENSG00000152520,PAN3,Q58A45,S,190,0.210226253548286
44348,ENSG00000177169,ULK1,O75385,S,719,0.280932658068784
44350,ENSG00000154654,NCAM2,O15394,T,794,0.291176710997515
44352,ENSG00000115310,RTN4,Q9NQC3,S,739,0.135721273727991
44357,ENSG00000110274,CEP164,Q9UPV0,S,566,0.312477093869049
44361,ENSG00000178028,DMAP1,Q9NPF5,T,409,0.4852400970857
44365,ENSG00000132688,NES,P48681,S,1282,0.222319400349084
44366,ENSG00000165632,TAF3,Q5VWG9,S,755,0.431477082534187
44367,ENSG00000265972,TXNIP,Q9H3M7,S,358,0.456718870631458
44370,ENSG00000115816,CEBPZ,Q03701,S,959,0.200949733227016
44372,ENSG00000115355,CCDC88A,Q3V6T2,S,1678,0.228912473858971
44374,ENSG00000214456,PLIN5,Q00G26,S,146,0.15153260947449
44375,ENSG00000196792,STRN3,Q13033,T,171,0.299880955621716
44376,ENSG00000198753,PLXNB3,Q9ULL4,S,1589,0.225550253662854
44377,ENSG00000151474,FRMD4A,Q9P2Q2,S,710,0.13757327981829
44378,ENSG00000137312,FLOT1,O75955,T,387,0.343846269026327
44380,ENSG00000139220,PPFIA2,O75334,S,260,0.156794527099229
44385,ENSG00000147140,NONO,Q15233,S,149,0.269496842073092
44390,ENSG00000057294,PKP2,Q99959,S,313,0.177168243579782
44393,ENSG00000112079,STK38,Q15208,S,252,0.165600954187042
44397,ENSG00000079308,TNS1,Q9HBL0,S,1343,0.233246999011408
44398,ENSG00000165757,JCAD,Q9P266,S,371,0.145036974208311
44399,ENSG00000197077,KIAA1671,Q9BY89,S,448,0.201877174384029
44400,ENSG00000175662,TOM1L2,Q6ZVM7,S,424,0.384602663142055
44401,ENSG00000131711,MAP1B,P46821,S,2087,0.0458202273805366
44402,ENSG00000197106,SLC6A17,Q9H1V8,S,686,0.468593275607317
44403,ENSG00000047579,DTNBP1,Q96EV8,S,316,0.567863114570636
44405,ENSG00000197496,SLC2A10,O95528,S,527,0.210955356129665
44408,ENSG00000029363,BCLAF1,Q9NYF8,S,559,0.289066651640111
44411,ENSG00000111077,TNS2,Q63HR2,T,910,0.338531631597884
44413,ENSG00000143924,EML4,Q9HC35,S,191,0.196316666550015
44414,ENSG00000136636,KCTD3,Q9Y597,S,814,0.34507777161489
44415,ENSG00000061273,HDAC7,Q8WUI4,S,487,0.726839046508506
44419,ENSG00000145375,SPATA5,Q8NB90,T,251,0.346042607789018
44421,ENSG00000156711,MAPK13,O15264,T,265,0.285655851443783
44422,ENSG00000111676,ATN1,P54259,S,73,0.0637723099049116
44423,ENSG00000188690,UROS,P10746,S,245,0.39751832241696
44425,ENSG00000068400,GRIPAP1,Q4V328,S,691,0.297281661710462
44427,ENSG00000148408,CACNA1B,Q00975,S,745,0.148494335974743
44430,ENSG00000149115,TNKS1BP1,Q9C0C2,T,1563,0.138593264009987
44434,ENSG00000139718,SETD1B,Q9UPS6,T,985,0.369352617896394
44436,ENSG00000088888,MAVS,Q7Z434,S,157,0.299313893764051
44442,ENSG00000154118,JPH3,Q8WXH2,S,457,0.233906002901484
44445,ENSG00000171992,SYNPO,Q8N3V7,T,879,0.0873774115502644
44448,ENSG00000232434,AJM1,C9J069,S,468,0.265516449982303
44449,ENSG00000197321,SVIL,O95425,T,1244,0.151938085344845
44450,ENSG00000130396,AFDN,P55196,S,1698,0.28970861527174
44451,ENSG00000163104,SMARCAD1,Q9H4L7,S,213,0.2869587050519
44452,ENSG00000166272,WBP1L,Q9NX94,S,199,0.157280078752147
44453,ENSG00000153317,ASAP1,Q9ULH1,T,1054,0.379335164079266
44454,ENSG00000184486,POU3F2,P20265,T,432,0.482956747449677
44455,ENSG00000136274,NACAD,O15069,S,406,0.183931379375107
44456,ENSG00000060749,QSER1,Q2KHR3,S,987,0.220940127988167
44457,ENSG00000152402,GUCY1A2,P33402,S,49,0.19203290154654
44459,ENSG00000165650,PDZD8,Q8NEN9,T,982,0.133194250735347
44461,ENSG00000160007,ARHGAP35,Q9NRY4,S,980,0.18292052558062
44462,ENSG00000151503,NCAPD3,P42695,S,1329,0.286265918627168
44463,ENSG00000147255,IGSF1,Q8N6C5,S,1294,0.172485031509194
44464,ENSG00000196872,KIAA1211L,Q6NV74,S,333,0.21035402559568
44469,ENSG00000085733,CTTN,Q14247,S,345,0.3132934544382
44470,ENSG00000185668,POU3F1,Q03052,S,326,0.443137148000786
44471,ENSG00000073861,TBX21,Q9UL17,S,503,0.388284716646379
44472,ENSG00000130479,MAP1S,Q66K74,S,632,0.254787138250838
44473,ENSG00000104824,HNRNPL,P14866,S,298,0.322291108011886
44474,ENSG00000257923,CUX1,P39880,S,1270,0.325522861819195
44480,ENSG00000106263,EIF3B,P55884,S,95,0.198292746066174
44481,ENSG00000152767,FARP1,Q9Y4F1,S,861,0.238199126807552
44483,ENSG00000092148,HECTD1,Q9ULT8,S,1517,0.131010154769796
44486,ENSG00000110619,CARS,P49589,S,305,0.357534204477918
44487,ENSG00000154380,ENAH,Q8N8S7,S,463,0.282346053349288
44489,ENSG00000155827,RNF20,Q5VTR2,S,553,0.350372054206007
44490,ENSG00000060656,PTPRU,Q92729,S,853,0.595730910824884
44492,ENSG00000055483,USP36,Q9P275,S,939,0.273185595264361
44493,ENSG00000101323,HAO1,Q9UJM8,S,194,0.209558170042375
44494,ENSG00000110025,SNX15,Q9NRS6,S,201,0.287393048699602
44496,ENSG00000143815,LBR,Q14739,S,101,0.261078185848029
44497,ENSG00000125398,SOX9,P48436,S,211,0.422030946723401
44498,ENSG00000115306,SPTBN1,Q01082,S,2319,0.331054733116471
44499,ENSG00000104812,GYS1,P13807,S,731,0.321451764930018
44500,ENSG00000156463,SH3RF2,Q8TEC5,S,508,0.151577160999162
44505,ENSG00000198758,EPS8L3,Q8TE67,T,421,0.269725862474558
44508,ENSG00000118922,KLF12,Q9Y4X4,S,293,0.262918407762538
44511,ENSG00000127152,BCL11B,Q9C0K0,T,120,0.316874260754027
44512,ENSG00000067066,SP100,P23497,S,409,0.402361822334331
44513,ENSG00000159086,PAXBP1,Q9Y5B6,S,65,0.0850239307696754
44514,ENSG00000171729,TMEM51,Q9NW97,S,163,0.128494878444604
44515,ENSG00000153207,AHCTF1,Q8WYP5,S,1402,0.136284626835629
44516,ENSG00000178385,PLEKHM3,Q6ZWE6,T,102,0.352875996552078
44517,ENSG00000135070,ISCA1,Q9BUE6,S,73,0.296019047007742
44519,ENSG00000090924,PLEKHG2,Q9H7P9,S,610,0.238495189616288
44520,ENSG00000110075,PPP6R3,Q5H9R7,S,523,0.364181594696258
44523,ENSG00000054356,PTPRN,Q16849,S,303,0.0965357832705583
44524,ENSG00000167971,CASKIN1,Q8WXD9,S,1034,0.3196367444473
44525,ENSG00000115677,HDLBP,Q00341,S,1238,0.0972482457328829
44526,ENSG00000142627,EPHA2,P29317,Y,594,0.922530571362158
44527,ENSG00000182872,RBM10,P98175,S,73,0.296846306605916
44529,ENSG00000170265,ZNF282,Q9UDV7,S,319,0.279173801345559
44530,ENSG00000090924,PLEKHG2,Q9H7P9,S,1261,0.460355698125235
44532,ENSG00000025796,SEC63,Q9UGP8,S,570,0.454030830844881
44533,ENSG00000120802,TMPO,P42166,S,436,0.358062887099833
44536,ENSG00000075702,WDR62,O43379,S,1325,0.156634276655498
44537,ENSG00000031823,RANBP3,Q9H6Z4,S,353,0.367621609426743
44541,ENSG00000121892,PDS5A,Q29RF7,S,1232,0.20716610412548
44543,ENSG00000131051,RBM39,Q14498,S,341,0.482900221538255
44545,ENSG00000182670,TTC3,P53804,S,1278,0.213848922670885
44547,ENSG00000164902,PHAX,Q9H814,S,226,0.351583112196453
44559,ENSG00000007545,CRAMP1,Q96RY5,S,1201,0.279714727361533
44562,ENSG00000044090,CUL7,Q14999,S,339,0.232895402251192
44563,ENSG00000152944,MED21,Q13503,S,144,0.178512844071044
44564,ENSG00000176853,FAM91A1,Q658Y4,S,828,0.431954412487936
44567,ENSG00000157514,TSC22D3,Q99576,S,102,0.504002201053853
44569,ENSG00000204842,ATXN2,Q8WWM7,S,684,0.567576360792252
44571,ENSG00000163872,YEATS2,Q9ULM3,S,519,0.315448797780526
44573,ENSG00000055609,KMT2C,Q8NEZ4,S,4071,0.111140477661487
44575,ENSG00000160789,LMNA,P02545,T,218,0.307328178964208
44576,ENSG00000275023,MLLT6,P55198,T,264,0.274243874598037
44580,ENSG00000142494,SLC47A1,Q96FL8,S,23,0.189688574075561
44582,ENSG00000096401,CDC5L,Q99459,S,417,0.443584640148356
44584,ENSG00000153233,PTPRR,Q15256,S,272,0.219824717520473
44585,ENSG00000099260,PALMD,Q9NP74,T,278,0.417201345033631
44586,ENSG00000038358,EDC4,Q6P2E9,S,585,0.218972243511195
44587,ENSG00000101577,LPIN2,Q92539,T,130,0.154162441417002
44588,ENSG00000137825,ITPKA,P23677,S,95,0.270672036649583
44589,ENSG00000155363,MOV10,Q9HCE1,S,432,0.0855565207191578
44591,ENSG00000119522,DENND1A,Q8TEH3,S,538,0.267063890759381
44598,ENSG00000122417,ODF2L,Q9ULJ1,S,9,0.138817551890029
44602,ENSG00000130811,EIF3G,O75821,T,41,0.415001314527639
44604,ENSG00000146830,GIGYF1,O75420,S,443,0.279565664042896
44605,ENSG00000111229,ARPC3,O15145,Y,47,0.715607171855471
44606,ENSG00000105355,PLIN3,O60664,S,148,0.312188931322255
44607,ENSG00000120948,TARDBP,Q13148,S,273,0.433397141005487
44609,ENSG00000189298,ZKSCAN3,Q9BRR0,S,37,0.237998842625817
44610,ENSG00000162522,KIAA1522,Q9P206,S,570,0.122574027731598
44611,ENSG00000154914,USP43,Q70EL4,S,228,0.0720140823715957
44617,ENSG00000111331,OAS3,Q9Y6K5,S,381,0.182352226486823
44619,ENSG00000169957,ZNF768,Q9H5H4,S,147,0.309264372520337
44620,ENSG00000169093,ASMTL,O95671,S,255,0.161110080960903
44625,ENSG00000120802,TMPO,P42166,S,168,0.196027029420176
44627,ENSG00000133392,MYH11,P35749,S,637,0.196972299799105
44629,ENSG00000168488,ATXN2L,Q8WWM7,S,56,0.258408684227696
44631,ENSG00000008869,HEATR5B,Q9P2D3,S,1123,0.226576050300517
44632,ENSG00000084444,FAM234B,A2RU67,S,30,0.526396924112449
44633,ENSG00000104375,STK3,Q13188,T,384,0.643193200124381
44634,ENSG00000143322,ABL2,P42684,S,671,0.417184479849338
44638,ENSG00000114541,FRMD4B,Q9Y2L6,S,639,0.329707994822039
44639,ENSG00000113319,RASGRF2,O14827,S,848,0.245179036354644
44640,ENSG00000136436,CALCOCO2,Q13137,S,315,0.396482802369589
44641,ENSG00000156603,MED19,A0JLT2,S,194,0.299616028537063
44643,ENSG00000103351,CLUAP1,Q96AJ1,S,324,0.469122496088804
44644,ENSG00000181163,NPM1,P06748,T,237,0.954279349254447
44645,ENSG00000115966,ATF2,P15336,T,69,0.856856152490823
44647,ENSG00000169564,PCBP1,Q15365,S,171,0.468819844331916
44648,ENSG00000139746,RBM26,Q5T8P6,S,616,0.33753322005164
44649,ENSG00000144283,PKP4,Q99569,S,389,0.372166560710401
44652,ENSG00000140577,CRTC3,Q6UUV7,S,530,0.110933827578381
44655,ENSG00000153214,TMEM87B,Q96K49,S,469,0.517186487089892
44658,ENSG00000182504,CEP97,Q8IW35,S,717,0.23971949332969
44661,ENSG00000110660,SLC35F2,Q8IXU6,S,371,0.304577575675826
44664,ENSG00000169554,ZEB2,O60315,S,1124,0.238275231712999
44668,ENSG00000114439,BBX,Q8WY36,S,177,0.107883953074457
44669,ENSG00000007516,BAIAP3,O94812,S,115,0.211255027403117
44670,ENSG00000139174,PRICKLE1,Q96MT3,S,379,0.151233295721722
44672,ENSG00000129534,MIS18BP1,Q6P0N0,S,142,0.225569957131584
44673,ENSG00000110104,CCDC86,Q9H6F5,T,42,0.359662158745968
44676,ENSG00000085832,EPS15,P42566,S,681,0.102835809994663
44677,ENSG00000130985,UBA1,P22314,S,816,0.318263062970966
44680,ENSG00000165757,JCAD,Q9P266,S,678,0.136945657204548
44681,ENSG00000143793,C1orf35,Q9BU76,S,155,0.28593191973331
44682,ENSG00000084710,EFR3B,Q9Y2G0,S,212,0.156868022022513
44684,ENSG00000086758,HUWE1,Q7Z6Z7,S,2855,0.215773975371592
44685,ENSG00000105287,PRKD2,Q9BZL6,S,198,0.406138336161946
44686,ENSG00000026025,VIM,P08670,T,449,0.353918112488235
44688,ENSG00000136895,GARNL3,Q5VVW2,S,432,0.336310019890109
44689,ENSG00000131051,RBM39,Q14498,S,24,0.372116573531922
44691,ENSG00000163565,IFI16,Q16666,S,780,0.420827553621215
44692,ENSG00000015133,CCDC88C,Q9P219,S,1428,0.366787057616439
44693,ENSG00000123349,PFDN5,Q99471,S,56,0.425334964759748
44694,ENSG00000136848,DAB2IP,Q5VWQ8,S,842,0.471276309711073
44695,ENSG00000038382,TRIO,O75962,S,1745,0.293813980731559
44696,ENSG00000159216,RUNX1,Q01196,S,276,0.610147199455776
44697,ENSG00000133392,MYH11,P35749,S,201,0.0782987528918591
44700,ENSG00000157224,CLDN12,P56749,S,228,0.462839764650305
44703,ENSG00000119681,LTBP2,Q14767,S,1397,0.0912927425576215
44705,ENSG00000054654,SYNE2,Q8WXH0,S,6779,0.0540565532767712
44707,ENSG00000175305,CCNE2,O96020,T,392,0.759201378896602
44708,ENSG00000113282,CLINT1,Q14677,S,164,0.200967704321639
44710,ENSG00000145362,ANK2,Q01484,S,2537,0.316413858778892
44713,ENSG00000166471,TMEM41B,Q5BJD5,T,18,0.421989514647951
44716,ENSG00000105176,URI1,O94763,S,421,0.166906188970874
44717,ENSG00000005483,KMT2E,Q8IZD2,S,843,0.167777657702185
44718,ENSG00000138434,SSFA2,P28290,S,425,0.0926404746300861
44721,ENSG00000143167,GPA33,Q99795,S,308,0.100546346454937
44722,ENSG00000168209,DDIT4,Q9NX09,T,25,0.470465078142842
44723,ENSG00000130669,PAK4,O96013,S,267,0.278352212631013
44724,ENSG00000111245,MYL2,P10916,S,19,0.354519154153618
44725,ENSG00000044574,HSPA5,P11021,S,301,0.239573567463755
44726,ENSG00000064999,ANKS1A,Q92625,S,661,0.382760530076961
44728,ENSG00000099889,ARVCF,O00192,S,602,0.200434507592236
44729,ENSG00000169871,TRIM56,Q9BRZ2,S,471,0.369807760657523
44730,ENSG00000130147,SH3BP4,Q9P0V3,S,264,0.105191007976157
44731,ENSG00000138785,INTS12,Q96CB8,S,391,0.139253892726019
44732,ENSG00000181555,SETD2,Q9BYW2,S,130,0.16800086327655
44734,ENSG00000139405,RITA1,Q96K30,S,248,0.280339138902781
44735,ENSG00000164970,FAM219A,Q8IW50,S,102,0.516068433900377
44738,ENSG00000129354,AP1M2,Q9Y6Q5,T,223,0.340927886370754
44739,ENSG00000106070,GRB10,Q13322,T,155,0.406980252594041
44740,ENSG00000136098,NEK3,P51956,T,321,0.136503763015578
44743,ENSG00000145868,FBXO38,Q6PIJ6,S,737,0.223086762722721
44745,ENSG00000167978,SRRM2,Q9UQ35,S,449,0.202442854027861
44746,ENSG00000196396,PTPN1,P18031,S,352,0.490112559418128
44747,ENSG00000107882,SUFU,Q9UMX1,S,342,0.633595868579951
44748,ENSG00000131095,GFAP,P14136,S,305,0.172459040077524
44749,ENSG00000154380,ENAH,Q8N8S7,S,537,0.365861878056103
44752,ENSG00000161642,ZNF385A,Q96PM9,S,153,0.738746924587193
44753,ENSG00000166317,SYNPO2L,Q9H987,S,369,0.327859001914129
44754,ENSG00000010818,HIVEP2,P31629,S,1070,0.251935093454402
44757,ENSG00000100364,KIAA0930,Q6ICG6,S,306,0.473150013300079
44758,ENSG00000167306,MYO5B,Q9ULV0,S,1642,0.182818587958298
44760,ENSG00000163637,PRICKLE2,Q7Z3G6,T,539,0.337398016479935
44761,ENSG00000155816,FMN2,Q9NZ56,T,493,0.233146045709301
44762,ENSG00000132305,IMMT,Q16891,S,350,0.146345488570379
44764,ENSG00000086758,HUWE1,Q7Z6Z7,S,3808,0.249540522521596
44766,ENSG00000131507,NDFIP1,Q9BT67,S,66,0.485163003719565
44768,ENSG00000051596,THOC3,Q96J01,S,273,0.412162878907707
44769,ENSG00000099625,CBARP,Q8N350,S,484,0.213674222451228
44770,ENSG00000115687,PASK,Q96RG2,S,115,0.153240819602871
44774,ENSG00000072415,MPP5,Q8N3R9,T,253,0.30194150170457
44777,ENSG00000076826,CAMSAP3,Q9P1Y5,S,351,0.3074898894911
44779,ENSG00000142279,WTIP,A6NIX2,S,88,0.360248423862503
44780,ENSG00000130309,COLGALT1,Q8NBJ5,S,616,0.251373478018781
44783,ENSG00000162434,JAK1,P23458,S,537,0.0948573213023369
44784,ENSG00000155792,DEPTOR,Q8TB45,S,316,0.116439481402162
44785,ENSG00000129347,KRI1,Q8N9T8,S,639,0.435228521087841
44787,ENSG00000158552,ZFAND2B,Q8WV99,S,183,0.271636227264134
44788,ENSG00000182095,TNRC18,O15417,T,1913,0.363655310358669
44789,ENSG00000132694,ARHGEF11,O15085,S,589,0.326676438105747
44790,ENSG00000144224,UBXN4,Q92575,T,489,0.56766913972827
44791,ENSG00000131791,PRKAB2,O43741,Y,189,0.457392900278796
44794,ENSG00000071564,TCF3,P15923,T,508,0.0975574608119912
44795,ENSG00000136478,TEX2,Q8IWB9,S,265,0.246999824858211
44798,ENSG00000020577,SAMD4A,Q9UPU9,T,256,0.216962985527603
44799,ENSG00000166173,LARP6,Q9BRS8,S,396,0.4082078382711
44802,ENSG00000164403,SHROOM1,Q2M3G4,S,35,0.125063589482648
44804,ENSG00000241839,PLEKHO2,Q8TD55,S,273,0.128426993839944
44807,ENSG00000149499,EML3,Q32P44,S,177,0.219642006656163
44814,ENSG00000159228,CBR1,P16152,T,162,0.454231114084667
44818,ENSG00000109062,SLC9A3R1,O14745,S,162,0.36992811424739
44819,ENSG00000243156,MICAL3,Q7RTP6,T,1454,0.271581474876348
44823,ENSG00000104529,EEF1D,P29692,S,74,0.267988128079932
44827,ENSG00000054523,KIF1B,O60333,S,893,0.252587281550378
44828,ENSG00000102900,NUP93,Q8N1F7,T,236,0.316465461692433
44829,ENSG00000116062,MSH6,P52701,S,219,0.384353489239841
44832,ENSG00000151304,SRFBP1,Q8NEF9,S,279,0.382292385453046
44833,ENSG00000060237,WNK1,Q9H4A3,S,2145,0.212839135504584
44834,ENSG00000104081,BMF,Q96LC9,S,74,0.600896825512993
44835,ENSG00000145362,ANK2,Q01484,T,3797,0.346739431879611
44837,ENSG00000144567,RETREG2,Q8NC44,S,131,0.137305821732686
44839,ENSG00000243156,MICAL3,Q7RTP6,S,899,0.248447280558465
44840,ENSG00000085978,ATG16L1,Q676U5,S,70,0.267815284720885
44841,ENSG00000141985,SH3GL1,Q99961,S,287,0.389090383031846
44842,ENSG00000119900,OGFRL1,Q5TC84,S,381,0.430186003159226
44843,ENSG00000035403,VCL,P18206,T,603,0.126832045820324
44846,ENSG00000135521,LTV1,Q96GA3,T,356,0.315724892221913
44849,ENSG00000178209,PLEC,Q15149,S,3276,0.15593303976358
44853,ENSG00000113594,LIFR,P42702,S,887,0.125535242424226
44854,ENSG00000125656,CLPP,Q16740,S,276,0.1300549541359
44856,ENSG00000125149,C16orf70,Q9BSU1,T,377,0.120030511623332
44857,ENSG00000153207,AHCTF1,Q8WYP5,S,1343,0.0532809118024967
44858,ENSG00000115306,SPTBN1,Q01082,S,2172,0.200382716238662
44859,ENSG00000109171,SLAIN2,Q9P270,S,257,0.422450433654743
44861,ENSG00000107897,ACBD5,Q5T8D3,S,262,0.314030569356599
44862,ENSG00000144791,LIMD1,Q9UGP4,S,210,0.263646420929351
44863,ENSG00000171467,ZNF318,Q5VUA4,S,1623,0.257728882160482
44866,ENSG00000070061,ELP1,O95163,S,173,0.137523597227178
44868,ENSG00000121486,TRMT1L,Q7Z2T5,T,26,0.231970380790422
44870,ENSG00000175592,FOSL1,P15407,S,265,0.738344438345982
44871,ENSG00000068305,MEF2A,Q02078,S,108,0.648132348261648
44872,ENSG00000127124,HIVEP3,Q5T1R4,S,2127,0.204283261274339
44873,ENSG00000129245,FXR2,P51116,S,418,0.322785252095132
44874,ENSG00000275066,SYNRG,Q9UMZ2,S,469,0.22591778406104
44876,ENSG00000099889,ARVCF,O00192,S,887,0.136114808270418
44882,ENSG00000196924,FLNA,P21333,T,2381,0.20219548551021
44883,ENSG00000129170,CSRP3,P50461,S,95,0.561032680033691
44884,ENSG00000198265,HELZ,P42694,S,1740,0.278875806982167
44886,ENSG00000068024,HDAC4,P56524,S,350,0.493973297952184
44887,ENSG00000162174,ASRGL1,Q7L266,S,16,0.157561340604326
44889,ENSG00000101544,ADNP2,Q6IQ32,S,1024,0.36959949897379
44891,ENSG00000028310,BRD9,Q9H8M2,T,139,0.304849429127419
44892,ENSG00000132694,ARHGEF11,O15085,S,614,0.197511149436801
44894,ENSG00000211592,IGKC,P01834,S,52,0.317023690190115
44895,ENSG00000134369,NAV1,Q8NEY1,T,966,0.202377675734852
44898,ENSG00000070814,TCOF1,Q13428,S,734,0.186477122173459
44899,ENSG00000175224,ATG13,O75143,S,389,0.107884424876965
44901,ENSG00000110888,CAPRIN2,Q6IMN6,S,566,0.275096094114713
44905,ENSG00000185811,IKZF1,Q13422,S,364,0.473523703662105
44907,ENSG00000170776,AKAP13,Q12802,T,2442,0.148347333403396
44908,ENSG00000104529,EEF1D,P29692,S,44,0.290282468282858
44909,ENSG00000204977,TRIM13,O60858,S,275,0.31182223138904
44910,ENSG00000103061,SLC7A6OS,Q96CW6,S,259,0.449026444643906
44913,ENSG00000091732,ZC3HC1,Q86WB0,S,58,0.435655313732682
44914,ENSG00000185800,DMWD,Q09019,S,419,0.366020982882537
44917,ENSG00000111348,ARHGDIB,P52566,T,2,0.148352801078094
44918,ENSG00000135960,EDAR,Q9UNE0,S,286,0.315101787445628
44919,ENSG00000105640,RPL18A,Q02543,S,71,0.718748143255881
44921,ENSG00000165506,DNAAF2,Q9NVR5,S,467,0.299846351747765
44927,ENSG00000123200,ZC3H13,Q5T200,S,151,0.241210212624499
44935,ENSG00000134775,FHOD3,Q2V2M9,S,763,0.155752179117227
44936,ENSG00000057608,GDI2,P50395,S,382,0.320578345576709
44938,ENSG00000116095,PLEKHA3,Q9HB20,S,248,0.335908230409042
44940,ENSG00000132688,NES,P48681,S,311,0.273861739641868
44945,ENSG00000165525,NEMF,O60524,S,936,0.145377707328946
44951,ENSG00000179262,RAD23A,P54725,S,125,0.37294814882967
44952,ENSG00000160789,LMNA,P02545,S,18,0.436506850857835
44953,ENSG00000085721,RRN3,Q9NYV6,S,170,0.420010757377346
44954,ENSG00000050405,LIMA1,Q9UHB6,S,331,0.326722521201144
44956,ENSG00000237649,KIFC1,Q9BW19,S,6,0.374306439434717
44959,ENSG00000105357,MYH14,Q7Z406,S,221,0.325927093343619
44960,ENSG00000147421,HMBOX1,Q6NT76,S,148,0.559795603883376
44963,ENSG00000263001,GTF2I,P78347,S,146,0.263657650254348
44965,ENSG00000115760,BIRC6,Q9NR09,S,2955,0.25661139679938
44966,ENSG00000135111,TBX3,O15119,S,409,0.415613325035815
44967,ENSG00000138758,SEPT11,Q9NVA2,S,19,0.14306024360724
44969,ENSG00000172216,CEBPB,P17676,S,227,0.234622354932512
44970,ENSG00000009335,UBE3C,Q15386,S,15,0.366188671329944
44971,ENSG00000141027,NCOR1,O75376,T,1148,0.31872900437589
44972,ENSG00000101079,NDRG3,Q9UGV2,S,335,0.48682650355128
44973,ENSG00000088367,EPB41L1,Q9H4G0,S,60,0.275177452604996
44974,ENSG00000151304,SRFBP1,Q8NEF9,S,145,0.103223038533351
44976,ENSG00000058668,ATP2B4,P23634,S,17,0.209000592109773
44977,ENSG00000136478,TEX2,Q8IWB9,S,747,0.416399462037742
44978,ENSG00000113578,FGF1,P05230,S,154,0.238588377971856
44979,ENSG00000160877,NACC1,Q96RE7,S,125,0.225794765983536
44981,ENSG00000152409,JMY,Q8N9B5,S,889,0.390995555698489
44982,ENSG00000166734,CASC4,Q6P4E1,S,374,0.338074956875852
44984,ENSG00000157741,UBN2,Q6ZU65,S,78,0.101398644382514
44985,ENSG00000144283,PKP4,Q99569,S,77,0.285262984655016
44986,ENSG00000144824,PHLDB2,Q86SQ0,S,501,0.265808689698333
44990,ENSG00000132854,KANK4,Q5T7N3,S,630,0.187871084651535
44991,ENSG00000196642,RABL6,Q3YEC7,S,425,0.454394383740783
44992,ENSG00000106609,TMEM248,Q9NWD8,S,300,0.484706377253868
44996,ENSG00000198758,EPS8L3,Q8TE67,S,230,0.282960776953683
44997,ENSG00000176105,YES1,P07947,Y,537,0.961248019619451
44998,ENSG00000155324,GRAMD2B,Q96HH9,S,49,0.450142548379836
44999,ENSG00000140600,SH3GL3,Q99963,S,263,0.348506287321758
45003,ENSG00000148158,SNX30,Q5VWJ9,S,28,0.139311004800361
45004,ENSG00000115310,RTN4,Q9NQC3,T,160,0.26339198068598
45005,ENSG00000113763,UNC5A,Q6ZN44,S,414,0.159626876726063
45006,ENSG00000102934,PLLP,Q9Y342,S,9,0.316278607680346
45013,ENSG00000057294,PKP2,Q99959,S,650,0.143273762125479
45019,ENSG00000176783,RUFY1,Q96T51,S,172,0.170708612793068
45021,ENSG00000147799,ARHGAP39,Q9C0H5,S,432,0.270835624711167
45024,ENSG00000066044,ELAVL1,Q15717,S,100,0.388685931456404
45027,ENSG00000239306,RBM14,Q96PK6,S,562,0.410973683718205
45029,ENSG00000117625,RCOR3,Q9P2K3,T,384,0.364944003795126
45030,ENSG00000135597,REPS1,Q96D71,S,431,0.465133829020656
45031,ENSG00000038219,BOD1L1,Q8NFC6,S,2128,0.274198335526214
45035,ENSG00000067334,DNTTIP2,Q5QJE6,S,236,0.259257301118896
45036,ENSG00000100504,PYGL,P06737,S,836,0.287293188883636
45037,ENSG00000117569,PTBP2,Q9UKA9,S,308,0.461976312375529
45038,ENSG00000124942,AHNAK,Q09666,S,5745,0.330830510311372
45040,ENSG00000075275,CELSR1,Q9NYQ6,S,2873,0.138698618437553
45042,ENSG00000076826,CAMSAP3,Q9P1Y5,T,1069,0.237147114468607
45043,ENSG00000257315,ZBED6,P86452,S,379,0.1149206281427
45044,ENSG00000078237,TIGAR,Q9NQ88,S,159,0.106129077283342
45045,ENSG00000159788,RGS12,O14924,S,195,0.1535604503978
45049,ENSG00000136478,TEX2,Q8IWB9,S,398,0.0801459040071394
45050,ENSG00000196975,ANXA4,P09525,S,296,0.384965814544222
45051,ENSG00000272391,POM121C,A8CG34,S,370,0.411287786321471
45052,ENSG00000031823,RANBP3,Q9H6Z4,S,341,0.0838942296681627
45055,ENSG00000185187,SIGIRR,Q6IA17,S,376,0.140686308552224
45056,ENSG00000152767,FARP1,Q9Y4F1,S,896,0.286805201561122
45062,ENSG00000072163,LIMS2,Q7Z4I7,T,2,0.110359750300696
45064,ENSG00000188883,KLRG2,A4D1S0,S,215,0.558192297435725
45066,ENSG00000128805,ARHGAP22,Q7Z5H3,S,587,0.239404486469798
45071,ENSG00000102189,EEA1,Q15075,S,18,0.296982420605483
45075,ENSG00000144635,DYNC1LI1,Q9Y6G9,T,512,0.363016825598066
45077,ENSG00000113013,HSPA9,P38646,T,87,0.395992753200672
45080,ENSG00000128641,MYO1B,O43795,S,893,0.238466451154818
45083,ENSG00000169398,PTK2,Q05397,Y,861,0.569143329313051
45084,ENSG00000010295,IFFO1,Q0D2I5,S,377,0.14342061251588
45085,ENSG00000101057,MYBL2,P10244,S,395,0.133090819127567
45089,ENSG00000163072,NOSTRIN,Q8IVI9,T,430,0.247002821633864
45090,ENSG00000164638,SLC29A4,Q7RTT9,S,310,0.21531958768237
45094,ENSG00000101596,SMCHD1,A6NHR9,S,293,0.338839457462505
45096,ENSG00000144635,DYNC1LI1,Q9Y6G9,S,415,0.330175734994948
45098,ENSG00000160972,PPP1R16A,Q96I34,S,478,0.223320606596368
45099,ENSG00000169891,REPS2,Q8NFH8,T,465,0.175950081762162
45100,ENSG00000196535,MYO18A,Q92614,S,164,0.416252538140704
45104,ENSG00000145725,PPIP5K2,O43314,S,916,0.231498326811824
45105,ENSG00000142675,CNKSR1,Q969H4,S,568,0.178908161503768
45106,ENSG00000127527,EPS15L1,Q9UBC2,T,612,0.361740358822871
45107,ENSG00000213214,ARHGEF35,A5YM69,T,193,0.113675250495783
45109,ENSG00000112787,FBRSL1,Q9HCM7,T,1010,0.459193375757097
45110,ENSG00000174485,DENND4A,Q7Z401,S,1591,0.188438403069802
45111,ENSG00000188878,FBF1,Q8TES7,S,142,0.390469321071578
45115,ENSG00000083799,CYLD,Q9NQC7,S,398,0.184648981686718
45116,ENSG00000146670,CDCA5,Q96FF9,T,111,0.486564129812994
45118,ENSG00000138439,FAM117B,Q6P1L5,S,93,0.259529497760956
45120,ENSG00000106018,VIPR2,P41587,S,409,0.576055681198496
45122,ENSG00000167685,ZNF444,Q8N0Y2,S,104,0.193452326583135
45124,ENSG00000101098,RIMS4,Q9H426,S,257,0.402825509807719
45127,ENSG00000164930,FZD6,O60353,S,675,0.143505998296045
45128,ENSG00000163528,CHCHD4,Q8N4Q1,S,141,0.125407870722876
45130,ENSG00000166833,NAV2,Q8IVL1,S,1478,0.084850895675091
45132,ENSG00000155827,RNF20,Q5VTR2,S,42,0.256957567095797
45133,ENSG00000144460,NYAP2,Q9P242,S,413,0.233568190790542
45136,ENSG00000146670,CDCA5,Q96FF9,S,83,0.450214242683019
45138,ENSG00000174672,BRSK2,Q8IWQ3,S,410,0.316036990601598
45140,ENSG00000019144,PHLDB1,Q86UU1,T,580,0.288268620056511
45143,ENSG00000078674,PCM1,Q15154,S,977,0.201656643120232
45144,ENSG00000116641,DOCK7,Q96N67,S,190,0.38973265802297
45146,ENSG00000157927,RADIL,Q96JH8,S,957,0.204942075151816
45147,ENSG00000011523,CEP68,Q76N32,S,603,0.141452139532162
45148,ENSG00000197226,TBC1D9B,Q66K14,S,427,0.147641865225634
45149,ENSG00000072195,SPEG,Q15772,S,2014,0.348250585166519
45151,ENSG00000171877,FRMD5,Q7Z6J6,S,462,0.115493970461283
45152,ENSG00000166165,CKB,P12277,Y,125,0.531631417930557
45154,ENSG00000196535,MYO18A,Q92614,S,1069,0.2454891177615
45158,ENSG00000104983,CCDC61,Q9Y6R9,S,458,0.434430484986918
45161,ENSG00000102362,SYTL4,Q96C24,S,287,0.154631579909631
45163,ENSG00000179950,PUF60,Q9UHX1,S,555,0.376412771699286
45169,ENSG00000074054,CLASP1,Q7Z460,S,714,0.222333916618389
45170,ENSG00000129219,PLD2,O14939,T,488,0.216588120216273
45175,ENSG00000087274,ADD1,P35611,T,482,0.309478567040629
45176,ENSG00000078674,PCM1,Q15154,S,356,0.161597835189123
45179,ENSG00000126777,KTN1,Q86UP2,S,243,0.24898459542497
45180,ENSG00000173726,TOMM20,Q15388,S,138,0.49851519705919
45181,ENSG00000169891,REPS2,Q8NFH8,S,195,0.709590153773193
45183,ENSG00000159140,SON,P18583,S,1759,0.174691323032667
45186,ENSG00000176095,IP6K1,Q92551,S,139,0.317768921774472
45188,ENSG00000128298,BAIAP2L2,Q6UXY1,S,272,0.261975007398169
45191,ENSG00000182158,CREB3L2,Q70SY1,S,191,0.302565034925762
45192,ENSG00000011347,SYT7,O43581,S,52,0.376022168400818
45194,ENSG00000257923,CUX1,P39880,S,1054,0.32171784966261
45195,ENSG00000164506,STXBP5,Q5T5C0,S,906,0.504595535769654
45197,ENSG00000085224,ATRX,P46100,S,788,0.241105721058028
45199,ENSG00000166963,MAP1A,P78559,T,1163,0.142871684668049
45200,ENSG00000065989,PDE4A,P27815,S,152,0.409536574593103
45202,ENSG00000006453,BAIAP2L1,Q9UHR4,S,354,0.273588779474205
45203,ENSG00000117000,RLF,Q13129,S,1269,0.155793175884431
45204,ENSG00000142197,DOPEY2,Q9Y3R5,S,1169,0.212139986773027
45206,ENSG00000104866,PPP1R37,O75864,S,591,0.379689678516104
45207,ENSG00000168386,FILIP1L,Q4L180,S,962,0.112682207317676
45209,ENSG00000005206,SPPL2B,Q8TCT7,S,532,0.214543435345695
45210,ENSG00000126698,DNAJC8,O75937,S,81,0.266205802833721
45215,ENSG00000088367,EPB41L1,Q9H4G0,T,33,0.338941587075455
45217,ENSG00000064042,LIMCH1,Q9UPQ0,S,585,0.226215244805109
45219,ENSG00000099622,CIRBP,Q14011,S,156,0.491083343842455
45220,ENSG00000147799,ARHGAP39,Q9C0H5,S,384,0.322491725593039
45224,ENSG00000204634,TBC1D8,O95759,S,938,0.195219805307169
45225,ENSG00000151414,NEK7,Q8TDX7,S,188,0.487750047822527
45230,ENSG00000139218,SCAF11,Q99590,T,410,0.207121809303081
45231,ENSG00000167641,PPP1R14A,Q96A00,S,130,0.354501539885424
45236,ENSG00000160469,BRSK1,Q8TDC3,S,450,0.559977242387924
45239,ENSG00000164694,FNDC1,Q4ZHG4,T,538,0.108477395729485
45240,ENSG00000152795,HNRNPDL,O14979,S,245,0.0904263528982123
45246,ENSG00000169554,ZEB2,O60315,S,505,0.156144623858132
45249,ENSG00000143126,CELSR2,Q9HCU4,S,2665,0.139522511743318
45251,ENSG00000138375,SMARCAL1,Q9NZC9,S,123,0.312081035824317
45257,ENSG00000167528,ZNF641,Q96N77,S,191,0.272631354198693
45259,ENSG00000103534,TMC5,Q6UXY8,S,967,0.0704473860733489
45262,ENSG00000196199,MPHOSPH8,Q99549,S,192,0.199454606553139
45264,ENSG00000068323,TFE3,P19532,S,570,0.522966688410126
45266,ENSG00000142347,MYO1F,O00160,S,1001,0.382086899848957
45267,ENSG00000144283,PKP4,Q99569,S,336,0.310222921236134
45271,ENSG00000146670,CDCA5,Q96FF9,T,159,0.68379506351273
45272,ENSG00000166197,NOLC1,Q14978,S,580,0.282960919673982
45273,ENSG00000180357,ZNF609,O15014,S,452,0.349989457249154
45275,ENSG00000066557,LRRC40,Q9H9A6,S,38,0.559736608350095
45277,ENSG00000133226,SRRM1,Q8IYB3,S,379,0.151578582521095
45280,ENSG00000124151,NCOA3,Q9Y6Q9,S,967,0.223653715840363
45281,ENSG00000102109,PCSK1N,Q9UHG2,S,206,0.171172877978594
45283,ENSG00000054654,SYNE2,Q8WXH0,S,1111,0.0695645205425416
45284,ENSG00000161203,AP2M1,Q96CW1,S,153,0.509094045342241
45287,ENSG00000115884,SDC1,P18827,Y,286,0.903564235383069
45291,ENSG00000090776,EFNB1,P98172,S,287,0.658021775648859
45292,ENSG00000101746,NOL4,O94818,S,248,0.210793930443841
45293,ENSG00000115464,USP34,Q70CQ2,S,3411,0.230138254829836
45296,ENSG00000005436,GCFC2,P16383,T,428,0.273266057602481
45298,ENSG00000137714,FDX1,P10109,S,63,0.579228350320876
45302,ENSG00000131626,PPFIA1,Q13136,S,238,0.250375205509997
45303,ENSG00000183248,PRR36,Q9H6K5,S,243,0.267097753171795
45305,ENSG00000145214,DGKQ,P52824,S,22,0.432620223309793
45306,ENSG00000064787,BCAS1,O75363,S,234,0.0980765897789375
45309,ENSG00000154380,ENAH,Q8N8S7,S,506,0.369608537550306
45310,ENSG00000137076,TLN1,Q9Y490,S,1227,0.298683883714425
45311,ENSG00000197969,VPS13A,Q96RL7,S,835,0.126732053271117
45315,ENSG00000111640,GAPDH,P04406,S,148,0.768289330379134
45316,ENSG00000162676,GFI1,Q99684,S,56,0.256755978485737
45317,ENSG00000141738,GRB7,Q14451,S,63,0.295749870217858
45318,ENSG00000130775,THEMIS2,Q5TEJ8,Y,632,0.649045359242848
45319,ENSG00000167491,GATAD2A,Q86YP4,S,114,0.497857054876106
45320,ENSG00000204590,GNL1,P36915,T,584,0.157776445373066
45321,ENSG00000064607,SUGP2,Q8IX01,S,93,0.159215302085491
45322,ENSG00000204991,SPIRE2,Q8WWL2,S,440,0.484122323736366
45325,ENSG00000196455,PIK3R4,Q99570,S,755,0.289528410289459
45327,ENSG00000159166,LAD1,O00515,T,41,0.366267249680357
45329,ENSG00000019549,SNAI2,O43623,S,107,0.385056495081803
45331,ENSG00000132688,NES,P48681,S,51,0.101782688826412
45332,ENSG00000184708,EIF4ENIF1,Q9NRA8,S,977,0.31555426376617
45333,ENSG00000147394,ZNF185,O15231,S,131,0.196000756419817
45338,ENSG00000126705,AHDC1,Q5TGY3,S,1095,0.133783495151707
45340,ENSG00000187244,BCAM,P50895,S,598,0.326765695864608
45341,ENSG00000115183,TANC1,Q9C0D5,T,211,0.194631359800056
45343,ENSG00000143799,PARP1,P09874,S,372,0.190942679231393
45344,ENSG00000146232,NFKBIE,O00221,S,157,0.871251681746849
45345,ENSG00000174306,ZHX3,Q9H4I2,S,708,0.105333507689022
45347,ENSG00000137309,HMGA1,P17096,S,102,0.730492340878425
45349,ENSG00000139651,ZNF740,Q8NDX6,S,70,0.414832473321202
45350,ENSG00000130340,SNX9,Q9Y5X1,S,199,0.297305191989615
45352,ENSG00000166387,PPFIBP2,Q8ND30,S,441,0.301845631554458
45354,ENSG00000099381,SETD1A,O15047,T,388,0.161308118633767
45355,ENSG00000169926,KLF13,Q9Y2Y9,S,283,0.541271548186141
45357,ENSG00000134186,PRPF38B,Q5VTL8,S,289,0.345418657796196
45359,ENSG00000167476,JSRP1,Q96MG2,S,51,0.310641511667501
45363,ENSG00000171634,BPTF,Q12830,T,1976,0.259252606300553
45366,ENSG00000099204,ABLIM1,O14639,Y,675,0.381682713317305
45368,ENSG00000170579,DLGAP1,O14490,S,510,0.18617862189236
45371,ENSG00000159592,GPBP1L1,Q9HC44,S,440,0.111432918419834
45373,ENSG00000122965,RBM19,Q9Y4C8,S,710,0.0824802694168018
45376,ENSG00000198933,TBKBP1,A7MCY6,S,365,0.407633973184019
45383,ENSG00000187800,PEAR1,Q5VY43,S,976,0.166102291934231
45386,ENSG00000175073,VCPIP1,Q96JH7,S,1128,0.293490806833288
45388,ENSG00000257103,LSM14A,Q8ND56,T,194,0.388392552778072
45389,ENSG00000154153,RETREG1,Q9H6L5,S,151,0.343470661797219
45391,ENSG00000131711,MAP1B,P46821,S,1512,0.186703895136475
45393,ENSG00000032219,ARID4A,P29374,S,427,0.216777184329828
45394,ENSG00000267534,S1PR2,O95136,S,331,0.215259660811436
45396,ENSG00000150995,ITPR1,Q14643,S,436,0.236557424753778
45398,ENSG00000132470,ITGB4,P16144,T,1505,0.219710559246681
45401,ENSG00000072134,EPN2,O95208,S,420,0.268833097384634
45402,ENSG00000133030,MPRIP,Q6WCQ1,T,295,0.425610157675834
45404,ENSG00000174780,SRP72,O76094,T,624,0.391559724097657
45405,ENSG00000198081,ZBTB14,O43829,T,225,0.441679380687171
45406,ENSG00000165023,DIRAS2,Q96HU8,S,35,0.260888646785558
45408,ENSG00000169862,CTNND2,Q9UQB3,S,285,0.345961640083988
45409,ENSG00000198586,TLK1,Q9UKI8,S,743,0.258263490102625
45410,ENSG00000143614,GATAD2B,Q8WXI9,S,340,0.263194030097726
45412,ENSG00000013275,PSMC4,P43686,T,25,0.523098308846806
45413,ENSG00000173638,SLC19A1,P41440,S,499,0.458673379130957
45415,ENSG00000170310,STX8,Q9UNK0,S,160,0.323931006325346
45416,ENSG00000136935,GOLGA1,Q92805,S,36,0.374452248144574
45417,ENSG00000159788,RGS12,O14924,S,715,0.145582008363633
45418,ENSG00000149115,TNKS1BP1,Q9C0C2,S,963,0.0489357295150365
45419,ENSG00000055609,KMT2C,Q8NEZ4,S,1387,0.167626828092482
45421,ENSG00000123213,NLN,Q9BYT8,S,53,0.405896662168717
45424,ENSG00000180263,FGD6,Q6ZV73,S,226,0.334168486336668
45425,ENSG00000185070,FLRT2,O43155,S,651,0.154002432367042
45427,ENSG00000108395,TRIM37,O94972,S,461,0.292617299187207
45428,ENSG00000125844,RRBP1,Q9P2E9,T,684,0.275892444026153
45429,ENSG00000131051,RBM39,Q14498,S,100,0.333785260896539
45430,ENSG00000115966,ATF2,P15336,S,307,0.397679672900807
45431,ENSG00000064042,LIMCH1,Q9UPQ0,T,317,0.279447767686865
45434,ENSG00000150722,PPP1R1C,Q8WVI7,T,34,0.677152546851143
45437,ENSG00000130723,PRRC2B,Q5JSZ5,S,1679,0.177392126973689
45439,ENSG00000135315,CEP162,Q5TB80,S,475,0.213651878794113
45440,ENSG00000072518,MARK2,Q7KZI7,S,517,0.130552547874094
45441,ENSG00000180357,ZNF609,O15014,S,609,0.20563102026199
45443,ENSG00000107937,GTPBP4,Q9BZE4,S,472,0.539464735783618
45447,ENSG00000133318,RTN3,O95197,S,30,0.490386398153501
45449,ENSG00000174672,BRSK2,Q8IWQ3,S,382,0.291852341640792
45450,ENSG00000198824,CHAMP1,Q96JM3,T,169,0.438065524798056
45451,ENSG00000079277,MKNK1,Q9BUB5,S,437,0.425801583817339
45452,ENSG00000106829,TLE4,Q04727,S,269,0.638755230590236
45453,ENSG00000157764,BRAF,P15056,S,446,0.847196063007486
45454,ENSG00000151612,ZNF827,Q17R98,T,959,0.211652799626051
45455,ENSG00000196235,SUPT5H,O00267,S,19,0.310278517201605
45456,ENSG00000162702,ZNF281,Q9Y2X9,S,620,0.360917075371489
45457,ENSG00000141441,GAREM1,Q9H706,S,625,0.244404180657068
45458,ENSG00000071242,RPS6KA2,Q15349,S,377,0.643015516330923
45461,ENSG00000076351,SLC46A1,Q96NT5,S,458,0.279725921321522
45463,ENSG00000197386,HTT,P42858,S,2939,0.104762365719216
45464,ENSG00000175970,UNC119B,A6NIH7,S,119,0.221950578123917
45465,ENSG00000122547,EEPD1,Q7L9B9,S,204,0.476673367256844
45466,ENSG00000127720,METTL25,Q8N6Q8,S,351,0.105655259092699
45468,ENSG00000136643,RPS6KC1,Q96S38,S,582,0.0880769422822769
45469,ENSG00000106772,PRUNE2,Q8WUY3,S,2416,0.0910875495736999
45471,ENSG00000118246,FASTKD2,Q9NYY8,S,708,0.173513149663255
45473,ENSG00000180448,ARHGAP45,Q92619,S,878,0.135435561554759
45474,ENSG00000260428,SCX,Q7RTU7,S,157,0.246496042985629
45475,ENSG00000163156,SCNM1,Q9BWG6,S,183,0.431790918688063
45477,ENSG00000180182,MED14,O60244,S,1116,0.229983739647984
45479,ENSG00000075413,MARK3,P27448,S,368,0.177580093319582
45480,ENSG00000167978,SRRM2,Q9UQ35,T,2329,0.316713875177583
45482,ENSG00000100139,MICALL1,Q8N3F8,S,563,0.23237363987546
45483,ENSG00000077063,CTTNBP2,Q8WZ74,S,361,0.0884946804272977
45484,ENSG00000036054,TBC1D23,Q9NUY8,S,474,0.453084381496347
45488,ENSG00000152409,JMY,Q8N9B5,S,974,0.241753190197112
45489,ENSG00000130816,DNMT1,P26358,S,394,0.384568366943329
45491,ENSG00000130475,FCHO1,O14526,S,576,0.0967124728903827
45492,ENSG00000178104,PDE4DIP,Q5VU43,S,736,0.0465436474104782
45493,ENSG00000049769,PPP1R3F,Q6ZSY5,S,14,0.398952555732346
45494,ENSG00000166689,PLEKHA7,Q6IQ23,S,604,0.394995595750894
45495,ENSG00000122678,POLM,Q9NP87,S,12,0.573738925449173
45498,ENSG00000131381,RBSN,Q9H1K0,T,588,0.478229329041359
45499,ENSG00000112559,MDFI,Q99750,S,141,0.417816932797824
45500,ENSG00000198863,RUNDC1,Q96C34,S,499,0.394529686086211
45501,ENSG00000104320,NBN,O60934,S,488,0.234119837300603
45502,ENSG00000155324,GRAMD2B,Q96HH9,S,289,0.263455724536979
45503,ENSG00000120690,ELF1,P32519,S,618,0.159871160770132
45504,ENSG00000112210,RAB23,Q9ULC3,S,187,0.30762844473874
45506,ENSG00000141750,STAC2,Q6ZMT1,S,234,0.280858927833123
45507,ENSG00000165699,TSC1,Q92574,T,357,0.398597018672241
45508,ENSG00000163932,PRKCD,Q05655,S,306,0.355416014538036
45510,ENSG00000178234,GALNT11,Q8NCW6,S,82,0.156575124559644
45511,ENSG00000067798,NAV3,Q8IVL0,S,1045,0.25363370067373
45512,ENSG00000010818,HIVEP2,P31629,S,2297,0.206476289928871
45513,ENSG00000029725,RABEP1,Q15276,S,488,0.142487260394459
45515,ENSG00000147381,MAGEA4,P43358,S,89,0.354397433373459
45517,ENSG00000131018,SYNE1,Q8NF91,T,8274,0.412621623531056
45518,ENSG00000133392,MYH11,P35749,S,589,0.0626451380269619
45521,ENSG00000118689,FOXO3,O43524,S,425,0.550137611259669
45529,ENSG00000164828,SUN1,O94901,S,82,0.295100433492149
45530,ENSG00000121988,ZRANB3,Q5FWF4,S,569,0.332017280623461
45531,ENSG00000095787,WAC,Q9BTA9,T,531,0.318312871888405
45532,ENSG00000171100,MTM1,Q13496,S,590,0.431927682904495
45533,ENSG00000197256,KANK2,Q63ZY3,S,171,0.304240523265433
45534,ENSG00000152556,PFKM,P08237,S,667,0.444139801111053
45537,ENSG00000181722,ZBTB20,Q9HC78,S,207,0.175534411743289
45540,ENSG00000182795,C1orf116,Q9BW04,S,313,0.195144978846464
45541,ENSG00000168497,CAVIN2,O95810,S,366,0.296026659732598
45545,ENSG00000167257,RNF214,Q8ND24,T,546,0.199963455247384
45546,ENSG00000108262,GIT1,Q9Y2X7,Y,383,0.534265206292399
45550,ENSG00000204574,ABCF1,Q8NE71,T,108,0.43500707269893
45552,ENSG00000105186,ANKRD27,Q96NW4,S,634,0.545881510556399
45553,ENSG00000276293,PIP4K2B,P78356,T,322,0.589168025296428
45554,ENSG00000158352,SHROOM4,Q9ULL8,S,1019,0.296913953255687
45557,ENSG00000144028,SNRNP200,O75643,S,207,0.417363053979773
45558,ENSG00000140332,TLE3,Q04726,T,319,0.623569322663557
45559,ENSG00000078674,PCM1,Q15154,S,1187,0.218089154528231
45563,ENSG00000102699,PARP4,Q9UKK3,S,1434,0.126083916843993
45565,ENSG00000149503,INCENP,Q9NQS7,S,269,0.333305395406073
45568,ENSG00000163596,ICA1L,Q8NDH6,S,293,0.246759451500434
45569,ENSG00000159140,SON,P18583,S,2190,0.201962145663328
45572,ENSG00000154639,CXADR,P78310,S,346,0.151348203427102
45573,ENSG00000166848,TERF2IP,Q9NYB0,S,179,0.306533357623518
45577,ENSG00000131626,PPFIA1,Q13136,T,1159,0.285184242303013
45578,ENSG00000056586,RC3H2,Q9HBD1,T,553,0.40954795604873
45579,ENSG00000197965,MPZL1,O95297,S,219,0.479349793224597
45581,ENSG00000104983,CCDC61,Q9Y6R9,S,473,0.290601628453318
45582,ENSG00000089177,KIF16B,Q96L93,S,1052,0.22431114880539
45583,ENSG00000114354,TFG,Q92734,S,152,0.322869291865415
45584,ENSG00000172164,SNTB1,Q13884,S,205,0.462629874523296
45586,ENSG00000106635,BCL7B,Q9BQE9,S,114,0.435393701617339
45587,ENSG00000168502,MTCL1,Q9Y4B5,S,1302,0.198752451290862
45589,ENSG00000140750,ARHGAP17,Q68EM7,T,679,0.359889283939784
45590,ENSG00000167670,CHAF1A,Q13111,T,783,0.444550162839866
45591,ENSG00000163840,DTX3L,Q8TDB6,S,548,0.144473443081082
45594,ENSG00000112972,HMGCS1,Q01581,T,490,0.137869973846332
45596,ENSG00000107338,SHB,Q15464,S,317,0.563877767326736
45597,ENSG00000126787,DLGAP5,Q15398,S,725,0.393786516580434
45599,ENSG00000135597,REPS1,Q96D71,S,174,0.579128923031264
45601,ENSG00000179364,PACS2,Q86VP3,S,694,0.174836998359606
45602,ENSG00000099875,MKNK2,Q9HBH9,S,440,0.415996365532921
45603,ENSG00000129911,KLF16,Q9BXK1,S,234,0.156890494450239
45606,ENSG00000138771,SHROOM3,Q8TF72,S,1662,0.179866560556423
45608,ENSG00000126705,AHDC1,Q5TGY3,T,1052,0.180671065206397
45611,ENSG00000141905,NFIC,P08651,S,487,0.378112978369587
45616,ENSG00000164070,HSPA4L,O95757,S,599,0.263539884513511
45617,ENSG00000101189,MRGBP,Q9NV56,S,23,0.417539003548862
45619,ENSG00000110436,SLC1A2,P43004,S,25,0.143371791120384
45620,ENSG00000167106,FAM102A,Q5T9C2,S,373,0.16749260256438
45621,ENSG00000100354,TNRC6B,Q9UPQ9,S,421,0.0788485010449528
45624,ENSG00000131016,AKAP12,Q02952,S,1119,0.162291088765871
45626,ENSG00000196535,MYO18A,Q92614,S,2005,0.168921994865299
45628,ENSG00000196914,ARHGEF12,Q9NZN5,T,732,0.253750499837563
45629,ENSG00000143337,TOR1AIP1,Q5JTV8,S,60,0.367511646558801
45632,ENSG00000163945,UVSSA,Q2YD98,S,281,0.387802018974221
45635,ENSG00000151208,DLG5,Q8TDM6,S,888,0.0599559596774785
45636,ENSG00000080815,PSEN1,P49768,S,357,0.590606176609748
45639,ENSG00000143801,PSEN2,P49810,S,22,0.339885217023038
45642,ENSG00000204642,HLA-F,P30511,S,340,0.42346125466921
45647,ENSG00000065883,CDK13,Q14004,T,1056,0.211081256446788
45650,ENSG00000110395,CBL,P22681,S,17,0.285256924600732
45652,ENSG00000108557,RAI1,Q7Z5J4,S,560,0.194482338117743
45653,ENSG00000163539,CLASP2,O75122,S,324,0.19279270924574
45657,ENSG00000111596,CNOT2,Q9NZN8,S,161,0.290119263414063
45658,ENSG00000115993,TRAK2,O60296,S,757,0.161134900738177
45662,ENSG00000033800,PIAS1,O75925,S,483,0.363037586288263
45665,ENSG00000136274,NACAD,O15069,S,1303,0.291175072024357
45666,ENSG00000157502,MUM1L1,Q5H9M0,S,109,0.177351357271897
45669,ENSG00000167323,STIM1,Q13586,S,668,0.595077143471737
45670,ENSG00000168386,FILIP1L,Q4L180,S,1053,0.210453375889898
45671,ENSG00000168476,REEP4,Q9H6H4,S,150,0.677962392228408
45674,ENSG00000076201,PTPN23,Q9H3S7,S,1484,0.246057541703484
45675,ENSG00000103404,USP31,Q70CQ4,S,1323,0.330717581201957
45677,ENSG00000092208,GEMIN2,O14893,S,81,0.348327688291891
45678,ENSG00000010818,HIVEP2,P31629,S,389,0.227866662628319
45682,ENSG00000138593,SECISBP2L,Q93073,S,251,0.53221340742365
45684,ENSG00000183853,KIRREL1,Q96J84,Y,622,0.610790405214002
45687,ENSG00000168807,SNTB2,Q13425,S,389,0.291909938247205
45688,ENSG00000099308,MAST3,O60307,S,1136,0.182285201096906
45691,ENSG00000170006,TMEM154,Q6P9G4,S,112,0.542398394892871
45692,ENSG00000258890,CEP95,Q96GE4,S,422,0.251359278770026
45696,ENSG00000128512,DOCK4,Q8N1I0,S,1769,0.0784345719705414
45699,ENSG00000272391,POM121C,A8CG34,T,965,0.322084223905544
45700,ENSG00000163249,CCNYL1,Q8N7R7,S,105,0.482944971941331
45702,ENSG00000119522,DENND1A,Q8TEH3,S,567,0.178580942870237
45708,ENSG00000184708,EIF4ENIF1,Q9NRA8,S,374,0.47678622175656
45713,ENSG00000164465,DCBLD1,Q8N8Z6,S,619,0.317889506091692
45714,ENSG00000171522,PTGER4,P35408,T,429,0.112825458145756
45715,ENSG00000137962,ARHGAP29,Q52LW3,S,589,0.465937137465417
45716,ENSG00000160789,LMNA,P02545,T,10,0.639072895546359
45721,ENSG00000100644,HIF1A,Q16665,S,643,0.904635992999542
45722,ENSG00000002746,HECW1,Q76N89,S,68,0.303397020200726
45723,ENSG00000149115,TNKS1BP1,Q9C0C2,S,153,0.0900581932971472
45724,ENSG00000023516,AKAP11,Q9UKA4,S,985,0.296908587204868
45726,ENSG00000182095,TNRC18,O15417,S,1957,0.145216797200612
45727,ENSG00000109458,GAB1,Q13480,Y,307,0.409989825360103
45728,ENSG00000115648,MLPH,Q9BV36,S,231,0.310847385012099
45729,ENSG00000153558,FBXL2,Q9UKC9,T,404,0.454963848120124
45732,ENSG00000135924,DNAJB2,P25686,S,247,0.371246419471224
45734,ENSG00000089639,GMIP,Q9P107,S,454,0.178813960632059
45737,ENSG00000197555,SIPA1L1,O43166,S,258,0.197290318749615
45739,ENSG00000054654,SYNE2,Q8WXH0,S,4158,0.210648246982966
45740,ENSG00000006652,IFRD1,O00458,S,15,0.352664141536075
45741,ENSG00000188486,H2AFX,P16104,Y,143,0.613403073910182
45742,ENSG00000165912,PACSIN3,Q9UKS6,S,178,0.338079016893065
45747,ENSG00000146247,PHIP,Q8WWQ0,S,1762,0.101633999411911
45748,ENSG00000114770,ABCC5,O15440,S,509,0.557585401087132
45749,ENSG00000156504,FAM122B,Q7Z309,S,25,0.693780865744377
45750,ENSG00000108312,UBTF,P17480,T,201,0.539055311367107
45754,ENSG00000152455,SUV39H2,Q9H5I1,S,384,0.450449217213345
45756,ENSG00000160294,MCM3AP,O60318,S,1926,0.231568733871408
45759,ENSG00000184368,MAP7D2,Q96T17,S,636,0.131558257252609
45761,ENSG00000074755,ZZEF1,O43149,S,1276,0.0785804989954468
45763,ENSG00000111961,SASH1,O94885,S,374,0.206873417035689
45765,ENSG00000089199,CHGB,P05060,S,259,0.510716555350281
45766,ENSG00000100239,PPP6R2,O75170,S,291,0.280541473035177
45769,ENSG00000181163,NPM1,P06748,S,218,0.41851216587725
45770,ENSG00000125731,SH2D3A,Q9BRG2,T,128,0.252052696627569
45771,ENSG00000170921,TANC2,Q9HCD6,S,238,0.143074400567427
45773,ENSG00000120913,PDLIM2,Q96JY6,S,87,0.51114239337957
45774,ENSG00000140836,ZFHX3,Q15911,S,1590,0.353409497375581
45779,ENSG00000091436,MAP3K20,Q9NYL2,S,667,0.264519354598955
45783,ENSG00000137478,FCHSD2,O94868,S,681,0.564596492067697
45786,ENSG00000183576,SETD3,Q86TU7,S,21,0.504909094297518
45787,ENSG00000132613,MTSS1L,Q765P7,S,624,0.357022155743831
45789,ENSG00000163995,ABLIM2,Q6H8Q1,S,363,0.494127494068063
45791,ENSG00000100888,CHD8,Q9HCK8,S,2200,0.322453247802716
45792,ENSG00000156983,BRPF1,P55201,S,82,0.234537344781011
45793,ENSG00000120549,KIAA1217,Q5T5P2,S,1711,0.11918924516778
45794,ENSG00000179889,PDXDC1,Q6P996,S,79,0.276011394674874
45795,ENSG00000137831,UACA,Q9BZF9,T,409,0.0677929626906871
45797,ENSG00000116132,PRRX1,P54821,S,74,0.324045681477391
45798,ENSG00000136504,KAT7,O95251,T,104,0.260362359794002
45800,ENSG00000196914,ARHGEF12,Q9NZN5,T,699,0.112906257621201
45801,ENSG00000166925,TSC22D4,Q9Y3Q8,S,306,0.267948023832961
45803,ENSG00000137414,FAM8A1,Q9UBU6,T,195,0.202706059157665
45809,ENSG00000174437,ATP2A2,P16615,S,378,0.160891033517349
45813,ENSG00000133454,MYO18B,Q8IUG5,S,2245,0.152267056596809
45815,ENSG00000123144,TRIR,Q9BQ61,S,39,0.663231790756851
45816,ENSG00000159685,CHCHD6,Q9BRQ6,S,74,0.53333580154404
45817,ENSG00000153879,CEBPG,P53567,S,56,0.184653482770652
45819,ENSG00000181163,NPM1,P06748,S,143,0.446787564672743
45820,ENSG00000075340,ADD2,P35612,S,535,0.36335399236645
45821,ENSG00000169258,GPRIN1,Q7Z2K8,S,64,0.38514305461515
45822,ENSG00000137221,TJAP1,Q5JTD0,T,547,0.503047293326969
45824,ENSG00000160953,MUM1,Q2TAK8,S,540,0.366781482357083
45825,ENSG00000176788,BASP1,P80723,S,142,0.485749963119726
45827,ENSG00000123358,NR4A1,P22736,S,14,0.4105343471692
45828,ENSG00000083168,KAT6A,Q92794,S,787,0.224580408958234
45829,ENSG00000005339,CREBBP,Q92793,S,977,0.115007608753707
45830,ENSG00000185052,SLC24A3,Q9HC58,S,308,0.300392973233009
45831,ENSG00000125503,PPP1R12C,Q9BZL4,T,425,0.267831777968119
45832,ENSG00000138363,ATIC,P31939,S,112,0.185899439456425
45833,ENSG00000204381,LAYN,Q6UX15,S,286,0.190990935975424
45837,ENSG00000071205,ARHGAP10,A1A4S6,S,591,0.439561202704982
45843,ENSG00000135250,SRPK2,P78362,S,250,0.236485704636324
45846,ENSG00000165801,ARHGEF40,Q8TER5,S,419,0.201776670779803
45848,ENSG00000145331,TRMT10A,Q8TBZ6,S,294,0.149566588021617
45850,ENSG00000156675,RAB11FIP1,Q6WKZ4,S,686,0.191438301734355
45853,ENSG00000140750,ARHGAP17,Q68EM7,S,859,0.0721067340441415
45858,ENSG00000140575,IQGAP1,P46940,S,932,0.191714652014537
45859,ENSG00000091129,NRCAM,Q92823,S,1226,0.387981076928977
45861,ENSG00000172375,C2CD2L,O14523,S,411,0.484462926934999
45862,ENSG00000074964,ARHGEF10L,Q9HCE6,S,138,0.262131096039189
45863,ENSG00000022567,SLC45A4,Q5BKX6,S,389,0.210667585528279
45865,ENSG00000198589,LRBA,P50851,S,994,0.0602179371338072
45868,ENSG00000100281,HMGXB4,Q9UGU5,S,101,0.295940698046648
45871,ENSG00000118200,CAMSAP2,Q08AD1,S,443,0.220422916744032
45873,ENSG00000179958,DCTPP1,Q9H773,S,150,0.323464829871956
45874,ENSG00000136003,ISCU,Q9H1K1,S,29,0.572447109589388
45875,ENSG00000075391,RASAL2,Q9UJF2,S,803,0.117023455729044
45878,ENSG00000160218,TRAPPC10,P48553,S,709,0.300278512309519
45879,ENSG00000130749,ZC3H4,Q9UPT8,S,159,0.459735699262613
45880,ENSG00000092295,TGM1,P22735,S,35,0.146564688554695
45881,ENSG00000147044,CASK,O14936,S,313,0.198860437271747
45886,ENSG00000167601,AXL,P30530,S,884,0.332430742081696
45888,ENSG00000079308,TNS1,Q9HBL0,T,1427,0.0606795107266955
45891,ENSG00000057019,DCBLD2,Q96PD2,S,727,0.417434169516867
45893,ENSG00000173465,SSSCA1,O60232,S,78,0.361124692445477
45894,ENSG00000179262,RAD23A,P54725,S,357,0.241606637736873
45895,ENSG00000138771,SHROOM3,Q8TF72,S,1462,0.0802242405960433
45897,ENSG00000138443,ABI2,Q9NYB9,S,183,0.71836071155168
45900,ENSG00000076685,NT5C2,P49902,S,418,0.299260110592308
45903,ENSG00000153071,DAB2,P98082,S,390,0.317630139307918
45904,ENSG00000066405,CLDN18,P56856,Y,211,0.507827302202811
45906,ENSG00000039560,RAI14,Q9P0K7,T,295,0.356588364448968
45908,ENSG00000074054,CLASP1,Q7Z460,S,647,0.337863110115052
45909,ENSG00000107929,LARP4B,Q92615,S,434,0.419423367723072
45910,ENSG00000135837,CEP350,Q5VT06,S,930,0.115842813051727
45911,ENSG00000140332,TLE3,Q04726,S,289,0.532867135725962
45913,ENSG00000039523,RIPOR1,Q6ZS17,S,171,0.210630259691853
45916,ENSG00000196531,NACA,E9PAV3,T,1034,0.128206937851023
45919,ENSG00000163704,PRRT3,Q5FWE3,S,874,0.370669284452442
45920,ENSG00000171634,BPTF,Q12830,S,1617,0.204752207207331
45921,ENSG00000153048,CARHSP1,Q9Y2V2,S,146,0.424759830403492
45924,ENSG00000114019,AMOTL2,Q9Y2J4,S,54,0.303032583382301
45927,ENSG00000180957,PITPNB,P48739,S,262,0.564708143886657
45929,ENSG00000079308,TNS1,Q9HBL0,S,674,0.113943473956257
45930,ENSG00000160226,C21orf2,O43822,S,201,0.400545325160871
45931,ENSG00000115295,CLIP4,Q8N3C7,S,610,0.116089793993242
45932,ENSG00000141994,DUS3L,Q96G46,T,271,0.283552200272443
45933,ENSG00000121413,ZSCAN18,Q8TBC5,S,10,0.60128355529407
45935,ENSG00000075413,MARK3,P27448,S,380,0.392381323958309
45936,ENSG00000072518,MARK2,Q7KZI7,T,466,0.393073043224601
45937,ENSG00000137166,FOXP4,Q8IVH2,S,291,0.684615616900801
45945,ENSG00000116641,DOCK7,Q96N67,T,907,0.335074836866753
45946,ENSG00000131725,WDR44,Q5JSH3,T,349,0.492947270057145
45950,ENSG00000054654,SYNE2,Q8WXH0,S,6377,0.188743546028934
45951,ENSG00000197321,SVIL,O95425,T,736,0.203939353642733
45954,ENSG00000101470,TNNC2,P02585,S,92,0.223786831691683
45956,ENSG00000161813,LARP4,Q71RC2,S,385,0.267293403906515
45957,ENSG00000143442,POGZ,Q7Z3K3,S,438,0.0736721991904904
45958,ENSG00000198909,MAP3K3,Q99759,S,169,0.448393564605959
45959,ENSG00000136848,DAB2IP,Q5VWQ8,S,289,0.261139212653364
45960,ENSG00000072736,NFATC3,Q12968,S,165,0.442244450862341
45961,ENSG00000165215,CLDN3,O15551,S,209,0.475419553405264
45963,ENSG00000122122,SASH3,O75995,S,37,0.396091846897635
45965,ENSG00000070882,OSBPL3,Q9H4L5,S,265,0.422911752019989
45966,ENSG00000117155,SSX2IP,Q9Y2D8,S,526,0.333716470835543
45967,ENSG00000122966,CIT,O14578,S,1920,0.250746305419828
45970,ENSG00000160813,PPP1R35,Q8TAP8,S,47,0.607117020841485
45971,ENSG00000116285,ERRFI1,Q9UJM3,S,273,0.393520048155282
45976,ENSG00000266412,NCOA4,Q13772,S,186,0.287703952085724
45977,ENSG00000185567,AHNAK2,Q8IVF2,S,3986,0.0677971960231292
45978,ENSG00000120697,ALG5,Q9Y673,S,62,0.422695495971769
45979,ENSG00000124920,MYRF,Q9Y2G1,S,304,0.198086864222348
45981,ENSG00000140836,ZFHX3,Q15911,S,2786,0.357713360779076
45982,ENSG00000134313,KIDINS220,Q9ULH0,S,882,0.409636946375689
45983,ENSG00000185950,IRS2,Q9Y4H2,S,523,0.275051431498507
45986,ENSG00000115183,TANC1,Q9C0D5,S,213,0.213590140584292
45990,ENSG00000149499,EML3,Q32P44,S,159,0.0879716628584402
45991,ENSG00000116539,ASH1L,Q9NR48,S,1716,0.173592723180082
45992,ENSG00000167978,SRRM2,Q9UQ35,S,1093,0.230996134773279
45993,ENSG00000167978,SRRM2,Q9UQ35,T,359,0.268704848560718
45994,ENSG00000177963,RIC8A,Q9NPQ8,Y,435,0.61221381469581
45995,ENSG00000138771,SHROOM3,Q8TF72,S,819,0.18352737946139
45996,ENSG00000198081,ZBTB14,O43829,S,190,0.236665874881739
45998,ENSG00000159140,SON,P18583,S,1701,0.164524735356305
46004,ENSG00000008277,ADAM22,Q9P0K1,S,869,0.319954474160731
46006,ENSG00000070882,OSBPL3,Q9H4L5,S,416,0.226157702135037
46008,ENSG00000136152,COG3,Q96JB2,S,527,0.097457166699228
46009,ENSG00000167323,STIM1,Q13586,S,523,0.324831996064686
46010,ENSG00000156011,PSD3,Q9NYI0,S,1020,0.528192976171237
46011,ENSG00000100393,EP300,Q09472,S,1726,0.255045512683967
46012,ENSG00000213977,TAX1BP3,O14907,S,124,0.137591813479997
46013,ENSG00000111731,C2CD5,Q86YS7,S,643,0.323771374764784
46014,ENSG00000124789,NUP153,P49790,S,182,0.308114464962741
46017,ENSG00000155324,GRAMD2B,Q96HH9,S,53,0.286437586212857
46019,ENSG00000028528,SNX1,P57768,S,32,0.129388057093737
46022,ENSG00000112701,SENP6,Q9GZR1,S,221,0.359024476141602
46024,ENSG00000179262,RAD23A,P54725,S,133,0.624830368702673
46026,ENSG00000237649,KIFC1,Q9BW19,T,359,0.604417659913358
46029,ENSG00000187164,SHTN1,A0MZ66,S,504,0.103551715505399
46031,ENSG00000182718,ANXA2,A6NMY6,S,89,0.126878079377884
46032,ENSG00000005483,KMT2E,Q8IZD2,S,269,0.0635712814379208
46033,ENSG00000074054,CLASP1,Q7Z460,S,695,0.209798489712208
46034,ENSG00000153827,TRIP12,Q14669,S,278,0.271088034216255
46035,ENSG00000004766,VPS50,Q96JG6,S,552,0.271117673921009
46036,ENSG00000148730,EIF4EBP2,Q13542,S,83,0.236355780133955
46039,ENSG00000005249,PRKAR2B,P31323,S,114,0.766253919484869
46040,ENSG00000132356,PRKAA1,Q13131,S,517,0.0872313693839725
46041,ENSG00000156471,PTDSS1,P48651,S,11,0.662592602138945
46042,ENSG00000160469,BRSK1,Q8TDC3,S,399,0.422354492872146
46043,ENSG00000164327,RICTOR,Q6R327,S,21,0.572183509684264
46044,ENSG00000143924,EML4,Q9HC35,S,134,0.251921913278385
46047,ENSG00000144909,OSBPL11,Q9BXB4,S,172,0.449199978902508
46051,ENSG00000148429,USP6NL,Q92738,S,800,0.0983710803891056
46052,ENSG00000144567,RETREG2,Q8NC44,S,138,0.26895243399278
46053,ENSG00000110713,NUP98,P52948,S,726,0.188501007061513
46054,ENSG00000130701,RBBP8NL,Q8NC74,S,283,0.192200456846971
46055,ENSG00000140750,ARHGAP17,Q68EM7,T,682,0.23534120300066
46056,ENSG00000050748,MAPK9,P45984,T,183,0.909752663005581
46058,ENSG00000107554,DNMBP,Q6XZF7,S,496,0.250059955314275
46063,ENSG00000177125,ZBTB34,Q8NCN2,S,463,0.630273293384996
46064,ENSG00000177303,CASKIN2,Q8WXE0,S,708,0.316616780236809
46065,ENSG00000197555,SIPA1L1,O43166,S,1649,0.189197985501308
46067,ENSG00000103550,KNOP1,Q1ED39,T,310,0.553181915575943
46068,ENSG00000125166,GOT2,P00505,T,166,0.419269930102193
46070,ENSG00000144909,OSBPL11,Q9BXB4,S,289,0.0988633859595535
46071,ENSG00000175216,CKAP5,O14513,S,1469,0.164585773515501
46073,ENSG00000158552,ZFAND2B,Q8WV99,T,185,0.294536155622832
46074,ENSG00000217128,FNIP1,Q8TF40,S,220,0.440504730670647
46075,ENSG00000131876,SNRPA1,P09661,T,180,0.259330986436119
46078,ENSG00000121577,POPDC2,Q9HBU9,T,361,0.222557508313201
46079,ENSG00000177600,RPLP2,P05387,S,105,0.910977371511597
46083,ENSG00000173517,PEAK1,Q9H792,T,571,0.232007279861339
46085,ENSG00000187735,TCEA1,P23193,S,139,0.331238136682357
46086,ENSG00000204371,EHMT2,Q96KQ7,S,119,0.325791647491382
46087,ENSG00000074181,NOTCH3,Q9UM47,S,2032,0.361352568731793
46090,ENSG00000155115,GTF3C6,Q969F1,S,174,0.137997664935214
46091,ENSG00000197822,OCLN,Q16625,S,445,0.502580693018357
46092,ENSG00000123143,PKN1,Q16512,S,573,0.276913376203754
46093,ENSG00000055483,USP36,Q9P275,S,667,0.272210938157623
46097,ENSG00000067369,TP53BP1,Q12888,S,96,0.0497436272316938
46099,ENSG00000198626,RYR2,Q92736,S,2808,0.445106153819966
46102,ENSG00000181555,SETD2,Q9BYW2,S,754,0.28377534601273
46103,ENSG00000168575,SLC20A2,Q08357,S,385,0.638919086972914
46105,ENSG00000186174,BCL9L,Q86UU0,S,926,0.456345390616098
46107,ENSG00000065978,YBX1,P67809,T,271,0.41832952029467
46109,ENSG00000145214,DGKQ,P52824,S,26,0.368926168353501
46110,ENSG00000111640,GAPDH,P04406,S,241,0.433243328341491
46111,ENSG00000139218,SCAF11,Q99590,S,796,0.48429888694041
46112,ENSG00000103047,TANGO6,Q9C0B7,S,556,0.259497554411844
46113,ENSG00000133858,ZFC3H1,O60293,S,952,0.189604536773912
46118,ENSG00000181045,SLC26A11,Q86WA9,S,4,0.149718626593655
46119,ENSG00000040933,INPP4A,Q96PE3,T,489,0.106265351255897
46121,ENSG00000072134,EPN2,O95208,S,327,0.166370512037601
46125,ENSG00000074319,TSG101,Q99816,T,220,0.463492168727936
46135,ENSG00000164880,INTS1,Q8N201,T,297,0.114579692881407
46137,ENSG00000204209,DAXX,Q9UER7,S,412,0.256567657133185
46138,ENSG00000115267,IFIH1,Q9BYX4,S,88,0.123552224776153
46143,ENSG00000134369,NAV1,Q8NEY1,S,697,0.184919645242418
46144,ENSG00000134817,APLNR,P35414,S,369,0.130569823418649
46145,ENSG00000133030,MPRIP,Q6WCQ1,S,540,0.291909409627847
46147,ENSG00000120279,MYCT1,Q8N699,S,109,0.210223527971298
46149,ENSG00000060237,WNK1,Q9H4A3,S,1295,0.224414905304477
46150,ENSG00000163781,TOPBP1,Q92547,T,298,0.357557912419704
46154,ENSG00000018408,WWTR1,Q9GZV5,S,66,0.946524135848272
46155,ENSG00000103126,AXIN1,O15169,T,79,0.469689372253616
46157,ENSG00000173276,ZBTB21,Q9ULJ3,S,1003,0.378156538077296
46160,ENSG00000144566,RAB5A,P20339,S,123,0.400478890574803
46161,ENSG00000111490,TBC1D30,Q9Y2I9,S,76,0.146180591437685
46162,ENSG00000176953,NFATC2IP,Q8NCF5,S,337,0.192333532892293
46163,ENSG00000079215,SLC1A3,P43003,Y,523,0.448078251461625
46164,ENSG00000115211,EIF2B4,Q9UI10,S,12,0.1845569265501
46165,ENSG00000116675,DNAJC6,O75061,S,658,0.412146349117483
46166,ENSG00000143476,DTL,Q9NZJ0,S,656,0.523630720991902
46167,ENSG00000166963,MAP1A,P78559,S,2182,0.254307225321098
46169,ENSG00000136925,TSTD2,Q5T7W7,S,501,0.280522650046027
46171,ENSG00000179604,CDC42EP4,Q9H3Q1,S,74,0.344013322505671
46172,ENSG00000214944,ARHGEF28,Q8N1W1,S,773,0.066246056792748
46173,ENSG00000176148,TCP11L1,Q9NUJ3,S,46,0.322066256900536
46174,ENSG00000075702,WDR62,O43379,S,1070,0.246545219962516
46175,ENSG00000168096,ANKS3,Q6ZW76,S,375,0.320577841175084
46178,ENSG00000067369,TP53BP1,Q12888,S,484,0.14937426977442
46179,ENSG00000173218,VANGL1,Q8TAA9,S,338,0.562419838432325
46180,ENSG00000148429,USP6NL,Q92738,S,791,0.381341365032166
46181,ENSG00000111247,RAD51AP1,Q96B01,S,19,0.431648652911152
46183,ENSG00000122779,TRIM24,O15164,T,101,0.317823184172617
46184,ENSG00000107282,APBA1,Q02410,T,81,0.0978039118819346
46187,ENSG00000130147,SH3BP4,Q9P0V3,S,117,0.231980862733384
46188,ENSG00000173153,ESRRA,P11474,S,27,0.476850022875087
46192,ENSG00000110723,EXPH5,Q8NEV8,S,238,0.0888641648282026
46193,ENSG00000060069,CTDP1,Q9Y5B0,T,843,0.0777202492027316
46194,ENSG00000121060,TRIM25,Q14258,S,190,0.211171225206914
46195,ENSG00000067208,EVI5,O60447,S,778,0.365986116650218
46196,ENSG00000143110,C1orf162,Q8NEQ5,S,140,0.137744577066476
46197,ENSG00000188906,LRRK2,Q5S007,S,908,0.277089234500686
46200,ENSG00000169258,GPRIN1,Q7Z2K8,S,18,0.157462357074769
46201,ENSG00000101191,DIDO1,Q9BTC0,S,114,0.247945894544062
46202,ENSG00000203485,INF2,Q27J81,S,1194,0.294396957034037
46204,ENSG00000165929,TC2N,Q8N9U0,S,211,0.448375863749952
46205,ENSG00000130723,PRRC2B,Q5JSZ5,S,222,0.170218337022515
46208,ENSG00000143190,POU2F1,P14859,T,259,0.396461005187544
46211,ENSG00000103249,CLCN7,P51798,S,48,0.266680103105585
46212,ENSG00000241839,PLEKHO2,Q8TD55,T,250,0.177156032342429
46215,ENSG00000161835,GRASP,Q9BQQ3,Y,237,0.451081866524546
46218,ENSG00000165895,ARHGAP42,A6NI28,S,587,0.127634443563009
46221,ENSG00000155816,FMN2,Q9NZ56,S,516,0.202926541140884
46222,ENSG00000115266,APC2,O95996,S,108,0.230598979229394
46223,ENSG00000182541,LIMK2,P53671,S,289,0.625774153425222
46225,ENSG00000108559,NUP88,Q99567,S,46,0.566531232305644
46227,ENSG00000174791,RIN1,Q13671,S,258,0.602425574983015
46229,ENSG00000160293,VAV2,P52735,S,639,0.173301181232966
46230,ENSG00000141577,CEP131,Q9UPN4,S,450,0.324513917196113
46231,ENSG00000111142,METAP2,P50579,S,45,0.361290571721807
46232,ENSG00000152518,ZFP36L2,P47974,S,259,0.5450877527626
46233,ENSG00000136114,THSD1,Q9NS62,S,477,0.194383460182855
46234,ENSG00000073792,IGF2BP2,Q9Y6M1,S,161,0.349488210972064
46242,ENSG00000129351,ILF3,Q12906,S,190,0.343885017537744
46243,ENSG00000099625,CBARP,Q8N350,S,399,0.440988972561736
46244,ENSG00000165959,CLMN,Q96JQ2,S,927,0.267915513946145
46245,ENSG00000198554,WDHD1,O75717,S,374,0.382157022578041
46248,ENSG00000065613,SLK,Q9H2G2,S,543,0.0595009936714514
46249,ENSG00000163110,PDLIM5,Q96HC4,S,379,0.116070459462513
46255,ENSG00000189337,KAZN,Q674X7,T,333,0.377818165826918
46256,ENSG00000135506,OS9,Q13438,S,509,0.354720289775243
46259,ENSG00000181163,NPM1,P06748,S,88,0.477046617867456
46260,ENSG00000026025,VIM,P08670,T,33,0.581930701854619
46262,ENSG00000129534,MIS18BP1,Q6P0N0,S,1027,0.146266339319967
46266,ENSG00000196531,NACA,E9PAV3,T,1434,0.137136178350945
46267,ENSG00000023892,DEF6,Q9H4E7,S,566,0.249045824919885
46272,ENSG00000141551,CSNK1D,P48730,T,352,0.246807527068958
46273,ENSG00000196730,DAPK1,P53355,S,333,0.321948693968622
46274,ENSG00000103034,NDRG4,Q9ULP0,S,337,0.177748668962949
46276,ENSG00000105486,LIG1,P18858,S,47,0.278289923674786
46277,ENSG00000198198,SZT2,Q5T011,T,2434,0.259722583676961
46282,ENSG00000141582,CBX4,O00257,T,435,0.174332132125241
46285,ENSG00000137285,TUBB2B,Q9BVA1,T,55,0.137545977799379
46287,ENSG00000156599,ZDHHC5,Q9C0B5,S,634,0.333247289020293
46288,ENSG00000122359,ANXA11,P50995,Y,279,0.37993875329348
46291,ENSG00000106554,CHCHD3,Q9NX63,S,29,0.42475797125631
46292,ENSG00000112640,PPP2R5D,Q14738,S,598,0.338331081673898
46295,ENSG00000105699,LSR,Q86X29,S,332,0.69404607133436
46296,ENSG00000124782,RREB1,Q92766,T,351,0.131302053321922
46297,ENSG00000177084,POLE,Q07864,S,1317,0.18713110156997
46298,ENSG00000179841,AKAP5,P24588,S,53,0.253694499753276
46301,ENSG00000108021,FAM208B,Q5VWN6,S,221,0.212286176625444
46303,ENSG00000196208,GREB1,Q4ZG55,S,1160,0.20745825679833
46304,ENSG00000143322,ABL2,P42684,S,72,0.274549822678635
46307,ENSG00000103342,GSPT1,P15170,S,36,0.290375499197943
46309,ENSG00000165782,PIP4P1,Q86T03,S,277,0.147036828174659
46311,ENSG00000165655,ZNF503,Q96F45,T,99,0.553400220647567
46312,ENSG00000198589,LRBA,P50851,S,971,0.237192832159357
46313,ENSG00000029363,BCLAF1,Q9NYF8,S,264,0.317435432960976
46315,ENSG00000163608,NEPRO,Q6NW34,S,328,0.268803288351383
46316,ENSG00000113389,NPR3,P17342,S,533,0.310730688965537
46317,ENSG00000125484,GTF3C4,Q9UKN8,S,604,0.279302062395892
46318,ENSG00000109062,SLC9A3R1,O14745,T,260,0.360818544146818
46319,ENSG00000109171,SLAIN2,Q9P270,S,343,0.548679436352308
46320,ENSG00000152234,ATP5F1A,P25705,S,513,0.0899298371967876
46326,ENSG00000086758,HUWE1,Q7Z6Z7,S,3127,0.364447027708742
46327,ENSG00000263465,SRSF8,Q9BRL6,S,29,0.340294597767017
46328,ENSG00000115295,CLIP4,Q8N3C7,S,579,0.363381890958026
46329,ENSG00000044446,PHKA2,P46019,S,1044,0.513021275456091
46330,ENSG00000115310,RTN4,Q9NQC3,T,450,0.225964219089801
46332,ENSG00000025800,KPNA6,O60684,S,113,0.403759843443089
46333,ENSG00000106012,IQCE,Q6IPM2,S,598,0.175597985663124
46334,ENSG00000130202,NECTIN2,Q92692,Y,513,0.780250212156272
46335,ENSG00000178691,SUZ12,Q15022,S,726,0.11986695379155
46339,ENSG00000081913,PHLPP1,O60346,S,118,0.0908510106110037
46340,ENSG00000160299,PCNT,O95613,S,2214,0.223086946033742
46341,ENSG00000129292,PHF20L1,A8MW92,S,395,0.141557425253087
46342,ENSG00000184677,ZBTB40,Q9NUA8,S,190,0.307854735011356
46345,ENSG00000103994,ZNF106,Q9H2Y7,T,1021,0.364007127100917
46350,ENSG00000066405,CLDN18,P56856,S,253,0.352111251597195
46354,ENSG00000011426,ANLN,Q9NQW6,S,141,0.154336896058828
46355,ENSG00000118900,UBN1,Q9NPG3,S,764,0.100968666774898
46356,ENSG00000053254,FOXN3,O00409,T,94,0.206984532018193
46357,ENSG00000136205,TNS3,Q68CZ2,S,361,0.22364412003296
46358,ENSG00000080815,PSEN1,P49768,S,337,0.294638525377422
46359,ENSG00000132155,RAF1,P04049,S,244,0.501080126712126
46360,ENSG00000117640,MTFR1L,Q9H019,S,232,0.133150644045301
46364,ENSG00000144567,RETREG2,Q8NC44,S,132,0.200051166389312
46365,ENSG00000074054,CLASP1,Q7Z460,S,256,0.0738144214610381
46368,ENSG00000184363,PKP3,Q9Y446,S,260,0.137311957306499
46369,ENSG00000119487,MAPKAP1,Q9BPZ7,S,185,0.328467421092414
46374,ENSG00000029363,BCLAF1,Q9NYF8,Y,284,0.80164258803492
46375,ENSG00000143416,SELENBP1,Q13228,S,371,0.479325343114723
46378,ENSG00000152520,PAN3,Q58A45,S,191,0.422732240616078
46380,ENSG00000131374,TBC1D5,Q92609,S,557,0.286864197715191
46382,ENSG00000145362,ANK2,Q01484,S,1824,0.107669660951449
46383,ENSG00000085733,CTTN,Q14247,Y,433,0.459112882816449
46386,ENSG00000064042,LIMCH1,Q9UPQ0,S,746,0.140466412948279
46387,ENSG00000166963,MAP1A,P78559,S,1701,0.19425592518441
46388,ENSG00000132613,MTSS1L,Q765P7,S,580,0.294118683636857
46391,ENSG00000112739,PRPF4B,Q13523,S,232,0.223543578367063
46392,ENSG00000163157,TMOD4,Q9NZQ9,S,58,0.492723503083006
46394,ENSG00000060069,CTDP1,Q9Y5B0,S,904,0.121017344571122
46396,ENSG00000092439,TRPM7,Q96QT4,S,1860,0.234707376865298
46398,ENSG00000204568,MRPS18B,Q9Y676,S,38,0.332708123830291
46399,ENSG00000159556,ISL2,Q96A47,S,279,0.554761114166659
46402,ENSG00000149798,CDC42EP2,O14613,S,141,0.543093962018014
46403,ENSG00000107105,ELAVL2,Q12926,S,221,0.338791850781058
46404,ENSG00000187678,SPRY4,Q9C004,Y,52,0.64831409515356
46405,ENSG00000047849,MAP4,P27816,S,1036,0.227478777946407
46407,ENSG00000106772,PRUNE2,Q8WUY3,S,1639,0.167394538842236
46408,ENSG00000092531,SNAP23,O00161,T,157,0.394930917119162
46411,ENSG00000164818,DNAAF5,Q86Y56,S,837,0.102956854219563
46413,ENSG00000166923,GREM1,O60565,S,77,0.681381339703157
46414,ENSG00000162636,FAM102B,Q5T8I3,S,224,0.426224329460287
46415,ENSG00000169905,TOR1AIP2,Q8NFQ8,S,4,0.300463235303012
46416,ENSG00000116754,SRSF11,Q05519,S,468,0.429710001237828
46417,ENSG00000166173,LARP6,Q9BRS8,S,451,0.594711855959445
46418,ENSG00000072195,SPEG,Q15772,T,2826,0.0733177092474041
46419,ENSG00000185359,HGS,O14964,S,315,0.143109256214768
46422,ENSG00000169641,LUZP1,Q86V48,S,512,0.287781287378934
46424,ENSG00000154845,PPP4R1,Q8TF05,S,948,0.218626266244918
46427,ENSG00000040633,PHF23,Q9BUL5,S,158,0.129963508833039
46428,ENSG00000162909,CAPN2,P17655,T,464,0.46597387549556
46429,ENSG00000100345,MYH9,P35579,T,1151,0.379128659124045
46430,ENSG00000163349,HIPK1,Q86Z02,S,872,0.330442134356719
46434,ENSG00000112667,DNPH1,O43598,S,169,0.605541794758573
46439,ENSG00000005339,CREBBP,Q92793,S,1763,0.600461816242735
46444,ENSG00000131196,NFATC1,O95644,S,359,0.309713374922974
46447,ENSG00000054118,THRAP3,Q9Y2W1,S,494,0.256825574631107
46449,ENSG00000239306,RBM14,Q96PK6,S,651,0.325749798471602
46450,ENSG00000124782,RREB1,Q92766,T,1315,0.180808999345364
46451,ENSG00000145016,RUBCN,Q92622,S,413,0.0925180711289113
46453,ENSG00000124942,AHNAK,Q09666,S,5289,0.0620539545010269
46454,ENSG00000085415,SEH1L,Q96EE3,S,260,0.192972857469909
46455,ENSG00000131746,TNS4,Q8IZW8,S,248,0.472524386845903
46457,ENSG00000198771,RCSD1,Q6JBY9,S,219,0.24065537260577
46458,ENSG00000173744,AGFG1,P52594,S,368,0.122078905460619
46462,ENSG00000144645,OSBPL10,Q9BXB5,S,322,0.138964641274436
46465,ENSG00000174744,BRMS1,Q9HCU9,S,173,0.241206883757209
46466,ENSG00000137962,ARHGAP29,Q52LW3,S,591,0.177336517988098
46468,ENSG00000180448,ARHGAP45,Q92619,S,93,0.307651969996575
46470,ENSG00000070814,TCOF1,Q13428,T,1110,0.242255621104919
46472,ENSG00000131269,ABCB7,O75027,S,743,0.20089346070485
46473,ENSG00000170027,YWHAG,P61981,S,235,0.278390779523729
46475,ENSG00000101811,CSTF2,P33240,S,310,0.398854737243129
46478,ENSG00000119321,FKBP15,Q5T1M5,S,297,0.0744331589071049
46479,ENSG00000183741,CBX6,O95503,S,246,0.470892237267352
46480,ENSG00000184640,SEPT9,Q9UHD8,S,238,0.468582421682652
46481,ENSG00000107164,FUBP3,Q96I24,T,130,0.203730861595176
46482,ENSG00000114942,EEF1B2,P24534,S,112,0.330599988701038
46488,ENSG00000275342,PRAG1,Q86YV5,T,1227,0.169682997044124
46492,ENSG00000102054,RBBP7,Q16576,S,354,0.623388337711886
46494,ENSG00000015133,CCDC88C,Q9P219,T,1460,0.131186209160346
46495,ENSG00000243156,MICAL3,Q7RTP6,S,1160,0.193537053954153
46496,ENSG00000125844,RRBP1,Q9P2E9,T,110,0.167815843675486
46497,ENSG00000142528,ZNF473,Q8WTR7,S,157,0.178230912834887
46500,ENSG00000141570,CBX8,Q9HC52,T,264,0.310650220487131
46501,ENSG00000090060,PAPOLA,P51003,S,529,0.107169951374482
46502,ENSG00000125414,MYH2,Q9UKX2,T,71,0.0763645133243673
46503,ENSG00000086015,MAST2,Q6P0Q8,S,1337,0.562782443094148
46504,ENSG00000140505,CYP1A2,P05177,S,82,0.358502710084988
46505,ENSG00000101811,CSTF2,P33240,T,531,0.420952616183216
46506,ENSG00000142197,DOPEY2,Q9Y3R5,S,1050,0.0793930351335414
46507,ENSG00000144369,FAM171B,Q6P995,S,405,0.222400605319313
46510,ENSG00000131016,AKAP12,Q02952,T,725,0.0559765477800805
46512,ENSG00000178409,BEND3,Q5T5X7,S,489,0.246058171994489
46517,ENSG00000107862,GBF1,Q92538,S,352,0.355788319919014
46518,ENSG00000197380,DACT3,Q96B18,S,188,0.306623877257724
46520,ENSG00000165868,HSPA12A,O43301,S,632,0.103183787434076
46521,ENSG00000038358,EDC4,Q6P2E9,S,741,0.339776372149227
46523,ENSG00000141503,MINK1,Q8N4C8,T,809,0.115173640192623
46526,ENSG00000156011,PSD3,Q9NYI0,S,997,0.11630844971754
46527,ENSG00000162437,RAVER2,Q9HCJ3,S,635,0.353476780036776
46529,ENSG00000168071,CCDC88B,A6NC98,S,1408,0.22204110258667
46534,ENSG00000166317,SYNPO2L,Q9H987,T,892,0.461286465927609
46535,ENSG00000163539,CLASP2,O75122,S,22,0.145834275617601
46536,ENSG00000116679,IVNS1ABP,Q9Y6Y0,S,270,0.121987976773705
46540,ENSG00000158092,NCK1,P16333,Y,112,0.366526126953974
46541,ENSG00000123200,ZC3H13,Q5T200,S,348,0.356242939379304
46542,ENSG00000171813,PWWP2B,Q6NUJ5,S,60,0.185771200089892
46543,ENSG00000109111,SUPT6H,Q7KZ85,S,1535,0.496723293366525
46544,ENSG00000197555,SIPA1L1,O43166,S,193,0.257768650998403
46545,ENSG00000180921,FAM83H,Q6ZRV2,S,850,0.330279520004524
46547,ENSG00000100994,PYGB,P11216,S,8,0.258733935887285
46552,ENSG00000007384,RHBDF1,Q96CC6,T,56,0.135079850891104
46553,ENSG00000100354,TNRC6B,Q9UPQ9,S,61,0.129662969638992
46555,ENSG00000005249,PRKAR2B,P31323,Y,120,0.497973290834561
46556,ENSG00000215301,DDX3X,O00571,S,609,0.161959811875143
46557,ENSG00000141577,CEP131,Q9UPN4,S,798,0.265891682602234
46558,ENSG00000064995,TAF11,Q15544,S,60,0.449083101914087
46559,ENSG00000133392,MYH11,P35749,S,1034,0.124342512097953
46561,ENSG00000110723,EXPH5,Q8NEV8,S,1764,0.15743584883049
46563,ENSG00000137962,ARHGAP29,Q52LW3,S,521,0.266525240911354
46564,ENSG00000197321,SVIL,O95425,S,938,0.0773582312385885
46566,ENSG00000198589,LRBA,P50851,S,1261,0.27303318671504
46567,ENSG00000085831,TTC39A,Q5SRH9,S,612,0.246278472842827
46570,ENSG00000158092,NCK1,P16333,S,157,0.193393681502791
46572,ENSG00000075413,MARK3,P27448,T,536,0.404713446370386
46575,ENSG00000109846,CRYAB,P02511,S,19,0.483717278232948
46578,ENSG00000160741,CRTC2,Q53ET0,T,169,0.592051003186326
46579,ENSG00000144381,HSPD1,P10809,T,231,0.242917254144637
46580,ENSG00000154310,TNIK,Q9UKE5,S,701,0.390426601877938
46581,ENSG00000006432,MAP3K9,P80192,S,917,0.3165599091212
46582,ENSG00000148773,MKI67,P46013,T,1261,0.306759222286379
46583,ENSG00000184363,PKP3,Q9Y446,Y,176,0.70595243109766
46586,ENSG00000163995,ABLIM2,Q6H8Q1,S,476,0.464581622538992
46591,ENSG00000197321,SVIL,O95425,S,920,0.326759157072662
46595,ENSG00000177311,ZBTB38,Q8NAP3,S,244,0.131671432617038
46596,ENSG00000088387,DOCK9,Q9BZ29,S,1240,0.0975181729112746
46597,ENSG00000148572,NRBF2,Q96F24,S,116,0.425157312323403
46601,ENSG00000111674,ENO2,P09104,S,263,0.508231018682275
46602,ENSG00000160007,ARHGAP35,Q9NRY4,S,773,0.29011748829046
46606,ENSG00000143772,ITPKB,P27987,S,621,0.201602234450528
46607,ENSG00000105185,PDCD5,O14737,S,42,0.38597681534648
46611,ENSG00000167978,SRRM2,Q9UQ35,S,837,0.169159021928526
46614,ENSG00000171724,VAT1L,Q9HCJ6,T,395,0.177268290890393
46618,ENSG00000101191,DIDO1,Q9BTC0,S,123,0.0504536794395118
46619,ENSG00000092964,DPYSL2,Q16555,S,542,0.424563209379245
46620,ENSG00000120913,PDLIM2,Q96JY6,S,173,0.353526034901896
46621,ENSG00000115648,MLPH,Q9BV36,T,401,0.389553798813155
46623,ENSG00000119522,DENND1A,Q8TEH3,S,656,0.379760998196484
46624,ENSG00000176619,LMNB2,Q03252,S,541,0.234212442289783
46625,ENSG00000146112,PPP1R18,Q6NYC8,S,203,0.273936165077469
46627,ENSG00000183963,SMTN,P53814,S,341,0.366408033064246
46630,ENSG00000139116,KIF21A,Q7Z4S6,S,530,0.0755413425309366
46633,ENSG00000120685,PROSER1,Q86XN7,T,615,0.325951434259916
46637,ENSG00000017797,RALBP1,Q15311,S,22,0.108826479796981
46638,ENSG00000134250,NOTCH2,Q04721,T,1808,0.571975530662707
46639,ENSG00000129667,RHBDF2,Q6PJF5,T,175,0.306069048555444
46640,ENSG00000115687,PASK,Q96RG2,S,116,0.224753214308407
46641,ENSG00000165632,TAF3,Q5VWG9,S,830,0.210211237254397
46643,ENSG00000075711,DLG1,Q12959,T,115,0.348485244824233
46645,ENSG00000186635,ARAP1,Q96P48,S,70,0.259725467225336
46646,ENSG00000106772,PRUNE2,Q8WUY3,S,595,0.3010387458247
46647,ENSG00000132694,ARHGEF11,O15085,S,545,0.137609517850841
46648,ENSG00000196535,MYO18A,Q92614,S,2006,0.158222827510509
46651,ENSG00000198142,SOWAHC,Q53LP3,S,408,0.140873941203686
46652,ENSG00000049769,PPP1R3F,Q6ZSY5,S,547,0.19544633628294
46654,ENSG00000111348,ARHGDIB,P52566,Y,153,0.447040534558681
46655,ENSG00000197077,KIAA1671,Q9BY89,S,518,0.0620211524285295
46656,ENSG00000107186,MPDZ,O75970,S,1587,0.0494225174633346
46657,ENSG00000165494,PCF11,O94913,T,535,0.234132953396791
46658,ENSG00000136383,ALPK3,Q96L96,S,1235,0.164393038481722
46659,ENSG00000136710,CCDC115,Q96NT0,T,110,0.188348636630262
46660,ENSG00000149269,PAK1,Q13153,S,115,0.411484879819893
46661,ENSG00000136478,TEX2,Q8IWB9,S,798,0.339829740204187
46662,ENSG00000100503,NIN,Q8N4C6,S,269,0.385952719500124
46663,ENSG00000132906,CASP9,P55211,S,302,0.444449348068296
46664,ENSG00000197702,PARVA,Q9NVD7,S,242,0.130123979547312
46665,ENSG00000002834,LASP1,Q14847,S,99,0.445844559055595
46675,ENSG00000137076,TLN1,Q9Y490,S,417,0.171986421009242
46677,ENSG00000117155,SSX2IP,Q9Y2D8,S,452,0.358571425681973
46678,ENSG00000174373,RALGAPA1,Q6GYQ0,S,368,0.249610249812605
46682,ENSG00000104881,PPP1R13L,Q8WUF5,Y,109,0.380906011277584
46683,ENSG00000065054,SLC9A3R2,Q15599,S,269,0.14719691452696
46684,ENSG00000125818,PSMF1,Q92530,S,152,0.279523271252433
46685,ENSG00000115902,SLC1A4,P43007,S,502,0.319263586966486
46687,ENSG00000160741,CRTC2,Q53ET0,T,620,0.354404940869099
46689,ENSG00000166128,RAB8B,Q92930,T,164,0.144332875387295
46692,ENSG00000130592,LSP1,P33241,S,282,0.154564128513483
46694,ENSG00000102935,ZNF423,Q2M1K9,S,47,0.246117191699412
46695,ENSG00000168264,IRF2BP2,Q7Z5L9,S,290,0.104699593130114
46697,ENSG00000139613,SMARCC2,Q8TAQ2,T,378,0.305749961225753
46699,ENSG00000172020,GAP43,P17677,S,130,0.12958324490184
46704,ENSG00000095203,EPB41L4B,Q9H329,S,428,0.238964141702568
46705,ENSG00000080815,PSEN1,P49768,S,366,0.785824839007598
46706,ENSG00000072195,SPEG,Q15772,S,513,0.140297271858191
46708,ENSG00000178209,PLEC,Q15149,S,4670,0.261815069688556
46711,ENSG00000065923,SLC9A7,Q96T83,S,573,0.107606895926611
46714,ENSG00000104983,CCDC61,Q9Y6R9,S,447,0.497206883644018
46718,ENSG00000122566,HNRNPA2B1,P22626,Y,331,0.516391516782866
46720,ENSG00000100056,ESS2,Q96DF8,T,110,0.712508900643069
46723,ENSG00000106605,BLVRA,P53004,S,237,0.277316032338866
46724,ENSG00000155363,MOV10,Q9HCE1,S,969,0.399619194992821
46729,ENSG00000145016,RUBCN,Q92622,S,390,0.343514564150456
46730,ENSG00000164924,YWHAZ,P63104,S,210,0.423110773975048
46731,ENSG00000120694,HSPH1,Q92598,T,546,0.0856093059708776
46733,ENSG00000144381,HSPD1,P10809,S,67,0.382074411706017
46735,ENSG00000163704,PRRT3,Q5FWE3,S,808,0.607866218333624
46736,ENSG00000166963,MAP1A,P78559,T,2137,0.0340541961386134
46738,ENSG00000179364,PACS2,Q86VP3,S,366,0.281897781538777
46740,ENSG00000140396,NCOA2,Q15596,S,487,0.455725348213819
46741,ENSG00000175471,MCTP1,Q6DN14,T,146,0.206820349447961
46742,ENSG00000188559,RALGAPA2,Q2PPJ7,S,368,0.256012348017674
46743,ENSG00000165699,TSC1,Q92574,S,673,0.222320665332811
46744,ENSG00000151131,C12orf45,Q8N5I9,S,66,0.523327999927667
46746,ENSG00000164484,TMEM200A,Q86VY9,S,350,0.539711397857711
46747,ENSG00000173230,GOLGB1,Q14789,S,453,0.0610387658948955
46748,ENSG00000023516,AKAP11,Q9UKA4,S,1526,0.261620425627278
46750,ENSG00000100425,BRD1,O95696,S,852,0.568728405277763
46751,ENSG00000198160,MIER1,Q8N108,S,130,0.379798344891539
46752,ENSG00000163166,IWS1,Q96ST2,S,407,0.227077054581796
46755,ENSG00000110075,PPP6R3,Q5H9R7,S,579,0.180345417746328
46756,ENSG00000187690,CXorf67,Q86X51,S,465,0.486953349033972
46757,ENSG00000141376,BCAS3,Q9H6U6,S,877,0.222328579627041
46759,ENSG00000100325,ASCC2,Q9H1I8,T,708,0.0831912814316979
46761,ENSG00000139116,KIF21A,Q7Z4S6,S,1274,0.166558737102593
46765,ENSG00000108021,FAM208B,Q5VWN6,S,1220,0.261980721193078
46768,ENSG00000189410,SH2D5,Q6ZV89,S,415,0.359559760642959
46769,ENSG00000149257,SERPINH1,P50454,S,139,0.311873966430422
46770,ENSG00000128849,CGNL1,Q0VF96,S,349,0.083428047455148
46771,ENSG00000172164,SNTB1,Q13884,S,236,0.349606361333523
46772,ENSG00000173230,GOLGB1,Q14789,S,138,0.227215046306825
46773,ENSG00000072274,TFRC,P02786,S,24,0.789288412644316
46774,ENSG00000198160,MIER1,Q8N108,S,369,0.400885952402883
46775,ENSG00000132294,EFR3A,Q14156,T,688,0.365257533180112
46778,ENSG00000197555,SIPA1L1,O43166,S,1412,0.315460588501331
46779,ENSG00000138709,LARP1B,Q659C4,S,348,0.2392278853606
46783,ENSG00000137171,KLC4,Q9NSK0,T,518,0.219574140724633
46785,ENSG00000117713,ARID1A,O14497,T,1206,0.276310478568135
46786,ENSG00000127527,EPS15L1,Q9UBC2,S,244,0.433829672800575
46788,ENSG00000118960,HS1BP3,Q53T59,S,254,0.263906465180433
46794,ENSG00000065883,CDK13,Q14004,S,437,0.546114716191728
46795,ENSG00000179134,SAMD4B,Q5PRF9,S,626,0.257617432377746
46798,ENSG00000170214,ADRA1B,P35368,S,470,0.331732737729579
46800,ENSG00000215114,UBXN2B,Q14CS0,S,235,0.784408103694087
46801,ENSG00000099889,ARVCF,O00192,T,265,0.241374517974642
46804,ENSG00000154133,ROBO4,Q8WZ75,S,657,0.16665004143446
46805,ENSG00000189079,ARID2,Q68CP9,S,1391,0.130112549834632
46806,ENSG00000156860,FBRS,Q9HAH7,S,210,0.378435216140159
46808,ENSG00000140332,TLE3,Q04726,S,207,0.397272966712952
46810,ENSG00000178950,GAK,O14976,S,26,0.144977335444454
46812,ENSG00000134987,WDR36,Q8NI36,S,455,0.334536012395027
46814,ENSG00000162191,UBXN1,Q04323,S,199,0.48761966497834
46815,ENSG00000137962,ARHGAP29,Q52LW3,S,1143,0.32787427049571
46817,ENSG00000070814,TCOF1,Q13428,S,1001,0.267493452746682
46820,ENSG00000138386,NAB1,Q13506,S,180,0.534369823689969
46826,ENSG00000145103,ILDR1,Q86SU0,S,514,0.157934923154166
46828,ENSG00000057294,PKP2,Q99959,S,358,0.221751469008875
46830,ENSG00000163166,IWS1,Q96ST2,S,209,0.339794358970449
46833,ENSG00000204120,GIGYF2,Q6Y7W6,T,25,0.264959034205493
46834,ENSG00000143549,TPM3,P06753,S,189,0.358774806217045
46835,ENSG00000128591,FLNC,Q14315,S,1540,0.0960794928729452
46836,ENSG00000260916,CCPG1,Q9ULG6,S,190,0.328057720679192
46838,ENSG00000120549,KIAA1217,Q5T5P2,S,1111,0.276846605953214
46840,ENSG00000132680,KHDC4,Q7Z7F0,S,571,0.427517771027132
46843,ENSG00000163714,U2SURP,O15042,S,181,0.128291358705726
46846,ENSG00000125414,MYH2,Q9UKX2,T,1288,0.460000257711207
46848,ENSG00000083168,KAT6A,Q92794,S,1143,0.158889809690619
46850,ENSG00000198933,TBKBP1,A7MCY6,S,393,0.446147489313612
46853,ENSG00000154358,OBSCN,Q5VST9,S,6881,0.133115644649062
46856,ENSG00000182504,CEP97,Q8IW35,S,813,0.210499786531264
46857,ENSG00000103326,CAPN15,O75808,S,335,0.498266454139109
46858,ENSG00000123352,SPATS2,Q86XZ4,S,120,0.316100344861052
46860,ENSG00000135968,GCC2,Q8IWJ2,S,591,0.159627401382016
46861,ENSG00000140262,TCF12,Q99081,S,545,0.415721236288526
46866,ENSG00000115252,PDE1A,P54750,S,487,0.34288273461891
46867,ENSG00000154556,SORBS2,O94875,S,843,0.27665856075501
46868,ENSG00000111913,RIPOR2,Q9Y4F9,S,175,0.174596359880556
46871,ENSG00000167100,SAMD14,Q8IZD0,S,140,0.413733130434106
46874,ENSG00000239306,RBM14,Q96PK6,S,161,0.310901846316118
46875,ENSG00000122779,TRIM24,O15164,S,689,0.130481919450519
46876,ENSG00000163704,PRRT3,Q5FWE3,S,798,0.394927983819319
46881,ENSG00000106346,USP42,Q9H9J4,S,856,0.277102975716297
46883,ENSG00000166477,LEO1,Q8WVC0,S,66,0.417283022984606
46885,ENSG00000237441,RGL2,O15211,S,619,0.553865644058183
46887,ENSG00000120896,SORBS3,O60504,S,597,0.314070477059204
46888,ENSG00000102119,EMD,P50402,S,142,0.447922803025589
46891,ENSG00000040633,PHF23,Q9BUL5,S,315,0.542810346975383
46893,ENSG00000129675,ARHGEF6,Q15052,S,123,0.381942514478633
46894,ENSG00000067369,TP53BP1,Q12888,S,1548,0.48704435592351
46896,ENSG00000107890,ANKRD26,Q9UPS8,S,539,0.0744266128424643
46898,ENSG00000154556,SORBS2,O94875,S,152,0.254521685526023
46899,ENSG00000128849,CGNL1,Q0VF96,S,202,0.307723065539926
46900,ENSG00000108349,CASC3,O15234,S,23,0.173136682359542
46901,ENSG00000096070,BRPF3,Q9ULD4,S,17,0.426098982924478
46902,ENSG00000241839,PLEKHO2,Q8TD55,S,248,0.121545176283667
46904,ENSG00000158290,CUL4B,Q13620,S,95,0.357068801016821
46905,ENSG00000157637,SLC38A10,Q9HBR0,S,965,0.219703732316336
46906,ENSG00000133454,MYO18B,Q8IUG5,S,502,0.18295945652857
46909,ENSG00000131016,AKAP12,Q02952,S,648,0.279909843193918
46912,ENSG00000181418,DDN,O94850,S,567,0.255987289848278
46913,ENSG00000115457,IGFBP2,P18065,S,142,0.208045672038978
46914,ENSG00000147130,ZMYM3,Q14202,S,54,0.106573796931982
46915,ENSG00000152234,ATP5F1A,P25705,S,236,0.113456002652974
46916,ENSG00000104812,GYS1,P13807,S,727,0.478971395632117
46920,ENSG00000117395,EBNA1BP2,Q99848,S,264,0.579472476588468
46921,ENSG00000198198,SZT2,Q5T011,S,2458,0.160363466703737
46924,ENSG00000154380,ENAH,Q8N8S7,S,486,0.250718623606262
46925,ENSG00000198752,CDC42BPB,Q9Y5S2,S,363,0.2759628748823
46929,ENSG00000015133,CCDC88C,Q9P219,S,486,0.164158960969044
46930,ENSG00000143416,SELENBP1,Q13228,S,111,0.120475927212171
46932,ENSG00000092853,CLSPN,Q9HAW4,S,764,0.231531047511857
46933,ENSG00000065559,MAP2K4,P45985,S,394,0.643558573861244
46934,ENSG00000134744,ZCCHC11,Q5TAX3,S,131,0.176275224237732
46936,ENSG00000141376,BCAS3,Q9H6U6,S,850,0.156772356588364
46937,ENSG00000130589,HELZ2,Q9BYK8,S,1006,0.191161086544832
46939,ENSG00000038219,BOD1L1,Q8NFC6,S,659,0.471757602376934
46943,ENSG00000243156,MICAL3,Q7RTP6,T,1291,0.324826927505192
46944,ENSG00000168386,FILIP1L,Q4L180,S,1076,0.237322965065549
46945,ENSG00000178761,FAM219B,Q5XKK7,S,125,0.587232193427972
46947,ENSG00000052126,PLEKHA5,Q9HAU0,S,471,0.328208642706605
46954,ENSG00000170011,MYRIP,Q8NFW9,S,557,0.121992754210431
46959,ENSG00000105339,DENND3,A2RUS2,S,490,0.359902451978861
46961,ENSG00000114544,SLC41A3,Q96GZ6,T,49,0.311073232254719
46963,ENSG00000170871,KIAA0232,Q92628,S,707,0.0996355018731761
46965,ENSG00000055609,KMT2C,Q8NEZ4,S,2937,0.297950958670809
46968,ENSG00000072121,ZFYVE26,Q68DK2,S,1762,0.239728496460442
46970,ENSG00000077454,LRCH4,O75427,S,304,0.448717064887049
46971,ENSG00000157895,C12orf43,Q96C57,S,202,0.294678157695366
46972,ENSG00000112406,HECA,Q9UBI9,S,264,0.619072368959209
46973,ENSG00000167280,ENGASE,Q8NFI3,S,49,0.173511245393919
46974,ENSG00000127947,PTPN12,Q05209,T,376,0.137622467587037
46975,ENSG00000130723,PRRC2B,Q5JSZ5,S,595,0.13505443559245
46977,ENSG00000033627,ATP6V0A1,Q93050,Y,364,0.573226462636258
46978,ENSG00000155629,PIK3AP1,Q6ZUJ8,S,562,0.327790153073935
46980,ENSG00000167978,SRRM2,Q9UQ35,S,322,0.199617219474629
46984,ENSG00000165650,PDZD8,Q8NEN9,T,971,0.344432760880648
46988,ENSG00000162522,KIAA1522,Q9P206,S,379,0.137461674809869
46991,ENSG00000182504,CEP97,Q8IW35,S,314,0.304712169094159
46992,ENSG00000055483,USP36,Q9P275,S,613,0.3113741884374
46996,ENSG00000124177,CHD6,Q8TD26,T,1339,0.101523612966009
46997,ENSG00000075711,DLG1,Q12959,S,687,0.41405108547986
46999,ENSG00000174106,LEMD3,Q9Y2U8,S,141,0.454196372132716
47000,ENSG00000104369,JPH1,Q9HDC5,S,478,0.358203160718384
47005,ENSG00000137776,SLTM,Q9NWH9,S,882,0.130427748901057
47007,ENSG00000197077,KIAA1671,Q9BY89,S,384,0.20879462858534
47008,ENSG00000145362,ANK2,Q01484,S,2172,0.0788109057736083
47009,ENSG00000131725,WDR44,Q5JSH3,S,472,0.457692681439247
47015,ENSG00000179295,PTPN11,Q06124,S,36,0.475094179117455
47016,ENSG00000134313,KIDINS220,Q9ULH0,S,1593,0.198378052496553
47017,ENSG00000204175,GPRIN2,O60269,S,27,0.361271518882001
47020,ENSG00000239306,RBM14,Q96PK6,S,520,0.391811313298082
47022,ENSG00000104312,RIPK2,O43353,S,348,0.0976897581024265
47025,ENSG00000197077,KIAA1671,Q9BY89,S,1111,0.06637654997053
47027,ENSG00000166963,MAP1A,P78559,S,2419,0.0472953506830771
47029,ENSG00000148468,FAM171A1,Q5VUB5,S,494,0.186666965691543
47033,ENSG00000137343,ATAT1,Q5SQI0,S,271,0.247920180778481
47040,ENSG00000078674,PCM1,Q15154,S,190,0.0990462774989361
47043,ENSG00000048707,VPS13D,Q5THJ4,S,1724,0.51451919972909
47044,ENSG00000149503,INCENP,Q9NQS7,S,314,0.380040965876574
47050,ENSG00000149929,HIRIP3,Q9BW71,S,339,0.29987700553272
47051,ENSG00000029363,BCLAF1,Q9NYF8,T,257,0.394618166877963
47052,ENSG00000214530,STARD10,Q9Y365,S,250,0.123981881239713
47056,ENSG00000168264,IRF2BP2,Q7Z5L9,S,71,0.530552149499761
47061,ENSG00000117020,AKT3,Q9Y243,S,120,0.46283981385727
47062,ENSG00000137171,KLC4,Q9NSK0,S,609,0.39336824795541
47063,ENSG00000131711,MAP1B,P46821,S,1835,0.0986876059297132
47067,ENSG00000138180,CEP55,Q53EZ4,S,436,0.570540957032475
47068,ENSG00000167548,KMT2D,O14686,S,468,0.23806152721152
47070,ENSG00000049323,LTBP1,Q14766,S,1616,0.184417637845157
47074,ENSG00000196428,TSC22D2,O75157,S,46,0.161916062291277
47076,ENSG00000107242,PIP5K1B,O14986,S,447,0.127958922944922
47078,ENSG00000116852,KIF21B,O75037,S,1272,0.290110637469549
47081,ENSG00000100207,TCF20,Q9UGU0,S,249,0.19815149709942
47082,ENSG00000197321,SVIL,O95425,S,212,0.155722957781251
47083,ENSG00000185122,HSF1,Q00613,S,307,0.986680495258532
47085,ENSG00000100226,GTPBP1,O00178,S,24,0.337130566940974
47088,ENSG00000125740,FOSB,P53539,T,151,0.293978055177254
47094,ENSG00000109971,HSPA8,P11142,S,153,0.504663194471664
47095,ENSG00000115355,CCDC88A,Q3V6T2,S,1449,0.136748751719369
47096,ENSG00000129911,KLF16,Q9BXK1,S,99,0.522379544010733
47097,ENSG00000159228,CBR1,P16152,S,160,0.291902354432387
47098,ENSG00000164535,DAGLB,Q8NCG7,S,584,0.473978486450158
47099,ENSG00000119042,SATB2,Q9UPW6,T,467,0.232202475219073
47100,ENSG00000173230,GOLGB1,Q14789,S,3124,0.170393174096127
47102,ENSG00000166974,MAPRE2,Q15555,S,9,0.248589867773536
47104,ENSG00000127399,LRRC61,Q9BV99,S,188,0.223393544902272
47105,ENSG00000101745,ANKRD12,Q6UB98,S,1372,0.241318228369393
47110,ENSG00000163931,TKT,P29401,S,105,0.412965447110526
47112,ENSG00000177169,ULK1,O75385,S,639,0.315508577345864
47113,ENSG00000131626,PPFIA1,Q13136,S,741,0.459458813275087
47115,ENSG00000176887,SOX11,P35716,S,278,0.593485933043506
47117,ENSG00000149596,JPH2,Q9BR39,T,174,0.0999650430287457
47118,ENSG00000121680,PEX16,Q9Y5Y5,S,158,0.220598494776247
47119,ENSG00000175467,SART1,O43290,T,430,0.415337612885186
47120,ENSG00000147459,DOCK5,Q9H7D0,S,365,0.246041263844285
47121,ENSG00000066777,ARFGEF1,Q9Y6D6,S,1580,0.0873835360748917
47122,ENSG00000167291,TBC1D16,Q8TBP0,S,118,0.232396159945411
47126,ENSG00000075884,ARHGAP15,Q53QZ3,T,213,0.299601958868942
47128,ENSG00000100604,CHGA,P10645,S,436,0.160595321667785
47129,ENSG00000095397,WHRN,Q9P202,S,245,0.509892822347538
47131,ENSG00000100852,ARHGAP5,Q13017,S,1124,0.3417755151912
47132,ENSG00000131697,NPHP4,O75161,S,496,0.150082995204823
47133,ENSG00000134121,CHL1,O00533,S,1147,0.404826760825803
47134,ENSG00000176994,SMCR8,Q8TEV9,S,639,0.229305958094038
47135,ENSG00000165240,ATP7A,Q04656,S,1432,0.27003553432601
47137,ENSG00000266714,MYO15B,Q96JP2,S,921,0.14010380839791
47139,ENSG00000198231,DDX42,Q86XP3,T,169,0.0354498804465098
47141,ENSG00000172375,C2CD2L,O14523,S,674,0.283806764029783
47144,ENSG00000087274,ADD1,P35611,S,431,0.724180280555512
47145,ENSG00000177485,ZBTB33,Q86T24,S,237,0.172911417026049
47146,ENSG00000198301,SDAD1,Q9NVU7,S,232,0.494251431699176
47147,ENSG00000121068,TBX2,Q13207,T,335,0.166529298954227
47151,ENSG00000155252,PI4K2A,Q9BTU6,S,51,0.620411394464149
47152,ENSG00000145604,SKP2,Q13309,S,72,0.992249097590342
47158,ENSG00000063244,U2AF2,P26368,T,126,0.446506471439076
47160,ENSG00000243156,MICAL3,Q7RTP6,S,1448,0.0463219738058996
47161,ENSG00000182901,RGS7,P49802,T,243,0.364383268751221
47163,ENSG00000079277,MKNK1,Q9BUB5,T,385,0.692343218035975
47164,ENSG00000122566,HNRNPA2B1,P22626,T,4,0.400186713694303
47169,ENSG00000213658,LAT,O43561,S,241,0.430098157366266
47170,ENSG00000139641,ESYT1,Q9BSJ8,S,1034,0.37804758813466
47171,ENSG00000101745,ANKRD12,Q6UB98,S,1343,0.115285480101162
47175,ENSG00000106462,EZH2,Q15910,S,408,0.403678225196552
47179,ENSG00000131844,MCCC2,Q9HCC0,S,499,0.325141644167255
47180,ENSG00000154310,TNIK,Q9UKE5,S,972,0.330249792838619
47182,ENSG00000127152,BCL11B,Q9C0K0,S,678,0.578257082217197
47186,ENSG00000057294,PKP2,Q99959,S,297,0.24150184827921
47187,ENSG00000104611,SH2D4A,Q9H788,S,316,0.276156831028296
47191,ENSG00000042088,TDP1,Q9NUW8,S,148,0.361354475077636
47193,ENSG00000103249,CLCN7,P51798,S,801,0.272592249646846
47197,ENSG00000134283,PPHLN1,Q8NEY8,T,200,0.317909330023087
47198,ENSG00000170144,HNRNPA3,P51991,Y,364,0.499005130805383
47200,ENSG00000159733,ZFYVE28,Q9HCC9,S,586,0.156316924163916
47203,ENSG00000131791,PRKAB2,O43741,S,174,0.15202550094225
47204,ENSG00000133606,MKRN1,Q9UHC7,S,133,0.165296007166513
47206,ENSG00000164309,CMYA5,Q8N3K9,S,362,0.189220307934138
47207,ENSG00000134333,LDHA,P00338,S,89,0.319254515927895
47210,ENSG00000010165,METTL13,Q8N6R0,S,269,0.143249759044657
47212,ENSG00000110711,AIP,O00170,S,43,0.392342937979174
47213,ENSG00000198780,FAM169A,Q9Y6X4,S,435,0.135306347933433
47214,ENSG00000167258,CDK12,Q9NYV4,S,382,0.323862726932792
47215,ENSG00000168813,ZNF507,Q8TCN5,S,404,0.315702180261658
47218,ENSG00000106070,GRB10,Q13322,S,418,0.498783903939141
47219,ENSG00000139436,GIT2,Q14161,S,500,0.294198244206243
47220,ENSG00000188176,SMTNL2,Q2TAL5,T,96,0.191222816576903
47225,ENSG00000067369,TP53BP1,Q12888,S,834,0.186321919412799
47228,ENSG00000100503,NIN,Q8N4C6,S,272,0.171269230040078
47234,ENSG00000172009,THOP1,P52888,S,172,0.200019438583293
47236,ENSG00000103043,VAC14,Q08AM6,S,491,0.125962825803659
47237,ENSG00000138688,KIAA1109,Q2LD37,S,2727,0.0523156148696922
47238,ENSG00000005020,SKAP2,O75563,S,203,0.472366751549128
47240,ENSG00000077279,DCX,O43602,S,335,0.327471378465879
47241,ENSG00000179889,PDXDC1,Q6P996,S,401,0.288813646160325
47243,ENSG00000106052,TAX1BP1,Q86VP1,S,691,0.280588551075838
47244,ENSG00000157483,MYO1E,Q12965,S,890,0.0954627702484711
47246,ENSG00000185247,MAGEA11,P43364,S,76,0.247080183634352
47248,ENSG00000058453,CROCC,Q5TZA2,S,464,0.0536770122426422
47249,ENSG00000198517,MAFK,O60675,S,25,0.4763757116843
47252,ENSG00000141127,PRPSAP2,O60256,S,219,0.334928344692049
47253,ENSG00000104067,TJP1,Q07157,S,334,0.241266996469146
47254,ENSG00000099849,RASSF7,Q02833,S,96,0.171210577846578
47255,ENSG00000184363,PKP3,Q9Y446,S,285,0.42469895344328
47258,ENSG00000169696,ASPSCR1,Q9BZE9,S,274,0.426987537782088
47259,ENSG00000149970,CNKSR2,Q8WXI2,S,325,0.301887610873918
47260,ENSG00000006712,PAF1,Q8N7H5,S,456,0.475556258280927
47262,ENSG00000123159,GIPC1,O14908,S,68,0.303994990869559
47263,ENSG00000145901,TNIP1,Q15025,S,627,0.254980550818688
47264,ENSG00000048828,FAM120A,Q9NZB2,S,925,0.215766108141557
47266,ENSG00000177354,C10orf71,Q711Q0,S,816,0.187044905032465
47267,ENSG00000148498,PARD3,Q8TEW0,S,892,0.397861948814276
47268,ENSG00000141456,PELP1,Q8IZL8,T,1069,0.0922492130183257
47270,ENSG00000026025,VIM,P08670,T,446,0.438691324316011
47271,ENSG00000144677,CTDSPL,O15194,S,268,0.118863824009388
47272,ENSG00000107186,MPDZ,O75970,S,645,0.0411675959936356
47273,ENSG00000185760,KCNQ5,Q9NR82,S,677,0.122206875719607
47274,ENSG00000137492,THAP12,O43422,S,107,0.317882313438275
47280,ENSG00000116560,SFPQ,P23246,S,626,0.269174345800311
47283,ENSG00000125450,NUP85,Q9BW27,T,90,0.272037865852039
47284,ENSG00000142864,SERBP1,Q8NC51,S,53,0.296641937434731
47287,ENSG00000167513,CDT1,Q9H211,S,93,0.228748461795136
47288,ENSG00000133302,SLF1,Q9BQI6,S,159,0.28821683192804
47289,ENSG00000106415,GLCCI1,Q86VQ1,S,140,0.492388584228725
47291,ENSG00000157637,SLC38A10,Q9HBR0,S,685,0.215624159684937
47292,ENSG00000145016,RUBCN,Q92622,S,197,0.234681919855599
47298,ENSG00000044574,HSPA5,P11021,T,85,0.245519315796196
47299,ENSG00000154864,PIEZO2,Q9H5I5,S,2059,0.115074486643471
47301,ENSG00000088387,DOCK9,Q9BZ29,S,32,0.213440405744864
47305,ENSG00000066405,CLDN18,P56856,S,228,0.129815719100988
47306,ENSG00000186174,BCL9L,Q86UU0,S,813,0.288380669482439
47307,ENSG00000070814,TCOF1,Q13428,T,173,0.425592949370489
47310,ENSG00000198729,PPP1R14C,Q8TAE6,S,36,0.180697703150247
47313,ENSG00000134250,NOTCH2,Q04721,T,2074,0.201993727106628
47314,ENSG00000139116,KIF21A,Q7Z4S6,S,853,0.314255910590757
47315,ENSG00000106052,TAX1BP1,Q86VP1,S,124,0.500729149623377
47318,ENSG00000169957,ZNF768,Q9H5H4,S,132,0.598435777272835
47322,ENSG00000060069,CTDP1,Q9Y5B0,S,841,0.270175954922171
47325,ENSG00000204469,PRRC2A,P48634,S,1525,0.158498032349873
47326,ENSG00000011028,MRC2,Q9UBG0,S,1455,0.154805235835846
47327,ENSG00000107404,DVL1,O14640,S,625,0.135579474725927
47328,ENSG00000119866,BCL11A,Q9H165,S,327,0.17190909645398
47329,ENSG00000072110,ACTN1,P12814,S,356,0.150562082721356
47330,ENSG00000275342,PRAG1,Q86YV5,Y,413,0.688193055759933
47331,ENSG00000126432,PRDX5,P30044,S,101,0.385701854198486
47332,ENSG00000149927,DOC2A,Q14183,S,221,0.35596364273509
47333,ENSG00000170807,LMOD2,Q6P5Q4,S,392,0.45219875542165
47337,ENSG00000183421,RIPK4,P57078,S,406,0.337155918775531
47339,ENSG00000131759,RARA,P10276,S,449,0.277397180126831
47341,ENSG00000163872,YEATS2,Q9ULM3,S,122,0.0791075962654508
47342,ENSG00000107331,ABCA2,Q9BZC7,S,1351,0.0785601728737169
47343,ENSG00000163704,PRRT3,Q5FWE3,S,975,0.19029119279275
47344,ENSG00000144381,HSPD1,P10809,S,398,0.247273561322519
47345,ENSG00000164164,OTUD4,Q01804,S,922,0.0886058105181018
47347,ENSG00000101199,ARFGAP1,Q8N6T3,S,129,0.58044999520498
47348,ENSG00000121104,FAM117A,Q9C073,S,196,0.30522824224184397
47349,ENSG00000105619,TFPT,P0C1Z6,S,249,0.544685969403048
47351,ENSG00000159140,SON,P18583,T,1592,0.0406593562680765
47352,ENSG00000074054,CLASP1,Q7Z460,S,558,0.272705587726738
47354,ENSG00000129071,MBD4,O95243,S,321,0.317399662805639
47356,ENSG00000152495,CAMK4,Q16566,S,457,0.118629897566486
47361,ENSG00000143614,GATAD2B,Q8WXI9,S,134,0.397849129404194
47362,ENSG00000104611,SH2D4A,Q9H788,S,317,0.350669640780068
47363,ENSG00000141499,WRAP53,Q9BUR4,S,112,0.388268388693086
47366,ENSG00000134769,DTNA,Q9Y4J8,S,665,0.262453361639988
47370,ENSG00000110427,KIAA1549L,Q6ZVL6,S,1310,0.355069936720888
47374,ENSG00000164741,DLC1,Q96QB1,S,986,0.43227694696977
47375,ENSG00000057608,GDI2,P50395,Y,203,0.45188526413163
47376,ENSG00000077279,DCX,O43602,T,338,0.119803905340144
47377,ENSG00000169122,FAM110B,Q8TC76,S,305,0.487981345656907
47379,ENSG00000134775,FHOD3,Q2V2M9,S,345,0.408756742488511
47384,ENSG00000112406,HECA,Q9UBI9,S,272,0.520580521270876
47389,ENSG00000166579,NDEL1,Q9GZM8,S,197,0.438620167808024
47390,ENSG00000132155,RAF1,P04049,S,43,0.599248627301157
47391,ENSG00000013810,TACC3,Q9Y6A5,S,402,0.389830117385395
47392,ENSG00000175166,PSMD2,Q13200,S,361,0.34236540337818
47393,ENSG00000164403,SHROOM1,Q2M3G4,S,49,0.245097943980715
47395,ENSG00000156711,MAPK13,O15264,T,180,0.839733416636018
47396,ENSG00000171560,FGA,P02671,T,544,0.257551009097698
47397,ENSG00000029363,BCLAF1,Q9NYF8,S,153,0.425352204789262
47398,ENSG00000168497,CAVIN2,O95810,S,177,0.133316895798719
47399,ENSG00000169180,XPO6,Q96QU8,S,214,0.302111222486709
47402,ENSG00000092148,HECTD1,Q9ULT8,T,1760,0.403836786688259
47403,ENSG00000068366,ACSL4,O60488,S,57,0.514571476455106
47404,ENSG00000178882,RFLNA,Q6ZTI6,S,37,0.244095459156682
47405,ENSG00000198728,LDB1,Q86U70,S,381,0.24042418575828
47406,ENSG00000118058,KMT2A,Q03164,T,2814,0.182961898965532
47408,ENSG00000196091,MYBPC1,Q00872,T,440,0.230489729480559
47410,ENSG00000198833,UBE2J1,Q9Y385,S,268,0.442123340654292
47411,ENSG00000167925,GHDC,Q8N2G8,S,87,0.399383460024358
47412,ENSG00000158545,ZC3H18,Q86VM9,S,13,0.404022638218275
47413,ENSG00000125779,PANK2,Q9BZ23,S,169,0.526884529535059
47414,ENSG00000065618,COL17A1,Q9UMD9,T,387,0.132778844157964
47415,ENSG00000139209,SLC38A4,Q969I6,S,49,0.419844068620545
47416,ENSG00000176658,MYO1D,O94832,S,493,0.245586568748754
47417,ENSG00000167548,KMT2D,O14686,T,2228,0.160598262357926
47418,ENSG00000116062,MSH6,P52701,S,254,0.380327582686012
47422,ENSG00000160007,ARHGAP35,Q9NRY4,S,1176,0.335555881034941
47423,ENSG00000162069,BICDL2,A1A5D9,S,330,0.229944853758875
47424,ENSG00000165119,HNRNPK,P61978,S,36,0.618305701817787
47425,ENSG00000135525,MAP7,Q14244,T,243,0.278976123236449
47426,ENSG00000170293,CMTM8,Q8IZV2,S,24,0.136865970925124
47428,ENSG00000143850,PLEKHA6,Q9Y2H5,T,1020,0.259771954931546
47430,ENSG00000160299,PCNT,O95613,S,1632,0.165684353303597
47431,ENSG00000179981,TSHZ1,Q6ZSZ6,T,712,0.156704830822112
47433,ENSG00000197822,OCLN,Q16625,S,378,0.362610314379433
47438,ENSG00000156508,EEF1A1,P68104,S,175,0.396457250893604
47443,ENSG00000185567,AHNAK2,Q8IVF2,S,2179,0.148277897903444
47444,ENSG00000144426,NBEAL1,Q6ZS30,T,721,0.203484753120957
47445,ENSG00000134313,KIDINS220,Q9ULH0,S,1526,0.452021842829064
47446,ENSG00000166833,NAV2,Q8IVL1,S,1484,0.379213545250073
47447,ENSG00000102362,SYTL4,Q96C24,S,201,0.35355846017671
47448,ENSG00000039560,RAI14,Q9P0K7,S,795,0.110928441279221
47450,ENSG00000104853,CLPTM1,O96005,S,22,0.108774497110306
47451,ENSG00000156983,BRPF1,P55201,S,452,0.258191661927219
47453,ENSG00000110104,CCDC86,Q9H6F5,Y,164,0.336713531861319
47454,ENSG00000164465,DCBLD1,Q8N8Z6,S,636,0.12400208348015
47459,ENSG00000197702,PARVA,Q9NVD7,S,8,0.565820505369197
47460,ENSG00000198087,CD2AP,Q9Y5K6,S,514,0.527400220846099
47461,ENSG00000196924,FLNA,P21333,S,1981,0.061002390111415
47462,ENSG00000109606,DHX15,O43143,S,15,0.300147303948223
47464,ENSG00000243156,MICAL3,Q7RTP6,S,1384,0.111550119563031
47465,ENSG00000038358,EDC4,Q6P2E9,Y,40,0.340934840895834
47466,ENSG00000114770,ABCC5,O15440,T,513,0.360896817819576
47468,ENSG00000171724,VAT1L,Q9HCJ6,S,396,0.227202105344681
47470,ENSG00000137575,SDCBP,O00560,S,131,0.198754933897434
47473,ENSG00000104067,TJP1,Q07157,S,828,0.187177285385682
47475,ENSG00000115808,STRN,O43815,T,265,0.274926773799433
47476,ENSG00000020922,MRE11,P49959,S,681,0.26821025081245
47477,ENSG00000114867,EIF4G1,Q04637,S,1187,0.451301968135265
47478,ENSG00000074660,SCARF1,Q14162,S,611,0.427984903298244
47481,ENSG00000105248,CCDC94,Q9BW85,S,322,0.307629528763369
47482,ENSG00000168143,FAM83B,Q5T0W9,S,854,0.194096487955746
47486,ENSG00000127947,PTPN12,Q05209,T,519,0.452376855947287
47490,ENSG00000100568,VTI1B,Q9UEU0,S,179,0.430096078357299
47492,ENSG00000198825,INPP5F,Q9Y2H2,S,830,0.345448619257754
47493,ENSG00000164164,OTUD4,Q01804,S,905,0.212809425945394
47496,ENSG00000135148,TRAFD1,O14545,S,272,0.274335663137174
47499,ENSG00000079308,TNS1,Q9HBL0,S,374,0.22170936212314
47501,ENSG00000030419,IKZF2,Q9UKS7,S,78,0.424261090388077
47502,ENSG00000113387,SUB1,P53999,S,46,0.147307099151934
47503,ENSG00000197415,VEPH1,Q14D04,S,420,0.0808207392577741
47505,ENSG00000072518,MARK2,Q7KZI7,S,380,0.332491867626816
47507,ENSG00000174485,DENND4A,Q7Z401,T,1019,0.173391262053831
47508,ENSG00000196531,NACA,E9PAV3,S,917,0.236794874096521
47510,ENSG00000067225,PKM,P14618,Y,370,0.637273583437639
47513,ENSG00000197969,VPS13A,Q96RL7,S,839,0.0896343480184131
47514,ENSG00000135597,REPS1,Q96D71,S,118,0.39048720356059
47515,ENSG00000163697,APBB2,Q92870,S,229,0.450164216566488
47519,ENSG00000079999,KEAP1,Q14145,T,43,0.409306280748172
47520,ENSG00000144791,LIMD1,Q9UGP4,S,413,0.24788919464154
47521,ENSG00000156471,PTDSS1,P48651,S,425,0.427938603481076
47522,ENSG00000048392,RRM2B,Q7LG56,S,19,0.228513643594651
47524,ENSG00000008294,SPAG9,O60271,S,229,0.209784886690648
47525,ENSG00000112312,GMNN,O75496,S,49,0.35191342935158
47527,ENSG00000188191,PRKAR1B,P31321,T,85,0.376668611306702
47534,ENSG00000067369,TP53BP1,Q12888,S,1342,0.169327096381461
47537,ENSG00000130749,ZC3H4,Q9UPT8,T,40,0.248755584533066
47538,ENSG00000100982,PCIF1,Q9H4Z3,S,121,0.215001816615625
47539,ENSG00000120438,TCP1,P17987,S,544,0.496505904271337
47541,ENSG00000141971,MVB12A,Q96EY5,S,80,0.350282326845274
47542,ENSG00000119280,C1orf198,Q9H425,T,211,0.324516182201755
47543,ENSG00000129951,PLPPR3,Q6T4P5,S,508,0.282660595119125
47546,ENSG00000104946,TBC1D17,Q9HA65,S,20,0.312783907970272
47547,ENSG00000177303,CASKIN2,Q8WXE0,T,807,0.267116968352764
47548,ENSG00000112561,TFEB,P19484,S,134,0.330116503097812
47550,ENSG00000088970,KIZ,Q2M2Z5,S,650,0.456901711974381
47553,ENSG00000166963,MAP1A,P78559,S,2238,0.19626083984202
47556,ENSG00000046647,GEMIN8,Q9NWZ8,S,185,0.47888881947229
47561,ENSG00000141644,MBD1,Q9UIS9,T,510,0.15274308139834
47564,ENSG00000070018,LRP6,O75581,S,1590,0.474802335756147
47565,ENSG00000197256,KANK2,Q63ZY3,S,406,0.180007304583866
47567,ENSG00000163508,EOMES,O95936,S,107,0.468198820553355
47568,ENSG00000198315,ZKSCAN8,Q15776,S,38,0.129636118503002
47569,ENSG00000105287,PRKD2,Q9BZL6,S,706,0.908191490830315
47570,ENSG00000029363,BCLAF1,Q9NYF8,S,297,0.324461352776568
47572,ENSG00000105939,ZC3HAV1,Q7Z2W4,S,280,0.265331658884236
47574,ENSG00000108262,GIT1,Q9Y2X7,S,414,0.392188840121488
47576,ENSG00000080845,DLGAP4,Q9Y2H0,S,707,0.0924290697731279
47577,ENSG00000135842,FAM129A,Q9BZQ8,T,613,0.0912661817310092
47578,ENSG00000148634,HERC4,Q5GLZ8,S,830,0.197362058477322
47579,ENSG00000164329,PAPD4,Q6PIY7,S,62,0.522107384109982
47580,ENSG00000196924,FLNA,P21333,S,1551,0.308377808700269
47582,ENSG00000166963,MAP1A,P78559,T,1262,0.0503556120815574
47583,ENSG00000196642,RABL6,Q3YEC7,S,464,0.415635649143909
47586,ENSG00000067533,RRP15,Q9Y3B9,S,11,0.558236644833819
47587,ENSG00000143702,CEP170,Q5SW79,S,879,0.333164873132591
47589,ENSG00000149115,TNKS1BP1,Q9C0C2,S,1047,0.0648483675099007
47590,ENSG00000134369,NAV1,Q8NEY1,S,579,0.380239213427814
47593,ENSG00000197457,STMN3,Q9NZ72,S,53,0.387271724384432
47594,ENSG00000105732,ZNF574,Q6ZN55,S,113,0.267239115046753
47595,ENSG00000154040,CABYR,O75952,T,151,0.4387710442392
47597,ENSG00000154639,CXADR,P78310,T,329,0.398146619270857
47599,ENSG00000123146,ADGRE5,P48960,T,820,0.291344953775502
47602,ENSG00000117280,RAB29,O14966,T,186,0.205409349971785
47608,ENSG00000127831,VIL1,P09327,T,746,0.0840139040391063
47612,ENSG00000143337,TOR1AIP1,Q5JTV8,S,215,0.356504075244474
47615,ENSG00000107485,GATA3,P23771,S,162,0.766396998653174
47616,ENSG00000164402,SEPT8,Q92599,S,18,0.117269037964092
47618,ENSG00000154803,FLCN,Q8NFG4,S,62,0.627418451796984
47620,ENSG00000064999,ANKS1A,Q92625,S,858,0.458736527034758
47621,ENSG00000110237,ARHGEF17,Q96PE2,S,410,0.222513416170071
47624,ENSG00000176407,KCMF1,Q9P0J7,S,212,0.418862438898669
47625,ENSG00000198231,DDX42,Q86XP3,S,96,0.534466787917979
47626,ENSG00000163539,CLASP2,O75122,S,316,0.263108805642912
47627,ENSG00000128591,FLNC,Q14315,T,2006,0.100303437058883
47628,ENSG00000204469,PRRC2A,P48634,S,365,0.145835892808046
47629,ENSG00000154310,TNIK,Q9UKE5,T,987,0.24220273800728
47631,ENSG00000149115,TNKS1BP1,Q9C0C2,S,1418,0.158246542889971
47635,ENSG00000125482,TTF1,Q15361,S,64,0.291645331182884
47638,ENSG00000129250,KIF1C,O43896,S,817,0.107851844163044
47643,ENSG00000130202,NECTIN2,Q92692,T,410,0.482222890422944
47644,ENSG00000116641,DOCK7,Q96N67,S,1306,0.236315304701796
47647,ENSG00000067369,TP53BP1,Q12888,S,1320,0.280695535556965
47648,ENSG00000133794,ARNTL,O00327,S,42,0.514796815378087
47649,ENSG00000129422,MTUS1,Q9ULD2,S,1266,0.216817234928568
47651,ENSG00000088930,XRN2,Q9H0D6,T,433,0.282243558743372
47655,ENSG00000111907,TPD52L1,Q16890,S,122,0.340820988514008
47656,ENSG00000104738,MCM4,P33991,S,3,0.565814052607392
47658,ENSG00000132688,NES,P48681,T,393,0.232944922335439
47661,ENSG00000126822,PLEKHG3,A1L390,S,577,0.333947786615361
47662,ENSG00000197102,DYNC1H1,Q14204,S,3917,0.161694638594923
47663,ENSG00000215041,NEURL4,Q96JN8,S,53,0.177948087592001
47668,ENSG00000132470,ITGB4,P16144,S,1209,0.296434905063362
47670,ENSG00000135974,C2orf49,Q9BVC5,S,184,0.400422569159052
47673,ENSG00000198646,NCOA6,Q14686,S,2018,0.235870568210159
47677,ENSG00000172340,SUCLG2,Q96I99,S,280,0.283017464120842
47680,ENSG00000167978,SRRM2,Q9UQ35,S,1010,0.194223743289706
47681,ENSG00000074054,CLASP1,Q7Z460,S,556,0.163550302169358
47682,ENSG00000175467,SART1,O43290,S,111,0.228108364168517
47683,ENSG00000129911,KLF16,Q9BXK1,S,105,0.396831874591283
47685,ENSG00000090060,PAPOLA,P51003,S,672,0.269485052403365
47686,ENSG00000032219,ARID4A,P29374,S,1145,0.377110977303133
47687,ENSG00000204463,BAG6,P46379,T,251,0.241289128541093
47691,ENSG00000171476,HOPX,Q9BPY8,S,61,0.242597354398745
47692,ENSG00000187764,SEMA4D,Q92854,S,798,0.232752622358857
47693,ENSG00000143702,CEP170,Q5SW79,T,863,0.265556778976456
47694,ENSG00000136717,BIN1,O00499,S,303,0.50104775535036
47695,ENSG00000141905,NFIC,P08651,S,333,0.555214950400795
47696,ENSG00000130701,RBBP8NL,Q8NC74,S,254,0.221307184397806
47697,ENSG00000213214,ARHGEF35,A5YM69,S,184,0.476775482548843
47700,ENSG00000159140,SON,P18583,S,1651,0.166559782884872
47701,ENSG00000159685,CHCHD6,Q9BRQ6,S,126,0.125305614344411
47706,ENSG00000158321,AUTS2,Q8WXX7,S,319,0.250655235033966
47707,ENSG00000138439,FAM117B,Q6P1L5,T,12,0.229327883484529
47709,ENSG00000021826,CPS1,P31327,Y,162,0.339818407052147
47710,ENSG00000131016,AKAP12,Q02952,S,1256,0.206833191414363
47713,ENSG00000005700,IBTK,Q9P2D0,S,1039,0.379019462077137
47718,ENSG00000161996,WDR90,Q96KV7,S,349,0.147817780956087
47719,ENSG00000131711,MAP1B,P46821,S,2280,0.0850758310354058
47721,ENSG00000047634,SCML1,Q9UN30,S,238,0.223498955709772
47724,ENSG00000111731,C2CD5,Q86YS7,S,657,0.512273390964895
47725,ENSG00000126822,PLEKHG3,A1L390,S,1115,0.338524534281868
47726,ENSG00000131381,RBSN,Q9H1K0,S,226,0.477185630644709
47728,ENSG00000132763,MMACHC,Q9Y4U1,S,247,0.454888465447514
47730,ENSG00000146648,EGFR,P00533,Y,1069,0.616635329846496
47732,ENSG00000152457,DCLRE1C,Q96SD1,S,518,0.48372061688697
47734,ENSG00000155816,FMN2,Q9NZ56,S,482,0.194326417843846
47735,ENSG00000197594,ENPP1,P22413,T,256,0.219793935632313
47736,ENSG00000133961,NUMB,P49757,S,238,0.491214548986057
47739,ENSG00000148143,ZNF462,Q96JM2,S,295,0.0882723560409581
47740,ENSG00000244486,SCARF2,Q96GP6,S,554,0.150024311616745
47741,ENSG00000015133,CCDC88C,Q9P219,S,1603,0.252570448384016
47743,ENSG00000213085,CFAP45,Q9UL16,T,68,0.155682054105293
47745,ENSG00000166974,MAPRE2,Q15555,S,229,0.205189727902516
47747,ENSG00000127152,BCL11B,Q9C0K0,S,398,0.42529614520359
47749,ENSG00000115816,CEBPZ,Q03701,T,33,0.261095793385836
47753,ENSG00000189114,BLOC1S3,Q6QNY0,T,25,0.538259092184364
47754,ENSG00000166483,WEE1,P30291,S,67,0.378310065272796
47758,ENSG00000116698,SMG7,Q92540,T,624,0.233255522528014
47759,ENSG00000213066,FGFR1OP,O95684,S,152,0.350668669841561
47760,ENSG00000261150,EPPK1,P58107,S,1821,0.0922534749645435
47763,ENSG00000163872,YEATS2,Q9ULM3,T,478,0.368629860332654
47764,ENSG00000120733,KDM3B,Q7LBC6,S,742,0.0691208528556079
47766,ENSG00000169174,PCSK9,Q8NBP7,S,47,0.151028570179523
47769,ENSG00000060069,CTDP1,Q9Y5B0,S,674,0.181756629487043
47771,ENSG00000104529,EEF1D,P29692,S,71,0.146830712181029
47775,ENSG00000076067,RBMS2,Q15434,S,35,0.681575190251499
47776,ENSG00000115421,PAPOLG,Q9BWT3,S,708,0.504521550992194
47778,ENSG00000162676,GFI1,Q99684,S,20,0.654472622414246
47779,ENSG00000149657,LSM14B,Q9BX40,S,154,0.445242619793552
47780,ENSG00000128713,HOXD11,P31277,S,241,0.171542145939314
47781,ENSG00000111647,UHRF1BP1L,A0JNW5,S,981,0.0685770801536305
47785,ENSG00000126001,CEP250,Q9BV73,S,264,0.137270939048908
47789,ENSG00000132535,DLG4,P78352,S,422,0.157488544372442
47794,ENSG00000079308,TNS1,Q9HBL0,S,1155,0.174645720103263
47795,ENSG00000006744,ELAC2,Q9BQ52,S,205,0.318357841254308
47797,ENSG00000078549,ADCYAP1R1,P41586,S,434,0.272748263756025
47798,ENSG00000172531,PPP1CA,P62136,S,22,0.306869012953752
47799,ENSG00000148773,MKI67,P46013,T,2113,0.262043499900939
47801,ENSG00000131725,WDR44,Q5JSH3,T,578,0.0838571167801889
47802,ENSG00000122367,LDB3,O75112,T,141,0.166150310255832
47805,ENSG00000175213,ZNF408,Q9H9D4,S,311,0.22283824680502
47808,ENSG00000170873,MTSS1,O43312,S,644,0.33046602294195
47809,ENSG00000129173,E2F8,A0AVK6,S,664,0.231114535183868
47813,ENSG00000129351,ILF3,Q12906,S,799,0.280058952956338
47816,ENSG00000074755,ZZEF1,O43149,T,1512,0.144387499313929
47817,ENSG00000143569,UBAP2L,Q14157,S,439,0.291155054254186
47819,ENSG00000101361,NOP56,O00567,S,466,0.325846690613835
47820,ENSG00000166426,CRABP1,P29762,S,12,0.397160614879013
47821,ENSG00000167978,SRRM2,Q9UQ35,S,988,0.274084690057878
47822,ENSG00000171877,FRMD5,Q7Z6J6,S,351,0.603980519480187
47823,ENSG00000104957,CCDC130,P13994,S,366,0.278513245134498
47826,ENSG00000275342,PRAG1,Q86YV5,S,852,0.201231159901359
47827,ENSG00000145362,ANK2,Q01484,S,3276,0.115074082366843
47829,ENSG00000101082,SLA2,Q9H6Q3,S,129,0.269036308925482
47830,ENSG00000114933,INO80D,Q53TQ3,S,132,0.43161254470982
47831,ENSG00000124429,POF1B,Q8WVV4,T,54,0.208480493084735
47832,ENSG00000097007,ABL1,P00519,S,917,0.446312324254686
47833,ENSG00000188559,RALGAPA2,Q2PPJ7,S,379,0.280136747287729
47835,ENSG00000180914,OXTR,P30559,S,366,0.449936503422405
47837,ENSG00000100335,MIEF1,Q9NQG6,S,55,0.559699904516555
47838,ENSG00000204978,ERICH4,A6NGS2,S,96,0.25361162250004
47840,ENSG00000181191,PJA1,Q8NG27,S,68,0.268406880717993
47843,ENSG00000171475,WIPF2,Q8TF74,S,266,0.386597090746201
47844,ENSG00000082258,CCNT2,O60583,S,601,0.447834202315136
47845,ENSG00000142856,ITGB3BP,Q13352,T,35,0.110097859721182
47847,ENSG00000054654,SYNE2,Q8WXH0,S,1772,0.114448861902275
47848,ENSG00000085840,ORC1,Q13415,S,311,0.259610955761273
47853,ENSG00000180921,FAM83H,Q6ZRV2,T,895,0.153316765079182
47854,ENSG00000167978,SRRM2,Q9UQ35,S,420,0.239311718212187
47856,ENSG00000137076,TLN1,Q9Y490,S,1052,0.0676331512724928
47859,ENSG00000072952,MRVI1,Q9Y6F6,S,193,0.256175735442305
47861,ENSG00000152270,PDE3B,Q13370,S,279,0.144285101991372
47863,ENSG00000075413,MARK3,P27448,S,587,0.316944917871872
47864,ENSG00000092208,GEMIN2,O14893,S,166,0.418829105000884
47866,ENSG00000139370,SLC15A4,Q8N697,S,279,0.197621184775163
47867,ENSG00000115421,PAPOLG,Q9BWT3,S,599,0.371744509072698
47868,ENSG00000166913,YWHAB,P31946,S,212,0.412334397785258
47870,ENSG00000005175,RPAP3,Q9H6T3,S,481,0.473427182075992
47874,ENSG00000166317,SYNPO2L,Q9H987,S,891,0.513696077033569
47875,ENSG00000185129,PURA,Q00577,T,183,0.473377517877016
47879,ENSG00000146122,DAAM2,Q86T65,T,657,0.113720579068956
47881,ENSG00000092964,DPYSL2,Q16555,S,522,0.75228862963321
47884,ENSG00000047188,YTHDC2,Q9H6S0,S,1089,0.314260007185548
47886,ENSG00000129351,ILF3,Q12906,S,863,0.273527393421827
47888,ENSG00000152409,JMY,Q8N9B5,S,856,0.439173678389473
47889,ENSG00000121068,TBX2,Q13207,S,355,0.103122615160732
47891,ENSG00000164506,STXBP5,Q5T5C0,S,688,0.219379613068987
47893,ENSG00000181588,MEX3D,Q86XN8,S,514,0.626803236402667
47895,ENSG00000158109,TPRG1L,Q5T0D9,S,10,0.124664199977564
47897,ENSG00000131747,TOP2A,P11388,S,1476,0.380830746085438
47898,ENSG00000118200,CAMSAP2,Q08AD1,S,931,0.362045902302838
47903,ENSG00000102098,SCML2,Q9UQR0,S,594,0.377628826701142
47904,ENSG00000100813,ACIN1,Q9UKV3,S,376,0.180416176079556
47905,ENSG00000182606,TRAK1,Q9UPV9,S,200,0.353114093262527
47906,ENSG00000130703,OSBPL2,Q9H1P3,S,52,0.444403627103513
47907,ENSG00000196914,ARHGEF12,Q9NZN5,S,28,0.259755380587391
47913,ENSG00000136153,LMO7,Q8WWI1,S,1601,0.267218857019863
47916,ENSG00000145349,CAMK2D,Q13557,S,490,0.106692397834247
47918,ENSG00000070190,DAPP1,Q9UN19,Y,139,0.677302504644024
47921,ENSG00000167258,CDK12,Q9NYV4,S,241,0.160319813254565
47924,ENSG00000144674,GOLGA4,Q13439,S,122,0.191205459147446
47925,ENSG00000012983,MAP4K5,Q9Y4K4,S,433,0.426751703693584
47926,ENSG00000060656,PTPRU,Q92729,S,848,0.252923268427726
47927,ENSG00000169554,ZEB2,O60315,S,356,0.322856482670685
47929,ENSG00000110274,CEP164,Q9UPV0,S,588,0.0823258914603805
47930,ENSG00000196535,MYO18A,Q92614,S,72,0.23653945741192
47931,ENSG00000111596,CNOT2,Q9NZN8,S,406,0.331750908364859
47933,ENSG00000211455,STK38L,Q9Y2H1,S,265,0.218029834014847
47936,ENSG00000154914,USP43,Q70EL4,S,966,0.138740549577942
47937,ENSG00000102189,EEA1,Q15075,S,98,0.323557429393543
47938,ENSG00000102034,ELF4,Q99607,T,643,0.503265311346871
47939,ENSG00000132356,PRKAA1,Q13131,S,527,0.399641802904824
47941,ENSG00000112851,ERBIN,Q96RT1,S,569,0.307354653218015
47945,ENSG00000010295,IFFO1,Q0D2I5,S,548,0.13724240266585
47947,ENSG00000132382,MYBBP1A,Q9BQG0,S,1186,0.307292399897313
47948,ENSG00000172733,PURG,Q9UJV8,S,156,0.508563594373697
47950,ENSG00000099991,CABIN1,Q9Y6J0,S,1375,0.144632864364075
47951,ENSG00000121058,COIL,P38432,S,305,0.289175716935239
47952,ENSG00000165757,JCAD,Q9P266,S,1321,0.215230283753369
47953,ENSG00000100207,TCF20,Q9UGU0,S,1262,0.520464312788212
47957,ENSG00000086015,MAST2,Q6P0Q8,S,895,0.242213896087476
47958,ENSG00000165416,SUGT1,Q9Y2Z0,S,331,0.642908398882594
47959,ENSG00000165801,ARHGEF40,Q8TER5,S,255,0.232986323789277
47960,ENSG00000188883,KLRG2,A4D1S0,S,140,0.168821570239005
47961,ENSG00000149262,INTS4,Q96HW7,S,345,0.132329206717998
47962,ENSG00000244486,SCARF2,Q96GP6,S,678,0.0811413794902144
47963,ENSG00000175662,TOM1L2,Q6ZVM7,S,194,0.284942267104623
47965,ENSG00000169564,PCBP1,Q15365,T,229,0.315501930273065
47966,ENSG00000103043,VAC14,Q08AM6,S,519,0.330401513769337
47968,ENSG00000126934,MAP2K2,P36507,S,293,0.422280532590796
47969,ENSG00000145391,SETD7,Q8WTS6,S,345,0.300183578644597
47971,ENSG00000100578,KIAA0586,Q9BVV6,S,1151,0.155117436029398
47972,ENSG00000044115,CTNNA1,P35221,S,44,0.312648622059429
47973,ENSG00000164649,CDCA7L,Q96GN5,S,261,0.325332301261455
47974,ENSG00000137812,KNL1,Q8NG31,T,1042,0.22485593407852
47975,ENSG00000060069,CTDP1,Q9Y5B0,S,460,0.207848181731598
47977,ENSG00000100284,TOM1,O60784,T,154,0.325230591356642
47980,ENSG00000136205,TNS3,Q68CZ2,S,725,0.236218834267071
47981,ENSG00000176105,YES1,P07947,S,40,0.486732451680097
47983,ENSG00000184014,DENND5A,Q6IQ26,S,1068,0.283509608518745
47986,ENSG00000078674,PCM1,Q15154,S,121,0.335498904402671
47988,ENSG00000040199,PHLPP2,Q6ZVD8,S,1231,0.22734664044455
47989,ENSG00000132906,CASP9,P55211,T,107,0.406351000980136
47993,ENSG00000062650,WAPL,Q7Z5K2,S,1069,0.346528257035799
47994,ENSG00000159140,SON,P18583,S,2357,0.104845399856696
47997,ENSG00000159840,ZYX,Q15942,T,306,0.365344306838918
48005,ENSG00000170525,PFKFB3,Q16875,S,467,0.570167316498486
48007,ENSG00000197183,NOL4L,Q96MY1,S,400,0.565968576536523
48011,ENSG00000188021,UBQLN2,Q9UHD9,T,128,0.425851875631141
48014,ENSG00000140262,TCF12,Q99081,S,283,0.410639024501356
48016,ENSG00000105323,HNRNPUL1,Q9BUJ2,S,512,0.3768785620311
48019,ENSG00000148426,PROSER2,Q86WR7,T,214,0.285094323001329
48020,ENSG00000275066,SYNRG,Q9UMZ2,S,855,0.243902101363303
48024,ENSG00000106012,IQCE,Q6IPM2,S,42,0.234814545683169
48025,ENSG00000198824,CHAMP1,Q96JM3,S,87,0.266124324552012
48026,ENSG00000135837,CEP350,Q5VT06,S,1265,0.233607751247398
48029,ENSG00000132470,ITGB4,P16144,S,1518,0.388694807718689
48032,ENSG00000085832,EPS15,P42566,S,669,0.0780832843132406
48034,ENSG00000058453,CROCC,Q5TZA2,S,1490,0.125582099223516
48035,ENSG00000049283,EPN3,Q9H201,S,448,0.106684890515252
48037,ENSG00000198589,LRBA,P50851,S,1787,0.236051323721828
48040,ENSG00000102710,SUPT20H,Q8NEM7,S,383,0.102652085472779
48042,ENSG00000145362,ANK2,Q01484,S,2642,0.226408485321294
48043,ENSG00000169057,MECP2,P51608,S,395,0.131048239925274
48046,ENSG00000081277,PKP1,Q13835,Y,214,0.527310299249492
48047,ENSG00000126953,TIMM8A,O60220,S,94,0.379327364735758
48050,ENSG00000103723,AP3B2,Q13367,S,282,0.211731240017116
48052,ENSG00000107738,VSIR,Q9H7M9,T,284,0.598901616448828
48056,ENSG00000228300,C19orf24,Q9BVV8,S,117,0.492704593887543
48057,ENSG00000108312,UBTF,P17480,S,433,0.397723581980595
48060,ENSG00000131373,HACL1,Q9UJ83,S,4,0.128665939845266
48061,ENSG00000171560,FGA,P02671,S,365,0.236991659502861
48062,ENSG00000099901,RANBP1,P43487,T,18,0.311225169951496
48065,ENSG00000179588,ZFPM1,Q8IX07,S,637,0.0972287102427774
48066,ENSG00000145725,PPIP5K2,O43314,S,1074,0.209270836498922
48069,ENSG00000154305,MIA3,Q5JRA6,S,408,0.246938985892058
48073,ENSG00000173898,SPTBN2,O15020,S,31,0.108731547235632
48074,ENSG00000138138,ATAD1,Q8NBU5,S,317,0.379538033678609
48075,ENSG00000047578,KIAA0556,O60303,S,718,0.148798548235623
48076,ENSG00000198099,ADH4,P08319,S,278,0.248846218928265
48081,ENSG00000137478,FCHSD2,O94868,S,646,0.431702598011379
48082,ENSG00000145349,CAMK2D,Q13557,T,331,0.667866383359715
48083,ENSG00000137145,DENND4C,Q5VZ89,S,1627,0.0667967174617267
48085,ENSG00000101040,ZMYND8,Q9ULU4,T,746,0.378888407323734
48087,ENSG00000039650,PNKP,Q96T60,S,143,0.196875331032214
48090,ENSG00000110713,NUP98,P52948,S,932,0.247153860901643
48094,ENSG00000141985,SH3GL1,Q99961,S,291,0.290806743064681
48098,ENSG00000130726,TRIM28,Q13263,S,598,0.3361483074121
48099,ENSG00000160796,NBEAL2,Q6ZNJ1,S,1390,0.404622831165513
48100,ENSG00000115977,AAK1,Q2M2I8,S,618,0.259021730629783
48101,ENSG00000224940,PRRT4,C9JH25,S,724,0.233114017053097
48102,ENSG00000153071,DAB2,P98082,T,678,0.175103424251827
48105,ENSG00000086065,CHMP5,Q9NZZ3,S,219,0.182988933874625
48106,ENSG00000107186,MPDZ,O75970,S,224,0.235322602748295
48107,ENSG00000122966,CIT,O14578,S,582,0.277481365908425
48112,ENSG00000196914,ARHGEF12,Q9NZN5,S,304,0.186325051322311
48116,ENSG00000162402,USP24,Q9UPU5,S,2588,0.147606297330669
48117,ENSG00000137478,FCHSD2,O94868,T,703,0.369139859906874
48118,ENSG00000100207,TCF20,Q9UGU0,S,1372,0.0799488551386507
48120,ENSG00000134852,CLOCK,O15516,S,441,0.257508618080798
48121,ENSG00000166925,TSC22D4,Q9Y3Q8,S,187,0.135485618606315
48122,ENSG00000134222,PSRC1,Q6PGN9,S,186,0.4428791236431
48124,ENSG00000138771,SHROOM3,Q8TF72,S,755,0.0562133664153025
48125,ENSG00000163092,XIRP2,A4UGR9,T,2606,0.114465935092785
48126,ENSG00000162981,FAM84A,Q96KN4,S,67,0.271970469651533
48127,ENSG00000006118,TMEM132A,Q24JP5,S,913,0.22137127523639
48128,ENSG00000168517,HEXIM2,Q96MH2,S,170,0.169754616184701
48129,ENSG00000175895,PLEKHF2,Q9H8W4,S,230,0.173014595833108
48130,ENSG00000054523,KIF1B,O60333,T,1075,0.208084166101672
48131,ENSG00000196935,SRGAP1,Q7Z6B7,S,1029,0.383586187056077
48135,ENSG00000137656,BUD13,Q9BRD0,S,18,0.491019698788133
48136,ENSG00000153404,PLEKHG4B,Q96PX9,S,729,0.165374976800433
48137,ENSG00000088970,KIZ,Q2M2Z5,S,439,0.319787608109722
48142,ENSG00000143569,UBAP2L,Q14157,S,360,0.284652900064913
48143,ENSG00000107862,GBF1,Q92538,S,349,0.276396174170682
48145,ENSG00000188807,TMEM201,Q5SNT2,S,480,0.29073600461328
48146,ENSG00000140682,TGFB1I1,O43294,S,83,0.136018172440846
48147,ENSG00000067057,PFKP,Q01813,S,21,0.275373701287237
48148,ENSG00000171723,GPHN,Q9NQX3,S,194,0.744055911582339
48150,ENSG00000118200,CAMSAP2,Q08AD1,S,970,0.391821864930081
48152,ENSG00000100227,POLDIP3,Q9BY77,S,44,0.287792983990651
48154,ENSG00000129170,CSRP3,P50461,T,82,0.133265648521019
48158,ENSG00000134757,DSG3,P32926,T,772,0.457327585477475
48160,ENSG00000172020,GAP43,P17677,S,131,0.122665752238966
48162,ENSG00000197381,ADARB1,P78563,T,740,0.434484399641106
48163,ENSG00000129534,MIS18BP1,Q6P0N0,S,1004,0.217523621923573
48164,ENSG00000101400,SNTA1,Q13424,S,101,0.535965152506657
48169,ENSG00000163159,VPS72,Q15906,S,129,0.310044279548153
48170,ENSG00000081019,RSBN1,Q6PCB5,S,96,0.227426982942353
48178,ENSG00000170921,TANC2,Q9HCD6,S,1824,0.271954662041203
48179,ENSG00000129595,EPB41L4A,Q9HCS5,S,334,0.219890471897921
48180,ENSG00000108262,GIT1,Q9Y2X7,S,508,0.428296467538122
48182,ENSG00000072786,STK10,O94804,S,450,0.369045877068264
48184,ENSG00000136068,FLNB,O75369,S,1912,0.0896835529267623
48186,ENSG00000136478,TEX2,Q8IWB9,S,538,0.145413861255009
48188,ENSG00000108262,GIT1,Q9Y2X7,S,577,0.394678509671103
48192,ENSG00000125386,FAM193A,P78312,S,302,0.144075215177788
48193,ENSG00000136153,LMO7,Q8WWI1,S,968,0.13749609734207
48194,ENSG00000198265,HELZ,P42694,S,1764,0.354185779534356
48195,ENSG00000124942,AHNAK,Q09666,T,218,0.22094750160487
48196,ENSG00000124570,SERPINB6,P35237,S,151,0.276330230251847
48199,ENSG00000188522,FAM83G,A6ND36,S,124,0.453305988395572
48200,ENSG00000198483,ANKRD35,Q8N283,S,881,0.196701105342163
48201,ENSG00000052126,PLEKHA5,Q9HAU0,S,357,0.183554574552679
48202,ENSG00000170776,AKAP13,Q12802,S,1540,0.0619875190224268
48203,ENSG00000090989,EXOC1,Q9NV70,S,487,0.504139176273277
48204,ENSG00000169641,LUZP1,Q86V48,S,801,0.24499591200491
48205,ENSG00000004897,CDC27,P30260,T,205,0.426580975120473
48206,ENSG00000172466,ZNF24,P17028,S,292,0.496348293361455
48207,ENSG00000004487,KDM1A,O60341,S,126,0.34392321060115
48209,ENSG00000129194,SOX15,O60248,S,37,0.325566784816702
48210,ENSG00000139990,DCAF5,Q96JK2,S,468,0.497755834258431
48211,ENSG00000131725,WDR44,Q5JSH3,S,572,0.0781125403292197
48212,ENSG00000073350,LLGL2,Q6P1M3,S,680,0.157210122625222
48213,ENSG00000158545,ZC3H18,Q86VM9,S,89,0.210991398836912
48216,ENSG00000116285,ERRFI1,Q9UJM3,S,256,0.335171525420566
